0 0.765625 0.9991666666666668 0.7618750000000001 0.9974999999999999 0.7612500000000001 0.9991666666666668 0.765625 0.9991666666666668
0 0.11125 0.9991666666666668 0.11187500000000002 0.9966666666666667 0.11374999999999999 0.9991666666666668 0.375625 0.9991666666666668 0.37750000000000006 0.9966666666666667 0.390625 0.9991666666666668 0.460625 0.9991666666666668 0.46375 0.9941666666666666 0.459375 0.9824999999999999 0.30562500000000004 0.9824999999999999 0.28625 0.9791666666666666 0.24312500000000004 0.9791666666666666 0.22562500000000002 0.9824999999999999 0.12125000000000001 0.9858333333333332 0.11625 0.9866666666666667 0.1125 0.9925 0.109375 0.9891666666666665 0.1 0.9875 0.09375 0.9908333333333333 0.059375 0.9883333333333333 0.051875000000000004 0.9916666666666666 0.051875000000000004 0.9991666666666668 0.11125 0.9991666666666668
0 0.24375 0.975 0.24562500000000004 0.9733333333333333 0.241875 0.9724999999999999 0.240625 0.9733333333333333 0.24375 0.975
0 0.17578125 0.28984375 0.00234375 0.00078125
0 0.16812500000000002 0.29166666666666663 0.169375 0.2891666666666667 0.1675 0.28833333333333333 0.16625 0.29 0.16812500000000002 0.29166666666666663
0 0.14765625 0.28359375 0.00078125 0.0015625
0 0.169375 0.2841666666666667 0.170625 0.27999999999999997 0.16812500000000002 0.27999999999999997 0.1675 0.2833333333333333 0.169375 0.2841666666666667
0 0.16875 0.2765625 0.0015625 0.00078125
0 0.17625000000000002 0.27666666666666667 0.175 0.27416666666666667 0.17312500000000003 0.275 0.17250000000000001 0.27666666666666667 0.17625000000000002 0.27666666666666667
0 0.15234375 0.27265625 0.00390625 0.0015625
0 0.026875 0.35833333333333334 0.023125 0.365 0.01625 0.36916666666666664 0.025 0.37333333333333335 0.029375000000000002 0.385 0.03875 0.39416666666666667 0.033125 0.4033333333333333 0.027500000000000004 0.43166666666666664 0.025625000000000002 0.4616666666666666 0.020625 0.47000000000000003 0.025 0.4725 0.045 0.4708333333333333 0.049375 0.4725 0.050624999999999996 0.4766666666666667 0.06375 0.4708333333333333 0.066875 0.4766666666666667 0.06625 0.48250000000000004 0.06312500000000001 0.48250000000000004 0.061250000000000006 0.48583333333333334 0.06375 0.48916666666666664 0.06625 0.48666666666666664 0.066875 0.48166666666666663 0.07250000000000001 0.48 0.07062500000000001 0.4725 0.074375 0.4725 0.079375 0.4683333333333334 0.08 0.465 0.084375 0.465 0.084375 0.46749999999999997 0.0875 0.4625 0.095 0.4608333333333333 0.099375 0.4616666666666666 0.10250000000000001 0.4658333333333333 0.11000000000000001 0.4608333333333333 0.12375 0.465 0.133125 0.4708333333333333 0.14187500000000003 0.47000000000000003 0.14250000000000002 0.465 0.14 0.4625 0.14625000000000002 0.45999999999999996 0.148125 0.4608333333333333 0.148125 0.4683333333333334 0.164375 0.4625 0.176875 0.4616666666666666 0.22062500000000002 0.45999999999999996 0.22687500000000002 0.46333333333333326 0.240625 0.4616666666666666 0.244375 0.4666666666666667 0.256875 0.4666666666666667 0.2725 0.4658333333333333 0.27625 0.4616666666666666 0.280625 0.4608333333333333 0.29375 0.4616666666666666 0.29875 0.47000000000000003 0.30875 0.47000000000000003 0.3075 0.4666666666666667 0.31062500000000004 0.465 0.313125 0.4658333333333333 0.314375 0.47000000000000003 0.335 0.4708333333333333 0.34125 0.4725 0.34375 0.4766666666666667 0.35625 0.475 0.356875 0.47000000000000003 0.3625 0.4741666666666666 0.36375 0.4658333333333333 0.37062500000000004 0.4691666666666666 0.37312500000000004 0.4741666666666666 0.38312500000000005 0.475 0.396875 0.4708333333333333 0.41000000000000003 0.47750000000000004 0.42374999999999996 0.47750000000000004 0.4287500000000001 0.48 0.460625 0.48 0.46375 0.4766666666666667 0.460625 0.46333333333333326 0.459375 0.42833333333333334 0.45437500000000003 0.40750000000000003 0.4625 0.37916666666666665 0.45187499999999997 0.37583333333333335 0.44875 0.3725 0.44625000000000004 0.355 0.4325 0.3075 0.41125 0.30333333333333334 0.40750000000000003 0.2966666666666667 0.40499999999999997 0.28250000000000003 0.40062500000000006 0.2783333333333333 0.388125 0.275 0.375625 0.2758333333333333 0.36750000000000005 0.28250000000000003 0.36062500000000003 0.29833333333333334 0.34750000000000003 0.3 0.3375 0.2991666666666667 0.33 0.28583333333333333 0.33 0.27666666666666667 0.3275 0.2733333333333333 0.31812500000000005 0.27083333333333337 0.301875 0.2725 0.291875 0.28250000000000003 0.28625 0.29500000000000004 0.27625 0.29500000000000004 0.2775 0.28583333333333333 0.2725 0.2758333333333333 0.265625 0.2683333333333333 0.26 0.27083333333333337 0.25 0.2683333333333333 0.248125 0.27083333333333337 0.236875 0.26749999999999996 0.22749999999999998 0.26916666666666667 0.213125 0.2925 0.19437500000000002 0.29083333333333333 0.1875 0.2875 0.185625 0.29083333333333333 0.178125 0.29166666666666663 0.17625000000000002 0.29583333333333334 0.16625 0.29333333333333333 0.16125 0.29583333333333334 0.15750000000000003 0.2925 0.15 0.29500000000000004 0.14750000000000002 0.2866666666666667 0.14500000000000002 0.29166666666666663 0.14125000000000001 0.29333333333333333 0.115625 0.29166666666666663 0.11187500000000002 0.28500000000000003 0.10500000000000001 0.28250000000000003 0.10562500000000001 0.275 0.09187500000000001 0.2725 0.08812500000000001 0.27749999999999997 0.084375 0.27416666666666667 0.079375 0.2791666666666667 0.076875 0.29 0.07125000000000001 0.29166666666666663 0.068125 0.2966666666666667 0.06000000000000001 0.2925 0.04875 0.29333333333333333 0.043125000000000004 0.2966666666666667 0.03875 0.30833333333333335 0.029375000000000002 0.3408333333333333 0.026875 0.35833333333333334
0 0.19937500000000002 0.2758333333333333 0.19812500000000002 0.28250000000000003 0.20249999999999999 0.28500000000000003 0.203125 0.2758333333333333 0.19937500000000002 0.27083333333333337 0.19812500000000002 0.27416666666666667 0.195625 0.2725 0.19625 0.26749999999999996 0.19125 0.265 0.1925 0.27 0.19937500000000002 0.2758333333333333
0 0.8606250000000001 0.6191666666666666 0.859375 0.6183333333333334 0.85875 0.62 0.8606250000000001 0.6191666666666666
0 0.838125 0.5608333333333333 0.835 0.5808333333333333 0.838125 0.585 0.8525 0.5866666666666667 0.8606250000000001 0.5733333333333334 0.86 0.5599999999999999 0.8637500000000001 0.5533333333333333 0.86625 0.5391666666666667 0.868125 0.51 0.86625 0.49833333333333335 0.8631249999999999 0.4958333333333333 0.8487500000000001 0.4958333333333333 0.8418750000000002 0.5083333333333333 0.8418750000000002 0.515 0.834375 0.525 0.83125 0.5391666666666667 0.83125 0.5549999999999999 0.838125 0.5608333333333333
0 0.86625 0.22749999999999998 0.8724999999999999 0.2341666666666667 0.8800000000000001 0.2375 0.889375 0.23583333333333334 0.8950000000000001 0.22999999999999998 0.8950000000000001 0.22416666666666668 0.9012500000000001 0.22000000000000003 0.9106250000000001 0.2308333333333333 0.9181250000000001 0.2325 0.925 0.23833333333333334 0.943125 0.23833333333333334 0.95 0.225 0.9575000000000001 0.22166666666666668 0.96125 0.22416666666666668 0.96875 0.22333333333333333 0.976875 0.24 0.9943750000000001 0.23916666666666667 0.996875 0.2375 0.996875 0.22333333333333333 0.999375 0.22166666666666668 0.9943750000000001 0.1875 0.9950000000000001 0.17833333333333332 0.999375 0.17583333333333334 0.999375 0.13 0.9943750000000001 0.12333333333333334 0.9881250000000001 0.12333333333333334 0.9762500000000001 0.13 0.9631250000000001 0.14583333333333331 0.946875 0.12583333333333332 0.9393750000000001 0.12250000000000001 0.928125 0.12250000000000001 0.9181250000000001 0.12833333333333333 0.9081250000000001 0.14166666666666666 0.89 0.14333333333333334 0.8787499999999999 0.15416666666666667 0.8724999999999999 0.17083333333333334 0.8724999999999999 0.18583333333333335 0.8825000000000001 0.195 0.8825000000000001 0.19749999999999998 0.8793750000000001 0.19916666666666666 0.88125 0.20249999999999999 0.8700000000000001 0.205 0.865625 0.21083333333333334 0.8643750000000001 0.22000000000000003 0.86625 0.22749999999999998
0 0.39875000000000005 0.8766666666666666 0.40375000000000005 0.8766666666666666 0.40625 0.8733333333333333 0.4025 0.8699999999999999 0.398125 0.8708333333333333 0.395625 0.8733333333333333 0.39875000000000005 0.8766666666666666
0 0.38 0.8658333333333333 0.3822 0.8669 0.38125 0.865 0.38 0.8658333333333333
0 0.38625000000000004 0.8658333333333333 0.3829891304347826 0.8672826086956521 0.386875 0.8691666666666666 0.38625000000000004 0.8658333333333333
0 0.355625 0.8716666666666667 0.356875 0.865 0.354375 0.8633333333333333 0.35125 0.8658333333333333 0.355625 0.8716666666666667
0 0.41125 0.8683333333333334 0.41187500000000005 0.8616666666666667 0.409375 0.8591666666666666 0.40875000000000006 0.8658333333333333 0.41125 0.8683333333333334
0 0.44453125 0.85234375 0.00390625 0.00078125
0 0.140625 0.8484375 0.0015625 0.00078125
0 0.036875000000000005 0.8691666666666666 0.038125000000000006 0.875 0.06375 0.8716666666666667 0.0675 0.8800000000000001 0.07250000000000001 0.8699999999999999 0.07875000000000001 0.8699999999999999 0.08125 0.8666666666666666 0.08812500000000001 0.8666666666666666 0.09125000000000001 0.8766666666666666 0.09625 0.8758333333333332 0.09875 0.8724999999999999 0.098125 0.8699999999999999 0.10124999999999999 0.8683333333333334 0.10562500000000001 0.8758333333333332 0.1125 0.8783333333333333 0.115625 0.875 0.11937500000000001 0.8758333333333332 0.125 0.8675 0.134375 0.8616666666666667 0.13687500000000002 0.8441666666666666 0.14125000000000001 0.8441666666666666 0.144375 0.8483333333333333 0.145625 0.8550000000000001 0.14250000000000002 0.8591666666666666 0.149375 0.8616666666666667 0.14750000000000002 0.8658333333333333 0.153125 0.8675 0.15750000000000003 0.86 0.16062500000000002 0.8625 0.16125 0.8666666666666666 0.16312500000000002 0.8633333333333333 0.171875 0.8616666666666667 0.175 0.8683333333333334 0.19312500000000002 0.8683333333333334 0.20625 0.8616666666666667 0.21000000000000002 0.8625 0.213125 0.8574999999999999 0.22375000000000003 0.8591666666666666 0.22687500000000002 0.8566666666666667 0.241875 0.8566666666666667 0.24500000000000002 0.8608333333333332 0.25 0.8625 0.261875 0.86 0.27375000000000005 0.8616666666666667 0.28250000000000003 0.8583333333333334 0.28687500000000005 0.8616666666666667 0.293125 0.8550000000000001 0.2975 0.8583333333333334 0.29937500000000006 0.8625 0.29812500000000003 0.8658333333333333 0.3 0.8675 0.303125 0.865 0.31812500000000005 0.8675 0.32625000000000004 0.8625 0.33125 0.8541666666666666 0.338125 0.8508333333333333 0.34125 0.8541666666666666 0.34 0.86 0.34500000000000003 0.8641666666666665 0.350625 0.8591666666666666 0.35125 0.8550000000000001 0.356875 0.8541666666666666 0.35875 0.8474999999999999 0.364375 0.8541666666666666 0.37312500000000004 0.8574999999999999 0.374375 0.8541666666666666 0.38125 0.8508333333333333 0.38312500000000005 0.8408333333333333 0.3925 0.8425 0.396875 0.8491666666666667 0.40437500000000004 0.85 0.40437500000000004 0.8358333333333332 0.40750000000000003 0.8316666666666667 0.41125 0.8433333333333334 0.4175 0.8441666666666666 0.418125 0.85 0.41875 0.8441666666666666 0.4287500000000001 0.8433333333333334 0.43562500000000004 0.8391666666666666 0.445 0.8416666666666666 0.45 0.8375 0.45625 0.8383333333333333 0.459375 0.8316666666666667 0.45625 0.8258333333333333 0.4525 0.8266666666666665 0.45062500000000005 0.8241666666666667 0.45125000000000004 0.8183333333333334 0.45687500000000003 0.8074999999999999 0.45499999999999996 0.8033333333333333 0.45625 0.7933333333333333 0.45375000000000004 0.7899999999999999 0.41875 0.7849999999999999 0.40875000000000006 0.7849999999999999 0.40062500000000006 0.7899999999999999 0.375625 0.7875 0.37062500000000004 0.7841666666666667 0.32875 0.7875 0.2125 0.7841666666666667 0.17625000000000002 0.7883333333333333 0.164375 0.7858333333333334 0.135 0.7875 0.110625 0.7916666666666667 0.084375 0.7891666666666667 0.07062500000000001 0.7908333333333333 0.064375 0.7966666666666666 0.05375 0.7958333333333333 0.048125 0.7991666666666666 0.045 0.805 0.04 0.8366666666666667 0.03875 0.8641666666666665 0.036875000000000005 0.8691666666666666
0 0.31812500000000005 0.7058333333333333 0.31375000000000003 0.7008333333333333 0.3125 0.7024999999999999 0.313125 0.7075 0.31812500000000005 0.7058333333333333
0 0.8450000000000001 0.8866666666666667 0.8450000000000001 0.8933333333333333 0.8481250000000001 0.8966666666666667 0.8481250000000001 0.9075 0.853125 0.9183333333333333 0.8625 0.925 0.8724999999999999 0.9225 0.8793750000000001 0.9241666666666667 0.8862500000000001 0.9175000000000001 0.9 0.9208333333333334 0.905625 0.9275 0.906875 0.9366666666666668 0.9175000000000001 0.9458333333333334 0.9943750000000001 0.9366666666666668 0.996875 0.9349999999999999 0.9975000000000002 0.9283333333333333 0.999375 0.9275 0.999375 0.8525 0.9693750000000001 0.8533333333333333 0.9543750000000001 0.8566666666666667 0.9387500000000001 0.8516666666666666 0.9349999999999999 0.8541666666666666 0.9262500000000001 0.8541666666666666 0.9125 0.8616666666666667 0.89125 0.8683333333333334 0.883125 0.8683333333333334 0.8668750000000001 0.8608333333333332 0.8456250000000001 0.8616666666666667 0.8418750000000002 0.8666666666666666 0.840625 0.875 0.8450000000000001 0.8866666666666667
0 0.027500000000000004 0.6683333333333333 0.01875 0.6833333333333333 0.024375 0.6891666666666667 0.050624999999999996 0.6875 0.055625 0.6925 0.056874999999999995 0.6975 0.06000000000000001 0.6975 0.060625000000000005 0.6925 0.06375 0.6891666666666667 0.07125000000000001 0.6908333333333333 0.08125 0.6816666666666666 0.096875 0.6775 0.10625 0.6791666666666667 0.11187500000000002 0.6758333333333333 0.1325 0.6825 0.14375 0.6808333333333334 0.15687500000000001 0.6833333333333333 0.18125 0.6799999999999999 0.24375 0.6808333333333334 0.254375 0.6783333333333333 0.3625 0.6825 0.369375 0.6791666666666667 0.38375000000000004 0.6783333333333333 0.386875 0.67 0.395625 0.6783333333333333 0.418125 0.6791666666666667 0.43125 0.6841666666666667 0.44312500000000005 0.6849999999999999 0.4600000000000001 0.6849999999999999 0.464375 0.6825 0.46687500000000004 0.6758333333333333 0.46687500000000004 0.67 0.46125 0.6516666666666666 0.46125 0.6291666666666667 0.4575 0.6058333333333333 0.45687500000000003 0.5841666666666667 0.441875 0.5858333333333333 0.42625 0.5825 0.4 0.5816666666666667 0.37625000000000003 0.585 0.36375 0.58 0.306875 0.5833333333333333 0.3 0.5791666666666667 0.284375 0.5766666666666667 0.27 0.5808333333333333 0.24375 0.5808333333333333 0.24125000000000002 0.5833333333333333 0.225 0.5783333333333334 0.175 0.5816666666666667 0.171875 0.585 0.154375 0.5783333333333334 0.1375 0.58 0.13 0.5833333333333333 0.128125 0.5808333333333333 0.11625 0.5808333333333333 0.103125 0.585 0.0925 0.5816666666666667 0.080625 0.5816666666666667 0.068125 0.585 0.060625000000000005 0.6008333333333333 0.051250000000000004 0.5974999999999999 0.043125000000000004 0.5991666666666666 0.036250000000000004 0.615 0.028125 0.6566666666666666 0.027500000000000004 0.6683333333333333
0 0.3325 0.38166666666666665 0.33062500000000006 0.37916666666666665 0.33062500000000006 0.38166666666666665 0.3325 0.38166666666666665
0 0.025625000000000002 0.4341666666666667 0.023125 0.45999999999999996 0.015625 0.4666666666666667 0.013750000000000002 0.47333333333333333 0.04375 0.4741666666666666 0.051875000000000004 0.4925 0.055625 0.4958333333333333 0.07250000000000001 0.495 0.07625000000000001 0.48666666666666664 0.076875 0.4766666666666667 0.08 0.4725 0.1075 0.4708333333333333 0.110625 0.4683333333333334 0.12000000000000002 0.4741666666666666 0.1325 0.4766666666666667 0.16687500000000002 0.47000000000000003 0.27125000000000005 0.4708333333333333 0.27937500000000004 0.47333333333333333 0.293125 0.4716666666666667 0.31062500000000004 0.48083333333333333 0.32062500000000005 0.475 0.32625000000000004 0.4758333333333333 0.3275 0.47750000000000004 0.325 0.48083333333333333 0.32937500000000003 0.4875 0.333125 0.48916666666666664 0.33687500000000004 0.48916666666666664 0.338125 0.4833333333333333 0.34750000000000003 0.47833333333333333 0.35625 0.48 0.40062500000000006 0.4766666666666667 0.410625 0.48166666666666663 0.421875 0.48 0.45437500000000003 0.4833333333333333 0.46187500000000004 0.4833333333333333 0.46687500000000004 0.48 0.46687500000000004 0.47333333333333333 0.46187500000000004 0.4616666666666666 0.458125 0.4125 0.45375000000000004 0.3975 0.45499999999999996 0.39249999999999996 0.449375 0.38583333333333336 0.405625 0.38583333333333336 0.38062500000000005 0.38166666666666665 0.3725 0.38416666666666666 0.36312500000000003 0.3783333333333333 0.34187500000000004 0.3783333333333333 0.334375 0.38416666666666666 0.32062500000000005 0.3875 0.31375000000000003 0.37916666666666665 0.30375 0.3808333333333333 0.295625 0.37583333333333335 0.273125 0.375 0.2675 0.3783333333333333 0.26125000000000004 0.3908333333333333 0.240625 0.39249999999999996 0.236875 0.39 0.23562500000000003 0.38333333333333336 0.22937500000000002 0.37333333333333335 0.21625 0.3725 0.2 0.375 0.1975 0.37666666666666665 0.1925 0.3883333333333333 0.18 0.38916666666666666 0.174375 0.38416666666666666 0.171875 0.38583333333333336 0.17312500000000003 0.39 0.17 0.3908333333333333 0.16 0.37416666666666665 0.14 0.37333333333333335 0.12875 0.37583333333333335 0.12250000000000001 0.38583333333333336 0.11500000000000002 0.3908333333333333 0.10562500000000001 0.38666666666666666 0.10375000000000001 0.38416666666666666 0.10500000000000001 0.38 0.10187500000000001 0.3775 0.09875 0.3775 0.095 0.38166666666666665 0.08625000000000001 0.37416666666666665 0.08125 0.37333333333333335 0.061875 0.3783333333333333 0.06000000000000001 0.38 0.061250000000000006 0.38666666666666666 0.05625 0.3908333333333333 0.050624999999999996 0.39416666666666667 0.036250000000000004 0.39416666666666667 0.0325 0.4 0.031875 0.41 0.025625000000000002 0.4341666666666667
0 0.023125 0.15916666666666665 0.026875 0.16416666666666666 0.0325 0.1825 0.045 0.18833333333333332 0.05437500000000001 0.18583333333333335 0.066875 0.16666666666666669 0.07625000000000001 0.16333333333333333 0.0875 0.16666666666666669 0.095 0.18416666666666665 0.11500000000000002 0.18916666666666665 0.12000000000000002 0.18916666666666665 0.1275 0.16833333333333333 0.135 0.16416666666666666 0.15125000000000002 0.1625 0.15687500000000001 0.16499999999999998 0.16375 0.175 0.174375 0.17833333333333332 0.178125 0.18583333333333335 0.1875 0.18916666666666665 0.190625 0.18666666666666668 0.19937500000000002 0.16583333333333333 0.22375000000000003 0.16416666666666666 0.2325 0.17333333333333334 0.23500000000000001 0.18583333333333335 0.238125 0.18833333333333332 0.259375 0.19 0.26875 0.16999999999999998 0.28250000000000003 0.1675 0.29375 0.17083333333333334 0.30125 0.17916666666666667 0.306875 0.19083333333333333 0.3175 0.19 0.3275 0.19416666666666665 0.3325 0.1875 0.33375000000000005 0.17916666666666667 0.338125 0.17416666666666666 0.36 0.17166666666666666 0.37125 0.17833333333333332 0.37625000000000003 0.19916666666666666 0.38625000000000004 0.19666666666666666 0.3975 0.19916666666666666 0.40125 0.18833333333333332 0.40687500000000004 0.18 0.42562500000000003 0.17916666666666667 0.434375 0.1875 0.43624999999999997 0.1925 0.43562500000000004 0.19916666666666666 0.43875000000000003 0.20249999999999999 0.45437500000000003 0.20416666666666666 0.4600000000000001 0.2 0.464375 0.17166666666666666 0.46375 0.1675 0.4575 0.15916666666666665 0.45625 0.145 0.44625000000000004 0.13666666666666666 0.43562500000000004 0.09666666666666666 0.43187500000000006 0.09166666666666666 0.4175 0.08833333333333333 0.41125 0.07416666666666667 0.40437500000000004 0.06583333333333333 0.39125 0.058333333333333334 0.38312500000000005 0.059166666666666666 0.37375 0.06416666666666666 0.36062500000000003 0.08166666666666667 0.35125 0.08166666666666667 0.343125 0.08 0.3325 0.0625 0.3175 0.05500000000000001 0.30812500000000004 0.05500000000000001 0.29937500000000006 0.058333333333333334 0.28875 0.06999999999999999 0.28687500000000005 0.07666666666666666 0.28250000000000003 0.0775 0.271875 0.07583333333333334 0.26812500000000006 0.06833333333333333 0.259375 0.059166666666666666 0.24937500000000004 0.052500000000000005 0.24000000000000005 0.05083333333333333 0.23312500000000003 0.052500000000000005 0.22312500000000002 0.06083333333333333 0.21750000000000003 0.0725 0.213125 0.07666666666666666 0.19937500000000002 0.07166666666666667 0.19625 0.06333333333333332 0.190625 0.056666666666666664 0.171875 0.04583333333333333 0.165 0.04583333333333333 0.155625 0.05 0.14375 0.0625 0.14 0.07166666666666667 0.12687500000000002 0.06999999999999999 0.12000000000000002 0.059166666666666666 0.1075 0.05 0.08875000000000001 0.04666666666666667 0.080625 0.05 0.07312500000000001 0.056666666666666664 0.06375 0.07416666666666667 0.058125 0.07166666666666667 0.04 0.07416666666666667 0.023125 0.13666666666666666 0.02 0.13999999999999999 0.0075000000000000015 0.14416666666666667 0.00875 0.15083333333333332 0.023125 0.15916666666666665
0 0.87265625 0.9984375 0.00078125 0.00078125
0 0.061875 0.9991666666666668 0.06000000000000001 0.9974999999999999 0.059375 0.9991666666666668 0.061875 0.9991666666666668
0 0.47750000000000004 0.9991666666666668 0.52625 0.9991666666666668 0.528125 0.9966666666666667 0.54375 0.9991666666666668 0.58375 0.9991666666666668 0.588125 0.9958333333333333 0.5956250000000001 0.9966666666666667 0.6006250000000001 0.9941666666666666 0.6143750000000001 0.9949999999999999 0.6212500000000001 0.9966666666666667 0.6225 0.9991666666666668 0.665625 0.9949999999999999 0.6831250000000001 0.9958333333333333 0.6881250000000001 0.9991666666666668 0.715625 0.9991666666666668 0.72 0.9958333333333333 0.735625 0.9949999999999999 0.745 0.9958333333333333 0.74875 0.9991666666666668 0.77 0.9991666666666668 0.77375 0.9958333333333333 0.7818750000000001 0.9941666666666666 0.7825 0.9883333333333333 0.79 0.99 0.7887500000000001 0.9941666666666666 0.79625 0.9933333333333334 0.80375 0.9958333333333333 0.80625 0.9991666666666668 0.853125 0.9949999999999999 0.8474999999999999 0.9808333333333333 0.849375 0.97 0.8474999999999999 0.9550000000000001 0.85 0.9491666666666667 0.8412499999999999 0.9458333333333334 0.828125 0.9483333333333333 0.7725000000000001 0.9458333333333334 0.7675000000000001 0.9491666666666667 0.691875 0.95 0.650625 0.9550000000000001 0.64 0.95 0.6368750000000001 0.9541666666666666 0.619375 0.9541666666666666 0.6118750000000001 0.9583333333333334 0.6056250000000001 0.9583333333333334 0.601875 0.9541666666666666 0.5943750000000001 0.9525 0.5806250000000001 0.9574999999999999 0.550625 0.9608333333333332 0.545625 0.9591666666666667 0.53 0.9625 0.49750000000000005 0.9625 0.47625 0.9675 0.47437500000000005 0.97 0.47437500000000005 0.9816666666666667 0.47000000000000003 0.9841666666666666 0.46875 0.9941666666666666 0.47750000000000004 0.9991666666666668
0 0.46937500000000004 0.63 0.47062499999999996 0.6649999999999999 0.47250000000000003 0.6725 0.47750000000000004 0.6758333333333333 0.49312500000000004 0.6733333333333333 0.510625 0.675 0.5318750000000001 0.6691666666666667 0.55125 0.6675 0.5925 0.6675 0.61875 0.6625 0.6368750000000001 0.6658333333333333 0.6787500000000001 0.6625 0.7518750000000001 0.6649999999999999 0.75625 0.6683333333333333 0.7575000000000001 0.675 0.7618750000000001 0.6799999999999999 0.7706250000000001 0.6825 0.77625 0.6816666666666666 0.780625 0.6708333333333333 0.785625 0.6658333333333333 0.8075000000000001 0.6649999999999999 0.818125 0.6708333333333333 0.820625 0.6849999999999999 0.82875 0.6858333333333333 0.838125 0.6833333333333333 0.844375 0.6683333333333333 0.8625 0.6691666666666667 0.869375 0.6649999999999999 0.869375 0.6616666666666666 0.8618750000000001 0.6491666666666667 0.8606250000000001 0.635 0.8575000000000002 0.6266666666666667 0.86 0.6183333333333334 0.85375 0.6083333333333333 0.85375 0.5983333333333334 0.8512500000000001 0.5925 0.8462500000000001 0.5866666666666667 0.835 0.5858333333333333 0.8225 0.5808333333333333 0.806875 0.5825 0.798125 0.5875 0.775625 0.5866666666666667 0.7706250000000001 0.5816666666666667 0.758125 0.5791666666666667 0.749375 0.5791666666666667 0.7418750000000001 0.5825 0.716875 0.5816666666666667 0.6993750000000001 0.5758333333333333 0.684375 0.5766666666666667 0.6787500000000001 0.58 0.6568750000000001 0.58 0.64625 0.5766666666666667 0.624375 0.5775 0.61875 0.58 0.5900000000000001 0.58 0.565625 0.5766666666666667 0.5575 0.58 0.534375 0.58 0.53 0.5825 0.5050000000000001 0.58 0.49437500000000006 0.5875 0.4875 0.5891666666666666 0.480625 0.5866666666666667 0.47750000000000004 0.5916666666666667 0.475 0.6166666666666667 0.46937500000000004 0.63
0 0.8474999999999999 0.7008333333333333 0.8512500000000001 0.7066666666666667 0.8512500000000001 0.7175 0.8568749999999999 0.7383333333333333 0.8731250000000002 0.755 0.8768750000000001 0.7683333333333333 0.8800000000000001 0.7725 0.89875 0.7758333333333333 0.9043750000000002 0.7733333333333333 0.9337500000000001 0.7708333333333333 0.9393750000000001 0.7675 0.976875 0.7666666666666667 0.999375 0.7625 0.999375 0.6833333333333333 0.996875 0.6816666666666666 0.9943750000000001 0.67 0.959375 0.6758333333333333 0.95375 0.6791666666666667 0.92125 0.6799999999999999 0.91625 0.6833333333333333 0.9043750000000002 0.6816666666666666 0.905 0.6858333333333333 0.8943749999999999 0.6875 0.878125 0.6858333333333333 0.8668750000000001 0.6775 0.8625 0.6791666666666667 0.85625 0.6733333333333333 0.8456250000000001 0.675 0.8456250000000001 0.6925 0.8474999999999999 0.7008333333333333
0 0.885 0.19166666666666668 0.8868750000000001 0.20166666666666666 0.883125 0.2058333333333333 0.8700000000000001 0.20916666666666667 0.865625 0.22083333333333335 0.86625 0.22666666666666666 0.871875 0.2375 0.869375 0.25166666666666665 0.8724999999999999 0.27666666666666667 0.875625 0.2841666666666667 0.883125 0.29166666666666663 0.885 0.30083333333333334 0.88125 0.30666666666666664 0.89375 0.3075 0.8975 0.30083333333333334 0.903125 0.29833333333333334 0.9225 0.2991666666666667 0.9293750000000001 0.30333333333333334 0.95375 0.30333333333333334 0.95625 0.30083333333333334 0.9606250000000001 0.3025 0.9668750000000002 0.29833333333333334 0.9706250000000001 0.3025 0.9912500000000002 0.3 0.9893750000000001 0.29583333333333334 0.99375 0.29166666666666663 0.9956250000000001 0.2841666666666667 0.9950000000000001 0.24083333333333332 0.999375 0.2341666666666667 0.996875 0.22916666666666666 0.9975000000000002 0.21666666666666665 0.9943750000000001 0.195 0.9918750000000001 0.18916666666666665 0.9925 0.17833333333333332 0.9962500000000001 0.175 0.9956250000000001 0.14750000000000002 0.99375 0.13999999999999999 0.9975000000000002 0.13333333333333333 0.9943750000000001 0.12583333333333332 0.9862500000000001 0.12583333333333332 0.976875 0.13166666666666665 0.9631250000000001 0.15 0.95625 0.1375 0.945625 0.12583333333333332 0.92875 0.12333333333333334 0.9181250000000001 0.13 0.914375 0.135 0.9137500000000001 0.1408333333333333 0.9087500000000001 0.14416666666666667 0.8925000000000001 0.14333333333333334 0.8868750000000001 0.14666666666666667 0.8800000000000001 0.15416666666666667 0.8762500000000001 0.16333333333333333 0.875 0.1825 0.885 0.19166666666666668
0 0.8487500000000001 0.6991666666666666 0.851875 0.7041666666666667 0.853125 0.7166666666666667 0.8575000000000002 0.7241666666666666 0.858125 0.7366666666666666 0.8637500000000001 0.745 0.8712500000000001 0.75 0.875 0.7583333333333333 0.8731250000000002 0.7649999999999999 0.875625 0.7766666666666666 0.874375 0.78 0.86875 0.7791666666666667 0.8700000000000001 0.775 0.86625 0.7683333333333333 0.8556250000000001 0.7733333333333333 0.8556250000000001 0.7783333333333333 0.858125 0.7816666666666666 0.8568749999999999 0.7899999999999999 0.85875 0.7958333333333333 0.859375 0.8141666666666666 0.865625 0.835 0.871875 0.8433333333333334 0.8731250000000002 0.8508333333333333 0.8800000000000001 0.8583333333333334 0.8793750000000001 0.8625 0.8868750000000001 0.8633333333333333 0.8868750000000001 0.8574999999999999 0.8943749999999999 0.8566666666666667 0.9 0.8491666666666667 0.903125 0.85 0.905 0.8558333333333333 0.915625 0.8566666666666667 0.92125 0.8508333333333333 0.9393750000000001 0.8483333333333333 0.9425000000000001 0.8458333333333334 0.95375 0.85 0.9575000000000001 0.85 0.95875 0.8474999999999999 0.9631250000000001 0.85 0.976875 0.8474999999999999 0.983125 0.8491666666666667 0.99 0.8474999999999999 0.996875 0.8416666666666666 0.9962500000000001 0.8366666666666667 0.999375 0.8316666666666667 0.999375 0.8208333333333334 0.996875 0.8175000000000001 0.9950000000000001 0.7958333333333333 0.9893750000000001 0.7775 0.99 0.7683333333333333 0.999375 0.7583333333333333 0.999375 0.7508333333333332 0.996875 0.7483333333333333 0.996875 0.7258333333333333 0.990625 0.72 0.999375 0.7158333333333333 0.999375 0.7016666666666667 0.996875 0.6983333333333334 0.99375 0.6675 0.9943750000000001 0.655 0.9868750000000001 0.6533333333333333 0.9806250000000001 0.6666666666666667 0.971875 0.6691666666666667 0.9650000000000001 0.6691666666666667 0.9631250000000001 0.6616666666666666 0.9493750000000001 0.6591666666666667 0.9418750000000001 0.6591666666666667 0.9387500000000001 0.6641666666666667 0.930625 0.6641666666666667 0.9275 0.6683333333333333 0.921875 0.6691666666666667 0.9181250000000001 0.6558333333333334 0.915 0.6583333333333333 0.9137500000000001 0.6658333333333333 0.9037499999999999 0.6649999999999999 0.905 0.675 0.900625 0.675 0.8975 0.6708333333333333 0.8918750000000001 0.6758333333333333 0.883125 0.6766666666666666 0.8775000000000001 0.6683333333333333 0.8787499999999999 0.6633333333333333 0.881875 0.6608333333333334 0.88125 0.6583333333333333 0.8731250000000002 0.6508333333333333 0.8762500000000001 0.6683333333333333 0.8712500000000001 0.675 0.8724999999999999 0.6849999999999999 0.86625 0.6808333333333334 0.851875 0.6833333333333333 0.8487500000000001 0.6916666666666667 0.8487500000000001 0.6991666666666666
0 0.8618750000000001 0.5991666666666666 0.86625 0.6008333333333333 0.8625 0.5941666666666666 0.85875 0.5966666666666667 0.859375 0.6025 0.8618750000000001 0.5991666666666666
0 0.86625 0.6358333333333334 0.8731250000000002 0.635 0.8787499999999999 0.6408333333333334 0.8825000000000001 0.6491666666666667 0.890625 0.6483333333333333 0.89375 0.6433333333333333 0.896875 0.6475 0.9012500000000001 0.6475 0.903125 0.6366666666666666 0.90625 0.635 0.90625 0.6475 0.9112500000000001 0.6516666666666666 0.91625 0.6475 0.928125 0.6566666666666666 0.9356250000000002 0.6516666666666666 0.9493750000000001 0.655 0.946875 0.6433333333333333 0.9512500000000002 0.64 0.9481250000000001 0.6366666666666666 0.946875 0.63 0.9493750000000001 0.6283333333333333 0.9543750000000001 0.6325000000000001 0.959375 0.6275000000000001 0.9631250000000001 0.63 0.9581250000000001 0.6483333333333333 0.9631250000000001 0.6541666666666667 0.9700000000000001 0.6483333333333333 0.9775 0.6508333333333333 0.9943750000000001 0.6475 0.9962500000000001 0.6416666666666667 0.9950000000000001 0.6025 0.993125 0.5958333333333333 0.9943750000000001 0.5866666666666667 0.9862500000000001 0.5883333333333333 0.98125 0.5941666666666666 0.9775 0.5933333333333334 0.976875 0.5883333333333333 0.9700000000000001 0.5883333333333333 0.9668750000000002 0.5966666666666667 0.9637500000000001 0.5900000000000001 0.959375 0.5866666666666667 0.94625 0.5875 0.93625 0.5941666666666666 0.9325000000000001 0.5916666666666667 0.9181250000000001 0.5916666666666667 0.915 0.6016666666666667 0.91625 0.6091666666666666 0.9106250000000001 0.6191666666666666 0.906875 0.6183333333333334 0.90625 0.6041666666666667 0.900625 0.595 0.889375 0.5933333333333334 0.8800000000000001 0.6033333333333333 0.869375 0.6041666666666667 0.8637500000000001 0.6158333333333333 0.8631249999999999 0.6266666666666667 0.86625 0.6358333333333334
0 0.9984375 0.71640625 0.0015625 0.00078125
0 0.999375 0.7116666666666667 0.9981250000000002 0.705 0.9975000000000002 0.7108333333333333 0.999375 0.7116666666666667
0 0.8568749999999999 0.62 0.8606250000000001 0.6291666666666667 0.86 0.6425 0.8637500000000001 0.6533333333333333 0.869375 0.6566666666666666 0.871875 0.6625 0.871875 0.6708333333333333 0.869375 0.675 0.8706250000000001 0.6783333333333333 0.8800000000000001 0.6866666666666666 0.8975 0.6883333333333332 0.905625 0.6841666666666667 0.9581250000000001 0.6775 0.9875 0.6783333333333333 0.9956250000000001 0.6708333333333333 0.9962500000000001 0.6633333333333333 0.999375 0.6591666666666667 0.999375 0.6166666666666667 0.996875 0.6133333333333333 0.996875 0.5883333333333333 0.9943750000000001 0.5833333333333333 0.975 0.5841666666666667 0.9693750000000001 0.5866666666666667 0.9550000000000001 0.5841666666666667 0.905625 0.5916666666666667 0.8868750000000001 0.5916666666666667 0.8787499999999999 0.5866666666666667 0.8724999999999999 0.5883333333333333 0.8625 0.5775 0.8631249999999999 0.58 0.8556250000000001 0.585 0.8525 0.595 0.8568749999999999 0.62
0 0.053125 0.7175 0.0425 0.76 0.024375 0.7825 0.024375 0.7883333333333333 0.028125 0.7925 0.06375 0.7941666666666667 0.07875000000000001 0.7883333333333333 0.1125 0.7899999999999999 0.16062500000000002 0.7849999999999999 0.19 0.7875 0.20625 0.7833333333333333 0.25875000000000004 0.7849999999999999 0.26937500000000003 0.7825 0.30125 0.7841666666666667 0.3175 0.7883333333333333 0.36312500000000003 0.7825 0.3825 0.7875 0.42562500000000003 0.7841666666666667 0.45375000000000004 0.7883333333333333 0.46187500000000004 0.7858333333333334 0.464375 0.7808333333333334 0.464375 0.7608333333333334 0.460625 0.7283333333333333 0.45437500000000003 0.7191666666666666 0.448125 0.6925 0.4443750000000001 0.6883333333333332 0.436875 0.6883333333333332 0.425 0.6833333333333333 0.388125 0.6833333333333333 0.38312500000000005 0.6808333333333334 0.34875 0.6841666666666667 0.29625 0.6783333333333333 0.29000000000000004 0.6808333333333334 0.22875 0.6808333333333334 0.22125 0.6841666666666667 0.21625 0.6808333333333334 0.181875 0.6808333333333334 0.153125 0.6858333333333333 0.145625 0.6808333333333334 0.12875 0.6841666666666667 0.12312500000000001 0.6799999999999999 0.11875 0.6816666666666666 0.11687499999999999 0.6783333333333333 0.108125 0.6833333333333333 0.10562500000000001 0.6816666666666666 0.10562500000000001 0.6783333333333333 0.104375 0.6833333333333333 0.10187500000000001 0.6841666666666667 0.078125 0.6849999999999999 0.074375 0.6875 0.066875 0.6858333333333333 0.05625 0.6925 0.06000000000000001 0.7058333333333333 0.053125 0.7175
0 0.47875000000000006 0.96 0.476875 0.9583333333333334 0.47750000000000004 0.9641666666666666 0.47875000000000006 0.96
0 0.726875 0.9483333333333333 0.7306250000000001 0.9458333333333334 0.73125 0.9425000000000001 0.726875 0.9416666666666667 0.7237500000000001 0.945 0.7237500000000001 0.9475 0.726875 0.9483333333333333
0 0.473125 0.9941666666666666 0.47625 0.9966666666666667 0.4875 0.9966666666666667 0.48937500000000006 0.9991666666666668 0.5175000000000001 0.9991666666666668 0.51875 0.9966666666666667 0.52625 0.9958333333333333 0.545 0.9966666666666667 0.546875 0.9991666666666668 0.579375 0.9991666666666668 0.5875 0.9949999999999999 0.5956250000000001 0.9958333333333333 0.598125 0.9941666666666666 0.5956250000000001 0.9908333333333333 0.598125 0.9883333333333333 0.6056250000000001 0.9883333333333333 0.60875 0.9908333333333333 0.60625 0.9941666666666666 0.609375 0.9916666666666666 0.6112500000000001 0.9941666666666666 0.62375 0.9966666666666667 0.625 0.9991666666666668 0.635625 0.9991666666666668 0.64 0.9958333333333333 0.6475000000000001 0.9949999999999999 0.6831250000000001 0.9949999999999999 0.696875 0.9991666666666668 0.71125 0.9991666666666668 0.7125 0.9966666666666667 0.72 0.9949999999999999 0.7375 0.9941666666666666 0.754375 0.9991666666666668 0.766875 0.9991666666666668 0.7681250000000001 0.9966666666666667 0.77875 0.9941666666666666 0.7818750000000001 0.9883333333333333 0.790625 0.9875 0.789375 0.9841666666666666 0.7931250000000001 0.9816666666666667 0.8006249999999999 0.9833333333333334 0.8 0.9908333333333333 0.7975000000000001 0.9941666666666666 0.7987500000000001 0.9949999999999999 0.8006249999999999 0.9916666666666666 0.8018750000000001 0.9949999999999999 0.8043750000000001 0.9925 0.806875 0.9966666666666667 0.8512500000000001 0.9941666666666666 0.8462500000000001 0.9816666666666667 0.8481250000000001 0.9683333333333334 0.8456250000000001 0.9574999999999999 0.8462500000000001 0.9491666666666667 0.8418750000000002 0.9458333333333334 0.79625 0.9483333333333333 0.7768750000000001 0.9458333333333334 0.771875 0.9416666666666667 0.76875 0.9483333333333333 0.765625 0.9491666666666667 0.7100000000000001 0.9508333333333333 0.7100000000000001 0.9425000000000001 0.7025 0.9400000000000001 0.6993750000000001 0.9425000000000001 0.700625 0.95 0.650625 0.9541666666666666 0.644375 0.9475 0.64375 0.9416666666666667 0.635625 0.9458333333333334 0.639375 0.9525 0.6368750000000001 0.9541666666666666 0.6212500000000001 0.9533333333333334 0.6075 0.9583333333333334 0.60375 0.9558333333333333 0.6025 0.9475 0.599375 0.9525 0.595 0.9508333333333333 0.575625 0.9574999999999999 0.550625 0.9591666666666667 0.54625 0.9541666666666666 0.53 0.9625 0.51 0.9633333333333333 0.50125 0.9608333333333332 0.49000000000000005 0.9641666666666666 0.48375 0.9633333333333333 0.47750000000000004 0.9675 0.4756250000000001 0.9716666666666667 0.475 0.9908333333333333 0.473125 0.9941666666666666
0 0.46749999999999997 0.8341666666666667 0.46937500000000004 0.8641666666666665 0.471875 0.8691666666666666 0.47750000000000004 0.8716666666666667 0.5225000000000001 0.8683333333333334 0.525625 0.8641666666666665 0.5431250000000001 0.8574999999999999 0.5518750000000001 0.8625 0.5743750000000001 0.8633333333333333 0.591875 0.8625 0.6125 0.8550000000000001 0.64375 0.8558333333333333 0.67 0.8508333333333333 0.7 0.8533333333333333 0.72 0.85 0.7375 0.85 0.7518750000000001 0.8550000000000001 0.771875 0.8558333333333333 0.7975000000000001 0.8516666666666666 0.8075000000000001 0.8533333333333333 0.815625 0.8583333333333334 0.819375 0.8658333333333333 0.8256249999999999 0.8666666666666666 0.8300000000000001 0.8658333333333333 0.840625 0.8566666666666667 0.8637500000000001 0.8550000000000001 0.8675 0.8516666666666666 0.858125 0.8275 0.85375 0.7941666666666667 0.8456250000000001 0.7649999999999999 0.828125 0.7658333333333334 0.8231250000000001 0.7633333333333333 0.805 0.7625 0.7768750000000001 0.7666666666666667 0.7575000000000001 0.7633333333333333 0.7212500000000001 0.7658333333333334 0.681875 0.7641666666666667 0.6775 0.7666666666666667 0.6743750000000001 0.7633333333333333 0.670625 0.7633333333333333 0.6581250000000001 0.7666666666666667 0.625 0.7666666666666667 0.6162500000000001 0.7708333333333333 0.5850000000000001 0.7708333333333333 0.570625 0.7683333333333333 0.54 0.7733333333333333 0.504375 0.7741666666666667 0.4912500000000001 0.78 0.476875 0.7791666666666667 0.47375 0.7816666666666666 0.47375 0.7966666666666666 0.46937500000000004 0.8099999999999999 0.47125000000000006 0.8158333333333333 0.46749999999999997 0.8341666666666667
0 0.240625 0.99140625 0.00078125 0.00078125
0 0.10234375 0.98359375 0.00078125 0.00078125
0 0.2515625 0.0671875 0.0015625 0.00078125
0 0.025625000000000002 0.36 0.021875 0.365 0.011875 0.3683333333333333 0.015000000000000003 0.37333333333333335 0.026250000000000002 0.375 0.030000000000000006 0.38666666666666666 0.036875000000000005 0.39166666666666666 0.05750000000000001 0.39 0.061250000000000006 0.38666666666666666 0.06625 0.375 0.074375 0.37333333333333335 0.08937500000000001 0.37583333333333335 0.100625 0.3875 0.12062500000000001 0.39 0.1275 0.375 0.133125 0.3725 0.13687500000000002 0.36666666666666664 0.15812500000000002 0.3725 0.16375 0.3775 0.16812500000000002 0.3875 0.174375 0.39 0.18937500000000002 0.39 0.19812500000000002 0.375 0.20875 0.3716666666666667 0.228125 0.37333333333333335 0.2375 0.38249999999999995 0.236875 0.38666666666666666 0.23937500000000003 0.39 0.24312500000000004 0.39166666666666666 0.26 0.3908333333333333 0.26812500000000006 0.37583333333333335 0.275625 0.3716666666666667 0.29937500000000006 0.37666666666666665 0.31062500000000004 0.39166666666666666 0.31625000000000003 0.39416666666666667 0.3275 0.3908333333333333 0.33 0.38666666666666666 0.33125 0.37583333333333335 0.36312500000000003 0.37666666666666665 0.376875 0.385 0.381875 0.39499999999999996 0.388125 0.3975 0.396875 0.3975 0.40062500000000006 0.39249999999999996 0.403125 0.38333333333333336 0.416875 0.38249999999999995 0.44000000000000006 0.38583333333333336 0.441875 0.3908333333333333 0.445 0.38666666666666666 0.45 0.38666666666666666 0.45375000000000004 0.3975 0.45625 0.3975 0.46312500000000006 0.38333333333333336 0.4625 0.3783333333333333 0.45375000000000004 0.37583333333333335 0.45062500000000005 0.3725 0.43812500000000004 0.3175 0.4325 0.30416666666666664 0.42312500000000003 0.2966666666666667 0.42000000000000004 0.2875 0.41500000000000004 0.28583333333333333 0.40875000000000006 0.2791666666666667 0.3975 0.275 0.379375 0.2733333333333333 0.36312500000000003 0.2758333333333333 0.36187500000000006 0.2783333333333333 0.36 0.2758333333333333 0.36 0.2816666666666666 0.356875 0.2841666666666667 0.35625 0.28250000000000003 0.35500000000000004 0.28833333333333333 0.35250000000000004 0.2891666666666667 0.34937500000000005 0.29583333333333334 0.34 0.29583333333333334 0.334375 0.2866666666666667 0.33375000000000005 0.27749999999999997 0.328125 0.27166666666666667 0.31812500000000005 0.26916666666666667 0.30125 0.27166666666666667 0.28937500000000005 0.2833333333333333 0.281875 0.28583333333333333 0.273125 0.2725 0.265 0.2658333333333333 0.23000000000000004 0.265 0.21000000000000002 0.2866666666666667 0.20437500000000003 0.2733333333333333 0.19625 0.265 0.1625 0.2633333333333333 0.154375 0.265 0.15125000000000002 0.2683333333333333 0.14187500000000003 0.2891666666666667 0.12250000000000001 0.29 0.11750000000000001 0.28500000000000003 0.10625 0.265 0.08812500000000001 0.2633333333333333 0.080625 0.26916666666666667 0.0675 0.29333333333333333 0.051875000000000004 0.29166666666666663 0.041875 0.2966666666666667 0.030000000000000006 0.33416666666666667 0.025625000000000002 0.36
0 0.449375 0.3075 0.45125000000000004 0.31166666666666665 0.45625 0.31333333333333335 0.45687500000000003 0.29500000000000004 0.453125 0.2891666666666667 0.45125000000000004 0.29 0.44875 0.29333333333333333 0.449375 0.3075
0 0.35625 0.29333333333333333 0.355625 0.29083333333333333 0.34750000000000003 0.2891666666666667 0.345625 0.2925 0.35625 0.29333333333333333
0 0.29000000000000004 0.2758333333333333 0.28625 0.2733333333333333 0.28625 0.2783333333333333 0.29000000000000004 0.2758333333333333
0 0.014375000000000002 0.15416666666666667 0.020625 0.15583333333333332 0.027500000000000004 0.1625 0.0325 0.18083333333333335 0.038125000000000006 0.185 0.028125 0.195 0.0175 0.24916666666666668 0.011875 0.255 0.011875 0.25833333333333336 0.015625 0.2625 0.03937500000000001 0.26916666666666667 0.046875 0.28250000000000003 0.05375 0.2875 0.061250000000000006 0.28833333333333333 0.066875 0.28583333333333333 0.07062500000000001 0.275 0.078125 0.26916666666666667 0.08125 0.26083333333333336 0.085 0.26 0.10250000000000001 0.26083333333333336 0.12312500000000001 0.2866666666666667 0.12625000000000003 0.2875 0.140625 0.28583333333333333 0.148125 0.2633333333333333 0.16312500000000002 0.25916666666666666 0.2 0.26083333333333336 0.20812500000000003 0.26666666666666666 0.21625 0.27749999999999997 0.22125 0.265 0.22937500000000002 0.26166666666666666 0.26937500000000003 0.2625 0.284375 0.27083333333333337 0.28937500000000005 0.26749999999999996 0.29625 0.26916666666666667 0.31 0.26416666666666666 0.33375000000000005 0.2658333333333333 0.34 0.27416666666666667 0.34187500000000004 0.2808333333333333 0.346875 0.2791666666666667 0.34875 0.28250000000000003 0.355625 0.28250000000000003 0.365625 0.27 0.39 0.27 0.41375 0.275 0.42437500000000006 0.2841666666666667 0.42750000000000005 0.28833333333333333 0.42750000000000005 0.2925 0.428125 0.29 0.43562500000000004 0.29 0.441875 0.2791666666666667 0.4525 0.28250000000000003 0.45625 0.2808333333333333 0.459375 0.2833333333333333 0.4625 0.27999999999999997 0.458125 0.24833333333333335 0.45625 0.2058333333333333 0.460625 0.19916666666666666 0.46375 0.16833333333333333 0.45687500000000003 0.16083333333333333 0.45375000000000004 0.14333333333333334 0.4443750000000001 0.13583333333333333 0.43875000000000003 0.10916666666666666 0.43375 0.09583333333333334 0.429375 0.09166666666666666 0.41500000000000004 0.09 0.41187500000000005 0.07666666666666666 0.40062500000000006 0.06333333333333332 0.39187500000000003 0.059166666666666666 0.38312500000000005 0.06 0.37312500000000004 0.06583333333333333 0.36125 0.08333333333333334 0.35187500000000005 0.08333333333333334 0.34187500000000004 0.08249999999999999 0.33875 0.07333333333333333 0.33187500000000003 0.06333333333333332 0.319375 0.05583333333333333 0.309375 0.05583333333333333 0.29875 0.06 0.29000000000000004 0.07083333333333333 0.28875 0.0775 0.28625 0.08 0.26937500000000003 0.0775 0.25875000000000004 0.06 0.24875000000000003 0.05333333333333333 0.236875 0.052500000000000005 0.2225 0.06416666666666666 0.21625 0.08166666666666667 0.206875 0.07416666666666667 0.19812500000000002 0.07333333333333333 0.1975 0.0675 0.18875000000000003 0.06 0.18937500000000002 0.06416666666666666 0.183125 0.06416666666666666 0.184375 0.05416666666666666 0.181875 0.05166666666666666 0.178125 0.05416666666666666 0.17750000000000002 0.05 0.17250000000000001 0.04666666666666667 0.164375 0.04666666666666667 0.15687500000000001 0.05 0.146875 0.06 0.15125000000000002 0.0675 0.149375 0.07083333333333333 0.14375 0.06833333333333333 0.144375 0.07583333333333334 0.140625 0.08166666666666667 0.1375 0.0725 0.12375 0.07166666666666667 0.12312500000000001 0.065 0.11187500000000002 0.05333333333333333 0.10500000000000001 0.05 0.08937500000000001 0.04833333333333333 0.078125 0.05333333333333333 0.080625 0.057499999999999996 0.071875 0.06666666666666667 0.0675 0.0675 0.06375 0.07833333333333334 0.058750000000000004 0.07333333333333333 0.0425 0.07416666666666667 0.036250000000000004 0.09083333333333334 0.025 0.1375 0.010625 0.14416666666666667 0.01 0.14750000000000002 0.014375000000000002 0.15416666666666667
0 0.851875 0.5575 0.8625 0.5658333333333333 0.8643750000000001 0.5683333333333334 0.8643750000000001 0.5791666666666667 0.868125 0.5916666666666667 0.8700000000000001 0.5958333333333333 0.874375 0.5983333333333334 0.89 0.5900000000000001 0.9387500000000001 0.5875 0.9543750000000001 0.5833333333333333 0.9943750000000001 0.5841666666666667 0.999375 0.5808333333333333 0.999375 0.49333333333333335 0.9881250000000001 0.48916666666666664 0.9637500000000001 0.4925 0.9256249999999999 0.4916666666666667 0.9037499999999999 0.495 0.89375 0.5025000000000001 0.89125 0.49833333333333335 0.884375 0.5008333333333332 0.8762500000000001 0.49749999999999994 0.86625 0.5033333333333333 0.8487500000000001 0.5041666666666667 0.8425 0.5116666666666666 0.84375 0.515 0.835 0.5258333333333333 0.8318749999999999 0.55 0.851875 0.5575
0 0.5550457317073171 0.19991869918699187 0.556875 0.19666666666666666 0.5537500000000001 0.19749999999999998 0.5550457317073171 0.19991869918699187
0 0.4912500000000001 0.2033333333333333 0.48875 0.19416666666666665 0.48687500000000006 0.19333333333333333 0.4875 0.20249999999999999 0.4912500000000001 0.2033333333333333
0 0.47750000000000004 0.1825 0.48500000000000004 0.19083333333333333 0.48875 0.19166666666666668 0.4912500000000001 0.18833333333333332 0.49625 0.19166666666666668 0.4956250000000001 0.19749999999999998 0.49750000000000005 0.20083333333333334 0.50375 0.19 0.513125 0.18333333333333332 0.519375 0.18666666666666668 0.5331250000000001 0.185 0.540625 0.18916666666666665 0.546875 0.185 0.555 0.195 0.560625 0.18583333333333335 0.5675000000000001 0.18166666666666667 0.576875 0.185 0.58125 0.18083333333333335 0.588125 0.18083333333333335 0.5956250000000001 0.19166666666666668 0.6118750000000001 0.19833333333333333 0.623125 0.18583333333333335 0.6225 0.18083333333333335 0.6368750000000001 0.18166666666666667 0.64375 0.185 0.6581250000000001 0.1825 0.6681250000000001 0.1875 0.690625 0.18416666666666665 0.6987500000000001 0.19166666666666668 0.7100000000000001 0.19083333333333333 0.734375 0.2033333333333333 0.7475 0.20249999999999999 0.7568750000000001 0.1925 0.763125 0.19583333333333333 0.780625 0.19833333333333333 0.79 0.20416666666666666 0.796875 0.2033333333333333 0.7993750000000001 0.21083333333333334 0.805625 0.21666666666666665 0.8087500000000001 0.20916666666666667 0.8175000000000001 0.2 0.8356250000000001 0.205 0.8393750000000001 0.20916666666666667 0.8387500000000001 0.2125 0.8450000000000001 0.21749999999999997 0.85875 0.21749999999999997 0.865625 0.205 0.8800000000000001 0.19916666666666666 0.8768750000000001 0.19166666666666668 0.8724999999999999 0.19083333333333333 0.868125 0.18583333333333335 0.8556250000000001 0.12916666666666668 0.846875 0.12416666666666668 0.83625 0.125 0.828125 0.10666666666666666 0.8175000000000001 0.09583333333333334 0.8018750000000001 0.09416666666666666 0.7931250000000001 0.0975 0.7818750000000001 0.10916666666666666 0.7825 0.1125 0.780625 0.11499999999999999 0.775625 0.11583333333333332 0.76875 0.12333333333333334 0.765 0.1125 0.758125 0.10166666666666666 0.744375 0.0925 0.7275 0.095 0.70625 0.11499999999999999 0.6950000000000001 0.0975 0.681875 0.09 0.673125 0.09 0.6637500000000001 0.09416666666666666 0.653125 0.10666666666666666 0.640625 0.1075 0.634375 0.09416666666666666 0.62625 0.08416666666666667 0.613125 0.07916666666666666 0.60375 0.08 0.598125 0.08333333333333334 0.5925 0.08833333333333333 0.584375 0.10166666666666666 0.5743750000000001 0.10666666666666666 0.56375 0.09 0.5581250000000001 0.08416666666666667 0.550625 0.08083333333333334 0.5387500000000001 0.08416666666666667 0.524375 0.1025 0.50875 0.10416666666666667 0.49750000000000005 0.13833333333333334 0.49250000000000005 0.16666666666666669 0.480625 0.16999999999999998 0.478125 0.17333333333333334 0.479375 0.17916666666666667 0.47750000000000004 0.1825
0 0.061875 0.9991666666666668 0.059375 0.9974999999999999 0.058750000000000004 0.9991666666666668 0.061875 0.9991666666666668
0 0.940625 0.9991666666666668 0.9387500000000001 0.9949999999999999 0.9375 0.9966666666666667 0.940625 0.9991666666666668
0 0.868125 0.9966666666666667 0.8700000000000001 0.9991666666666668 0.8762500000000001 0.9991666666666668 0.874375 0.9966666666666667 0.865625 0.9949999999999999 0.8637500000000001 0.9991666666666668 0.868125 0.9966666666666667
0 0.47000000000000003 0.9941666666666666 0.473125 0.9991666666666668 0.525625 0.9991666666666668 0.5268750000000001 0.9966666666666667 0.536875 0.9966666666666667 0.5387500000000001 0.9991666666666668 0.5825 0.9991666666666668 0.5850000000000001 0.9966666666666667 0.5975 0.9949999999999999 0.619375 0.9958333333333333 0.6225 0.9991666666666668 0.67 0.9949999999999999 0.681875 0.9949999999999999 0.6881250000000001 0.9991666666666668 0.71125 0.9991666666666668 0.713125 0.9966666666666667 0.7362500000000001 0.9949999999999999 0.743125 0.9949999999999999 0.74875 0.9991666666666668 0.76875 0.9991666666666668 0.7706250000000001 0.9966666666666667 0.7818750000000001 0.9941666666666666 0.7825 0.9891666666666665 0.79125 0.9883333333333333 0.79375 0.9941666666666666 0.79625 0.9925 0.796875 0.9949999999999999 0.80375 0.9949999999999999 0.8099999999999999 0.9991666666666668 0.813125 0.9966666666666667 0.8300000000000001 0.9949999999999999 0.846875 0.9974999999999999 0.8525 0.9941666666666666 0.8481250000000001 0.9791666666666666 0.85 0.9666666666666666 0.8474999999999999 0.9591666666666667 0.8481250000000001 0.9525 0.8418750000000002 0.9466666666666667 0.7987500000000001 0.9491666666666667 0.77375 0.9475 0.7662500000000001 0.95 0.738125 0.9508333333333333 0.691875 0.95 0.650625 0.9550000000000001 0.646875 0.9516666666666665 0.64 0.9508333333333333 0.635625 0.9541666666666666 0.618125 0.9550000000000001 0.6112500000000001 0.9583333333333334 0.595 0.9533333333333334 0.5806250000000001 0.9583333333333334 0.5625 0.9583333333333334 0.5362500000000001 0.9633333333333333 0.50125 0.9625 0.476875 0.9675 0.475 0.97 0.47437500000000005 0.9833333333333334 0.47000000000000003 0.9941666666666666
0 0.475 0.5766666666666667 0.480625 0.5841666666666667 0.48375 0.5841666666666667 0.4875 0.5883333333333333 0.505625 0.5783333333333334 0.5325 0.58 0.54125 0.5758333333333333 0.560625 0.5775 0.5650000000000001 0.575 0.59375 0.5783333333333334 0.650625 0.575 0.6637500000000001 0.5783333333333334 0.678125 0.5783333333333334 0.698125 0.5741666666666666 0.716875 0.5783333333333334 0.7675000000000001 0.5775 0.7731250000000001 0.58 0.798125 0.5816666666666667 0.811875 0.5791666666666667 0.828125 0.58 0.8293750000000001 0.5725 0.83625 0.5675 0.8356250000000001 0.5575 0.8306250000000001 0.5558333333333334 0.8306250000000001 0.5391666666666667 0.835 0.5216666666666667 0.8418750000000002 0.5116666666666666 0.8325000000000001 0.5075000000000001 0.8243750000000001 0.5075000000000001 0.8175000000000001 0.49083333333333334 0.8075000000000001 0.48666666666666664 0.7818750000000001 0.48666666666666664 0.769375 0.49083333333333334 0.7662500000000001 0.48583333333333334 0.754375 0.48666666666666664 0.744375 0.48250000000000004 0.7125 0.48250000000000004 0.706875 0.4841666666666667 0.7025 0.4925 0.696875 0.48250000000000004 0.69125 0.48 0.655 0.4791666666666667 0.63375 0.48250000000000004 0.62875 0.4791666666666667 0.6168750000000001 0.4791666666666667 0.5975 0.48250000000000004 0.5806250000000001 0.48166666666666663 0.5700000000000001 0.4833333333333333 0.5675000000000001 0.48666666666666664 0.5575 0.48083333333333333 0.539375 0.48083333333333333 0.530625 0.48250000000000004 0.52625 0.48666666666666664 0.525 0.4841666666666667 0.525625 0.4883333333333333 0.5231250000000001 0.49416666666666664 0.515625 0.5 0.5 0.5 0.48625000000000007 0.5441666666666667 0.48125 0.5483333333333333 0.47375 0.5491666666666666 0.47125000000000006 0.5525 0.47125000000000006 0.5641666666666667 0.475 0.5766666666666667
0 0.8612500000000001 0.8316666666666667 0.8706250000000001 0.8458333333333334 0.87375 0.8608333333333332 0.88125 0.8666666666666666 0.8918750000000001 0.8666666666666666 0.9087500000000001 0.8608333333333332 0.9262500000000001 0.8591666666666666 0.9425000000000001 0.8516666666666666 0.9575000000000001 0.8550000000000001 0.9943750000000001 0.8508333333333333 0.999375 0.8474999999999999 0.999375 0.8066666666666666 0.9975000000000002 0.8058333333333334 0.9956250000000001 0.7825 0.9918750000000001 0.7733333333333333 0.9925 0.7683333333333333 0.9875 0.7649999999999999 0.9818750000000002 0.7675 0.9349999999999999 0.7691666666666667 0.8956250000000001 0.7766666666666666 0.880625 0.7741666666666667 0.8706250000000001 0.7658333333333334 0.8556250000000001 0.7649999999999999 0.853125 0.7691666666666667 0.8525 0.7775 0.8612500000000001 0.8316666666666667
0 0.83375 0.5508333333333333 0.8418750000000002 0.5566666666666666 0.865 0.5658333333333333 0.865 0.5741666666666666 0.8543750000000001 0.5883333333333333 0.85375 0.5933333333333334 0.8575000000000002 0.6191666666666666 0.8618750000000001 0.6291666666666667 0.8625 0.6466666666666667 0.8643750000000001 0.6525 0.8724999999999999 0.6599999999999999 0.87375 0.6716666666666666 0.871875 0.6775 0.8762500000000001 0.6825 0.89125 0.6866666666666666 0.903125 0.6825 0.9256249999999999 0.6816666666666666 0.9337500000000001 0.6783333333333333 0.978125 0.675 0.9875 0.6733333333333333 0.9943750000000001 0.6649999999999999 0.9956250000000001 0.6575 0.9925 0.6508333333333333 0.999375 0.6433333333333333 0.999375 0.635 0.9975000000000002 0.6341666666666667 0.999375 0.625 0.996875 0.6233333333333333 0.9943750000000001 0.6058333333333333 0.996875 0.5733333333333334 0.999375 0.5700000000000001 0.996875 0.5666666666666667 0.9943750000000001 0.5391666666666667 0.9962500000000001 0.5291666666666667 0.999375 0.5275000000000001 0.999375 0.5225 0.996875 0.5216666666666667 0.9962500000000001 0.5108333333333334 0.993125 0.5083333333333333 0.9956250000000001 0.5041666666666667 0.9925 0.49416666666666664 0.9875 0.49083333333333334 0.9806250000000001 0.49333333333333335 0.940625 0.4916666666666667 0.93125 0.495 0.9037499999999999 0.495 0.8975 0.49916666666666665 0.890625 0.4966666666666667 0.885 0.49916666666666665 0.8800000000000001 0.49749999999999994 0.871875 0.5016666666666667 0.86625 0.5083333333333333 0.8631249999999999 0.5041666666666667 0.8487500000000001 0.5041666666666667 0.8450000000000001 0.5091666666666667 0.8456250000000001 0.515 0.838125 0.5216666666666667 0.834375 0.5325 0.8325000000000001 0.5441666666666667 0.83375 0.5508333333333333
0 0.8768750000000001 0.22916666666666666 0.8762500000000001 0.22583333333333333 0.875 0.22749999999999998 0.8768750000000001 0.22916666666666666
0 0.874375 0.2866666666666667 0.88125 0.2925 0.88125 0.2966666666666667 0.8800000000000001 0.2991666666666667 0.865625 0.3 0.859375 0.30333333333333334 0.8618750000000001 0.3075 0.896875 0.31166666666666665 0.9075000000000001 0.3058333333333333 0.968125 0.3058333333333333 0.993125 0.30416666666666664 0.9962500000000001 0.3 0.9962500000000001 0.24 0.999375 0.2375 0.999375 0.2308333333333333 0.9975000000000002 0.22999999999999998 0.9956250000000001 0.22083333333333335 0.9893750000000001 0.21916666666666665 0.9875 0.21583333333333332 0.98375 0.21833333333333332 0.976875 0.21333333333333332 0.968125 0.21916666666666665 0.9543750000000001 0.21916666666666665 0.9493750000000001 0.225 0.94625 0.22333333333333333 0.94625 0.21749999999999997 0.94375 0.22083333333333335 0.945625 0.2125 0.940625 0.21583333333333332 0.9349999999999999 0.21416666666666667 0.9262500000000001 0.21666666666666665 0.91625 0.22416666666666668 0.9075000000000001 0.225 0.9025000000000001 0.22083333333333335 0.896875 0.22083333333333335 0.88375 0.2341666666666667 0.8762500000000001 0.23166666666666663 0.871875 0.2341666666666667 0.868125 0.24500000000000002 0.8712500000000001 0.2791666666666667 0.874375 0.2866666666666667
0 0.8875 0.5046875 0.00078125 0.00078125
0 0.8606250000000001 0.43083333333333335 0.8637500000000001 0.44000000000000006 0.865625 0.47000000000000003 0.8793750000000001 0.4958333333333333 0.8981250000000001 0.4966666666666667 0.936875 0.49083333333333334 0.959375 0.4925 0.999375 0.4875 0.999375 0.4725 0.996875 0.4708333333333333 0.999375 0.46749999999999997 0.999375 0.4216666666666667 0.996875 0.41833333333333333 0.996875 0.4058333333333334 0.9943750000000001 0.3983333333333333 0.9850000000000001 0.39583333333333337 0.9737500000000001 0.39666666666666667 0.9706250000000001 0.4 0.9387500000000001 0.3983333333333333 0.8887500000000002 0.4058333333333334 0.8793750000000001 0.40166666666666667 0.865625 0.40750000000000003 0.8606250000000001 0.4166666666666667 0.8606250000000001 0.43083333333333335
0 0.9984375 0.39375 0.0015625 0.00078125
0 0.999375 0.33416666666666667 0.999375 0.31083333333333335 0.9975000000000002 0.31166666666666665 0.9975000000000002 0.32999999999999996 0.999375 0.33416666666666667
0 0.675 0.40390625 0.0015625 0.00078125
0 0.49296875 0.39375 0.00390625 0.00078125
0 0.5050000000000001 0.29833333333333334 0.5068750000000001 0.2966666666666667 0.5050000000000001 0.2925 0.5050000000000001 0.29833333333333334
0 0.5050000000000001 0.2875 0.504375 0.28583333333333333 0.503125 0.2866666666666667 0.5050000000000001 0.2875
0 0.5006250000000001 0.2866666666666667 0.49812500000000004 0.28500000000000003 0.49625 0.2866666666666667 0.5006250000000001 0.2866666666666667
0 0.4875 0.3225 0.48187500000000005 0.3275 0.480625 0.33166666666666667 0.476875 0.33333333333333337 0.48250000000000004 0.33333333333333337 0.4831250000000001 0.34249999999999997 0.48937500000000006 0.345 0.4800000000000001 0.3683333333333333 0.484375 0.37333333333333335 0.476875 0.37916666666666665 0.4800000000000001 0.38166666666666665 0.48375 0.3783333333333333 0.495 0.3783333333333333 0.504375 0.38249999999999995 0.515 0.38 0.5318750000000001 0.38416666666666666 0.553125 0.38166666666666665 0.5831250000000001 0.38166666666666665 0.591875 0.38416666666666666 0.606875 0.38166666666666665 0.6637500000000001 0.38166666666666665 0.675 0.38416666666666666 0.678125 0.39666666666666667 0.681875 0.39416666666666667 0.68 0.3908333333333333 0.681875 0.385 0.685 0.3875 0.6900000000000001 0.38333333333333336 0.71125 0.38416666666666666 0.715625 0.38666666666666666 0.72 0.40083333333333326 0.7237500000000001 0.40750000000000003 0.726875 0.4083333333333333 0.7375 0.40750000000000003 0.74 0.40499999999999997 0.75 0.385 0.769375 0.385 0.77625 0.3908333333333333 0.780625 0.4083333333333333 0.7881250000000001 0.4058333333333334 0.8012500000000001 0.40750000000000003 0.8106250000000002 0.3933333333333333 0.82125 0.3908333333333333 0.828125 0.39416666666666667 0.835 0.4083333333333333 0.8456250000000001 0.4125 0.8525 0.4116666666666666 0.8618750000000001 0.39583333333333337 0.87375 0.39 0.865 0.37916666666666665 0.8612500000000001 0.355 0.8512500000000001 0.32083333333333336 0.8462500000000001 0.3183333333333333 0.8331250000000001 0.3183333333333333 0.8275 0.32166666666666666 0.8125 0.2966666666666667 0.8 0.2891666666666667 0.7881250000000001 0.29333333333333333 0.779375 0.31 0.7618750000000001 0.31 0.74875 0.29500000000000004 0.7362500000000001 0.28833333333333333 0.71875 0.2925 0.7081250000000001 0.3025 0.70625 0.3075 0.6993750000000001 0.31 0.6893750000000001 0.29416666666666663 0.675 0.28500000000000003 0.650625 0.2891666666666667 0.6425000000000001 0.28500000000000003 0.633125 0.2875 0.623125 0.2816666666666666 0.590625 0.2816666666666666 0.5700000000000001 0.2833333333333333 0.5643750000000001 0.2875 0.555 0.2816666666666666 0.5425000000000001 0.2808333333333333 0.52625 0.28583333333333333 0.52375 0.2891666666666667 0.525 0.2925 0.521875 0.29583333333333334 0.5175000000000001 0.29583333333333334 0.5159375 0.30083333333333334 0.5118750000000001 0.3 0.50875 0.305 0.49437500000000006 0.31 0.4956250000000001 0.32 0.4875 0.3225
0 0.990625 0.7328125 0.00078125 0.003125
0 0.47375 0.7691666666666667 0.47750000000000004 0.7758333333333333 0.484375 0.7791666666666667 0.491875 0.7791666666666667 0.50125 0.7733333333333333 0.52125 0.77 0.550625 0.77 0.55625 0.7633333333333333 0.561875 0.7666666666666667 0.6175 0.7675 0.633125 0.7641666666666667 0.654375 0.7658333333333334 0.66625 0.7625 0.7375 0.7641666666666667 0.7506250000000001 0.7575000000000001 0.7518750000000001 0.7616666666666666 0.7706250000000001 0.7633333333333333 0.8450000000000001 0.7625 0.8637500000000001 0.7608333333333334 0.8700000000000001 0.7566666666666666 0.86875 0.7508333333333332 0.8575000000000002 0.7441666666666666 0.8543750000000001 0.7266666666666667 0.8474999999999999 0.71 0.8474999999999999 0.7033333333333334 0.8425 0.69 0.838125 0.6866666666666666 0.820625 0.69 0.8162499999999999 0.6808333333333334 0.8150000000000001 0.6708333333333333 0.8106250000000002 0.6675 0.7837500000000001 0.6691666666666667 0.78 0.6716666666666666 0.779375 0.6783333333333333 0.77625 0.6825 0.769375 0.6858333333333333 0.7618750000000001 0.6849999999999999 0.754375 0.6708333333333333 0.7393750000000001 0.6658333333333333 0.7025 0.6649999999999999 0.691875 0.6683333333333333 0.68125 0.6641666666666667 0.645 0.6649999999999999 0.635625 0.67 0.6300000000000001 0.6649999999999999 0.619375 0.6649999999999999 0.5962500000000001 0.6691666666666667 0.5831250000000001 0.6675 0.5675000000000001 0.6725 0.54625 0.6708333333333333 0.5025000000000001 0.6758333333333333 0.48875 0.6799999999999999 0.48125 0.6858333333333333 0.4800000000000001 0.705 0.471875 0.7158333333333333 0.473125 0.7233333333333334 0.47000000000000003 0.7258333333333333 0.46937500000000004 0.74 0.47375 0.7691666666666667
0 0.8625 0.9266666666666665 0.865625 0.9349999999999999 0.865625 0.9433333333333334 0.8612500000000001 0.9483333333333333 0.8512500000000001 0.9525 0.8487500000000001 0.9566666666666667 0.853125 0.9933333333333334 0.8575000000000002 0.9991666666666668 0.905625 0.9991666666666668 0.9181250000000001 0.9949999999999999 0.9237500000000001 0.9991666666666668 0.946875 0.9991666666666668 0.9493750000000001 0.9966666666666667 0.9875 0.9966666666666667 0.999375 0.9941666666666666 0.999375 0.9816666666666667 0.9962500000000001 0.9775 0.9962500000000001 0.9724999999999999 0.999375 0.97 0.999375 0.9383333333333332 0.990625 0.9366666666666668 0.9625 0.9416666666666667 0.930625 0.9416666666666667 0.9181250000000001 0.9466666666666667 0.9099999999999999 0.9408333333333333 0.90625 0.9358333333333333 0.905 0.9283333333333333 0.89875 0.9208333333333334 0.8862500000000001 0.9199999999999999 0.883125 0.9166666666666666 0.8793750000000001 0.9216666666666666 0.8731250000000002 0.9099999999999999 0.86625 0.9141666666666666 0.868125 0.9183333333333333 0.8625 0.9266666666666665
0 0.475 0.9908333333333333 0.47250000000000003 0.9941666666666666 0.48875 0.9991666666666668 0.5175000000000001 0.9991666666666668 0.51875 0.9966666666666667 0.52625 0.9958333333333333 0.544375 0.9966666666666667 0.54625 0.9991666666666668 0.5806250000000001 0.9991666666666668 0.588125 0.9949999999999999 0.607708125 0.9941666666666666 0.608125 0.9908333333333333 0.6112500000000001 0.9941666666666666 0.6212500000000001 0.9958333333333333 0.625 0.9991666666666668 0.6581250000000001 0.9949999999999999 0.6831250000000001 0.9949999999999999 0.691875 0.9991666666666668 0.711875 0.9991666666666668 0.7206250000000001 0.9949999999999999 0.745 0.9949999999999999 0.753125 0.9991666666666668 0.7675000000000001 0.9991666666666668 0.77875 0.9941666666666666 0.7825 0.9883333333333333 0.790625 0.9875 0.79 0.9841666666666666 0.791875 0.9824999999999999 0.7993750000000001 0.9824999999999999 0.8006249999999999 0.985 0.7975000000000001 0.9941666666666666 0.80375 0.9941666666666666 0.80625 0.9966666666666667 0.851875 0.9941666666666666 0.846875 0.9816666666666667 0.8487500000000001 0.9666666666666666 0.8462500000000001 0.9583333333333334 0.8474999999999999 0.9491666666666667 0.8418750000000002 0.9458333333333334 0.795625 0.9483333333333333 0.775625 0.9458333333333334 0.771875 0.9425000000000001 0.77125 0.9458333333333334 0.766875 0.9491666666666667 0.746875 0.9483333333333333 0.733125 0.9508333333333333 0.7306250000000001 0.9458333333333334 0.73125 0.9425000000000001 0.7275 0.9416666666666667 0.72140625 0.95 0.7100000000000001 0.9508333333333333 0.70625 0.9491666666666667 0.7106250000000001 0.9458333333333334 0.7100000000000001 0.9425000000000001 0.703125 0.9400000000000001 0.6993750000000001 0.9425000000000001 0.7015625 0.95 0.696875 0.9508333333333333 0.6831250000000001 0.95 0.65 0.9541666666666666 0.64375 0.9466666666666667 0.63875 0.9483333333333333 0.6368750000000001 0.9458333333333334 0.63375 0.9541666666666666 0.618125 0.9541666666666666 0.6125 0.9583333333333334 0.604375 0.9574999999999999 0.601875 0.9491666666666667 0.599375 0.9525 0.59375 0.9516666666666665 0.5787500000000001 0.9574999999999999 0.55 0.96 0.54625 0.9550000000000001 0.5425000000000001 0.96 0.529375 0.9633333333333333 0.5006250000000001 0.9616666666666667 0.495 0.9641666666666666 0.4831250000000001 0.9641666666666666 0.4756250000000001 0.97 0.47375 0.9875 0.475 0.9908333333333333
0 0.355625 0.27999999999999997 0.35500000000000004 0.27749999999999997 0.35375 0.2791666666666667 0.355625 0.27999999999999997
0 0.3828125 0.18515625 0.00078125 0.00078125
0 0.37750000000000006 0.185 0.37625000000000003 0.1775 0.375625 0.185 0.37750000000000006 0.185
0 0.24312500000000004 0.18166666666666667 0.246875 0.17916666666666667 0.24250000000000002 0.1775 0.240625 0.17833333333333332 0.24312500000000004 0.18166666666666667
0 0.036250000000000004 0.26916666666666667 0.041875 0.27416666666666667 0.048125 0.28583333333333333 0.058750000000000004 0.2891666666666667 0.07 0.28583333333333333 0.07250000000000001 0.27666666666666667 0.078125 0.27166666666666667 0.081875 0.2633333333333333 0.08625000000000001 0.26083333333333336 0.10562500000000001 0.2633333333333333 0.121875 0.28583333333333333 0.12562500000000001 0.2875 0.140625 0.28583333333333333 0.15 0.26416666666666666 0.165 0.26 0.170625 0.26083333333333336 0.179375 0.26666666666666666 0.1975 0.2633333333333333 0.21625 0.27666666666666667 0.22312500000000002 0.26666666666666666 0.22875 0.2633333333333333 0.25562500000000005 0.2633333333333333 0.26687500000000003 0.26416666666666666 0.28375000000000006 0.275 0.28625 0.275 0.29000000000000004 0.27 0.3175 0.26666666666666666 0.3325 0.2683333333333333 0.34187500000000004 0.27416666666666667 0.359375 0.275 0.365625 0.27 0.395 0.27166666666666667 0.42125 0.27749999999999997 0.4287500000000001 0.28500000000000003 0.43562500000000004 0.28500000000000003 0.4425 0.27999999999999997 0.459375 0.2833333333333333 0.4625 0.27999999999999997 0.46125 0.26083333333333336 0.45562500000000006 0.2341666666666667 0.458125 0.22999999999999998 0.45687500000000003 0.20833333333333334 0.4525 0.2033333333333333 0.43937499999999996 0.20416666666666666 0.43624999999999997 0.19916666666666666 0.434375 0.1875 0.428125 0.18083333333333335 0.41125 0.18083333333333335 0.40687500000000004 0.18416666666666665 0.40437500000000004 0.19 0.398125 0.19166666666666668 0.38062500000000005 0.19083333333333333 0.38062500000000005 0.19583333333333333 0.376875 0.2 0.37125 0.17916666666666667 0.36375 0.17333333333333334 0.340625 0.17416666666666666 0.333125 0.18 0.33187500000000003 0.18666666666666668 0.32875 0.18916666666666665 0.306875 0.19333333333333333 0.29625 0.16999999999999998 0.275625 0.16916666666666666 0.26687500000000003 0.17333333333333334 0.25875000000000004 0.18916666666666665 0.2375 0.19 0.234375 0.185 0.2325 0.175 0.22625 0.16583333333333333 0.221875 0.16499999999999998 0.200625 0.1675 0.19375 0.17583333333333334 0.190625 0.18583333333333335 0.18625 0.18916666666666665 0.17625000000000002 0.18666666666666668 0.175 0.17916666666666667 0.16812500000000002 0.1775 0.16875 0.175 0.16187500000000002 0.1775 0.15875 0.16916666666666666 0.155 0.16583333333333333 0.14250000000000002 0.16583333333333333 0.13375 0.16916666666666666 0.13 0.1675 0.11937500000000001 0.19083333333333333 0.11125 0.1875 0.09375 0.18583333333333335 0.085625 0.16666666666666669 0.069375 0.16666666666666669 0.059375 0.1775 0.051875000000000004 0.195 0.050624999999999996 0.2033333333333333 0.043125000000000004 0.19083333333333333 0.0375 0.18833333333333332 0.03125 0.18833333333333332 0.028750000000000005 0.19083333333333333 0.0175 0.24666666666666667 0.009375 0.2558333333333333 0.009375 0.26166666666666666 0.036250000000000004 0.26916666666666667
0 0.47000000000000003 0.9358333333333333 0.47250000000000003 0.9525 0.476875 0.9641666666666666 0.581875 0.9574999999999999 0.596875 0.9525 0.6025 0.9558333333333333 0.61375 0.9558333333333333 0.638125 0.9508333333333333 0.645 0.9508333333333333 0.650625 0.9541666666666666 0.700625 0.9491666666666667 0.72875 0.95 0.733125 0.9475 0.850625 0.9458333333333334 0.8612500000000001 0.9425000000000001 0.86 0.9333333333333333 0.8474999999999999 0.915 0.83625 0.8733333333333333 0.8300000000000001 0.8699999999999999 0.8143750000000001 0.8708333333333333 0.8125 0.8625 0.809375 0.8583333333333334 0.79125 0.8541666666666666 0.785625 0.8541666666666666 0.78 0.8583333333333334 0.753125 0.8583333333333334 0.74 0.8533333333333333 0.711875 0.8533333333333333 0.701875 0.8541666666666666 0.6943750000000001 0.8608333333333332 0.686875 0.8541666666666666 0.67 0.8541666666666666 0.6475000000000001 0.8558333333333333 0.6368750000000001 0.8591666666666666 0.6143750000000001 0.8574999999999999 0.595 0.8641666666666665 0.5806250000000001 0.8625 0.566875 0.8666666666666666 0.5431250000000001 0.8633333333333333 0.5225000000000001 0.8691666666666666 0.5175000000000001 0.8733333333333333 0.5068750000000001 0.8716666666666667 0.47375 0.8766666666666666 0.46937500000000004 0.8816666666666666 0.468125 0.8908333333333334 0.47000000000000003 0.9358333333333333
0 0.77625 0.30666666666666664 0.775 0.305 0.7725000000000001 0.30666666666666664 0.77625 0.30666666666666664
0 0.4756250000000001 0.21416666666666667 0.46687500000000004 0.24166666666666664 0.465625 0.25666666666666665 0.46687500000000004 0.26666666666666666 0.47437500000000005 0.28583333333333333 0.47250000000000003 0.2891666666666667 0.47375 0.3025 0.47750000000000004 0.29333333333333333 0.48500000000000004 0.29166666666666663 0.48500000000000004 0.2891666666666667 0.47625 0.28833333333333333 0.475 0.28500000000000003 0.496875 0.2808333333333333 0.515625 0.2841666666666667 0.54625 0.27749999999999997 0.5693750000000001 0.2816666666666666 0.601875 0.2783333333333333 0.6268750000000001 0.2791666666666667 0.63875 0.2833333333333333 0.675 0.28250000000000003 0.6881250000000001 0.2866666666666667 0.7025 0.30666666666666664 0.709375 0.2966666666666667 0.7100000000000001 0.2891666666666667 0.7125 0.2866666666666667 0.744375 0.2866666666666667 0.758125 0.29583333333333334 0.7618750000000001 0.29416666666666663 0.76375 0.3 0.769375 0.30083333333333334 0.7725000000000001 0.2966666666666667 0.775625 0.3025 0.779375 0.3025 0.7862500000000001 0.2966666666666667 0.7887500000000001 0.2891666666666667 0.80375 0.28583333333333333 0.815625 0.29416666666666663 0.8243750000000001 0.305 0.8275 0.305 0.8318749999999999 0.31416666666666665 0.83625 0.315 0.8456250000000001 0.31416666666666665 0.8556250000000001 0.29416666666666663 0.869375 0.29583333333333334 0.8706250000000001 0.29333333333333333 0.8712500000000001 0.2783333333333333 0.8625 0.22999999999999998 0.8556250000000001 0.22583333333333333 0.8418750000000002 0.22999999999999998 0.8356250000000001 0.215 0.8231250000000001 0.2058333333333333 0.8162499999999999 0.2058333333333333 0.8099999999999999 0.21333333333333332 0.80625 0.21416666666666667 0.8 0.205 0.8012500000000001 0.21000000000000002 0.798125 0.21166666666666667 0.795 0.205 0.7825 0.20666666666666664 0.778125 0.20249999999999999 0.7625 0.19749999999999998 0.755625 0.19916666666666666 0.74875 0.2058333333333333 0.725 0.205 0.716875 0.19749999999999998 0.70625 0.19749999999999998 0.70125 0.195 0.6925000000000001 0.19666666666666666 0.69125 0.18916666666666665 0.6875 0.18583333333333335 0.664375 0.18666666666666668 0.6612500000000001 0.18333333333333332 0.6525000000000001 0.1825 0.65 0.1825 0.64625 0.19 0.6431250000000001 0.19 0.640625 0.18666666666666668 0.633125 0.18666666666666668 0.6300000000000001 0.19166666666666668 0.619375 0.18833333333333332 0.615625 0.19416666666666665 0.613125 0.1925 0.6143750000000001 0.19 0.6118750000000001 0.1925 0.6012500000000001 0.19166666666666668 0.5987500000000001 0.195 0.58625 0.19 0.553125 0.19083333333333333 0.5475000000000001 0.18416666666666665 0.5425000000000001 0.18583333333333335 0.539375 0.19 0.529375 0.18916666666666665 0.52625 0.19416666666666665 0.515 0.18833333333333332 0.51 0.18833333333333332 0.50375 0.19166666666666668 0.49750000000000005 0.20249999999999999 0.4956250000000001 0.19916666666666666 0.4987500000000001 0.1925 0.4912500000000001 0.18916666666666665 0.48937500000000006 0.19083333333333333 0.4912500000000001 0.19583333333333333 0.48937500000000006 0.2 0.491875 0.20249999999999999 0.4875 0.205 0.48625000000000007 0.19916666666666666 0.48250000000000004 0.19583333333333333 0.4831250000000001 0.1925 0.4800000000000001 0.18416666666666665 0.47375 0.18416666666666665 0.47250000000000003 0.1925 0.47250000000000003 0.2033333333333333 0.4756250000000001 0.21416666666666667
0 0.029375000000000002 0.8941666666666667 0.056874999999999995 0.8925000000000001 0.06625 0.9041666666666666 0.071875 0.905 0.078125 0.9041666666666666 0.07875000000000001 0.8958333333333334 0.08125 0.8916666666666666 0.084375 0.8925000000000001 0.08687500000000001 0.8891666666666665 0.09875 0.885 0.146875 0.8866666666666667 0.171875 0.8833333333333334 0.17875000000000002 0.8783333333333333 0.1925 0.8766666666666666 0.31125 0.8775000000000001 0.338125 0.8833333333333334 0.364375 0.8825 0.374375 0.8775000000000001 0.390625 0.8783333333333333 0.40687500000000004 0.885 0.425 0.8875 0.43500000000000005 0.885 0.460625 0.8866666666666667 0.464375 0.8833333333333334 0.465625 0.875 0.46312500000000006 0.8408333333333333 0.45875000000000005 0.8208333333333334 0.458125 0.7966666666666666 0.45499999999999996 0.7899999999999999 0.41000000000000003 0.7858333333333334 0.40062500000000006 0.7908333333333333 0.38 0.7891666666666667 0.36312500000000003 0.7841666666666667 0.34 0.7858333333333334 0.334375 0.7883333333333333 0.30500000000000005 0.7875 0.295625 0.7849999999999999 0.24562500000000004 0.7875 0.21375000000000002 0.7849999999999999 0.17875000000000002 0.7891666666666667 0.15375 0.7866666666666666 0.108125 0.7933333333333333 0.08125 0.7899999999999999 0.07 0.7925 0.06375 0.7983333333333333 0.05 0.7983333333333333 0.045625000000000006 0.8033333333333333 0.043125000000000004 0.8133333333333332 0.036875000000000005 0.8616666666666667 0.025625000000000002 0.8833333333333334 0.025625000000000002 0.8908333333333334 0.029375000000000002 0.8941666666666667
0 0.9984375 0.45625 0.0015625 0.00078125
0 0.476875 0.4133333333333333 0.47125000000000006 0.46333333333333326 0.473125 0.48 0.495 0.48166666666666663 0.5050000000000001 0.495 0.5118750000000001 0.49833333333333335 0.514375 0.49416666666666664 0.5175000000000001 0.49749999999999994 0.51875 0.4925 0.5225000000000001 0.49416666666666664 0.525625 0.4875 0.525 0.4841666666666667 0.5275000000000001 0.48166666666666663 0.55 0.47833333333333333 0.559375 0.47833333333333333 0.5700000000000001 0.4833333333333333 0.5787500000000001 0.4791666666666667 0.6112500000000001 0.47750000000000004 0.6893750000000001 0.4791666666666667 0.700625 0.48250000000000004 0.7025 0.485 0.70125 0.4875 0.7056250000000001 0.4916666666666667 0.723125 0.49083333333333334 0.7256250000000001 0.4875 0.7256250000000001 0.48250000000000004 0.7375 0.48083333333333333 0.75875 0.48583333333333334 0.765 0.49416666666666664 0.7706250000000001 0.4916666666666667 0.7768750000000001 0.49416666666666664 0.7881250000000001 0.48583333333333334 0.806875 0.48583333333333334 0.818125 0.4883333333333333 0.8256249999999999 0.5008333333333332 0.8325000000000001 0.5025000000000001 0.8425 0.5016666666666667 0.849375 0.48916666666666664 0.8731250000000002 0.4875 0.8675 0.48 0.8637500000000001 0.4625 0.8643750000000001 0.4491666666666666 0.8568749999999999 0.41916666666666663 0.850625 0.4141666666666667 0.8375 0.4125 0.8293750000000001 0.39583333333333337 0.82125 0.39166666666666666 0.8125 0.39249999999999996 0.80375 0.4 0.795 0.40083333333333326 0.791875 0.40499999999999997 0.779375 0.4083333333333333 0.7768750000000001 0.39499999999999996 0.76875 0.3875 0.74875 0.3883333333333333 0.74375 0.3975 0.7375 0.40166666666666667 0.724375 0.3908333333333333 0.7212500000000001 0.3933333333333333 0.721875 0.39666666666666667 0.72 0.39916666666666667 0.71875 0.39416666666666667 0.7125 0.38666666666666666 0.7075 0.385 0.693125 0.385 0.681875 0.38916666666666666 0.67625 0.38333333333333336 0.665 0.38249999999999995 0.621875 0.38416666666666666 0.6162500000000001 0.38166666666666665 0.598125 0.38249999999999995 0.5925 0.38583333333333336 0.573125 0.38333333333333336 0.56 0.38583333333333336 0.515625 0.38333333333333336 0.504375 0.385 0.49812500000000004 0.38 0.48812500000000003 0.38 0.4800000000000001 0.38249999999999995 0.476875 0.38666666666666666 0.479375 0.4058333333333334 0.476875 0.4133333333333333
0 0.86640625 0.9984375 0.00078125 0.00078125
0 0.874375 0.9991666666666668 0.8724999999999999 0.9974999999999999 0.8712500000000001 0.9991666666666668 0.874375 0.9991666666666668
0 0.7275 0.9483333333333333 0.72875 0.9458333333333334 0.726875 0.9441666666666666 0.725 0.9458333333333334 0.7275 0.9483333333333333
0 0.475 0.9691666666666666 0.475 0.9800000000000001 0.46937500000000004 0.9941666666666666 0.47625 0.9991666666666668 0.525625 0.9991666666666668 0.5275000000000001 0.9966666666666667 0.5381250000000001 0.9966666666666667 0.54 0.9991666666666668 0.5831250000000001 0.9991666666666668 0.5875 0.9958333333333333 0.5975 0.9949999999999999 0.6143750000000001 0.9949999999999999 0.623125 0.9991666666666668 0.6681250000000001 0.9949999999999999 0.6837500000000001 0.9958333333333333 0.68875 0.9991666666666668 0.71375 0.9991666666666668 0.7193750000000001 0.9958333333333333 0.735625 0.9949999999999999 0.7456250000000001 0.9958333333333333 0.74875 0.9991666666666668 0.769375 0.9991666666666668 0.78125 0.9925 0.7825 0.9941666666666666 0.7825 0.9891666666666665 0.7887500000000001 0.99 0.789375 0.9941666666666666 0.79625 0.9925 0.8081250000000001 0.9991666666666668 0.83125 0.9949999999999999 0.850625 0.9966666666666667 0.85375 0.9941666666666666 0.8474999999999999 0.9775 0.85 0.9675 0.8474999999999999 0.9558333333333333 0.85 0.9491666666666667 0.8425 0.9458333333333334 0.7887500000000001 0.9475 0.771875 0.9441666666666666 0.7681250000000001 0.9483333333333333 0.7075 0.95 0.704375 0.9433333333333334 0.70125 0.9425000000000001 0.6993750000000001 0.945 0.7010418749999999 0.95 0.65125 0.9541666666666666 0.641875 0.9458333333333334 0.638125 0.9491666666666667 0.6362500000000001 0.9458333333333334 0.638125 0.9533333333333334 0.6225 0.9533333333333334 0.613125 0.9574999999999999 0.604375 0.9566666666666667 0.601875 0.9491666666666667 0.599375 0.9525 0.59375 0.9516666666666665 0.5775 0.9574999999999999 0.55 0.9591666666666667 0.54625 0.9550000000000001 0.5431250000000001 0.9583333333333334 0.529375 0.9625 0.4987500000000001 0.9616666666666667 0.48937500000000006 0.9641666666666666 0.48375 0.9625 0.4800000000000001 0.9650000000000001 0.47875000000000006 0.96 0.4756250000000001 0.9591666666666667 0.476875 0.9666666666666666 0.475 0.9691666666666666
0 0.859375 0.32999999999999996 0.8612500000000001 0.3275 0.8612500000000001 0.32083333333333336 0.8556250000000001 0.315 0.8550000000000001 0.32 0.859375 0.32999999999999996
0 0.8675 0.3275 0.8668750000000001 0.3308333333333333 0.8625 0.335 0.859375 0.33249999999999996 0.8606250000000001 0.33416666666666667 0.85875 0.3383333333333333 0.8618750000000001 0.3433333333333333 0.8625 0.35333333333333333 0.865 0.35833333333333334 0.865 0.37333333333333335 0.8712500000000001 0.38416666666666666 0.8775000000000001 0.38583333333333336 0.8800000000000001 0.38916666666666666 0.878125 0.4091666666666667 0.8800000000000001 0.41 0.881875 0.41833333333333333 0.880625 0.41083333333333333 0.8862500000000001 0.41083333333333333 0.8868750000000001 0.41833333333333333 0.8887500000000002 0.4083333333333333 0.9018750000000001 0.40166666666666667 0.925 0.4033333333333333 0.9493750000000001 0.3975 0.976875 0.39916666666666667 0.9806250000000001 0.39666666666666667 0.9875 0.40166666666666667 0.99375 0.3983333333333333 0.9975000000000002 0.38666666666666666 0.999375 0.38583333333333336 0.999375 0.36083333333333334 0.9975000000000002 0.36 0.9962500000000001 0.34249999999999997 0.999375 0.3383333333333333 0.9975000000000002 0.335 0.999375 0.33166666666666667 0.999375 0.31916666666666665 0.9943750000000001 0.3175 0.9962500000000001 0.3125 0.9950000000000001 0.3 0.9881250000000001 0.3 0.98375 0.30416666666666664 0.9668750000000002 0.30416666666666664 0.959375 0.30666666666666664 0.9325000000000001 0.30416666666666664 0.914375 0.3058333333333333 0.906875 0.30333333333333334 0.900625 0.31 0.8712500000000001 0.3125 0.8675 0.31416666666666665 0.8637500000000001 0.32083333333333336 0.8637500000000001 0.325 0.8675 0.3275
0 0.02375 0.5708333333333333 0.01875 0.5775 0.0225 0.5808333333333333 0.038125000000000006 0.5841666666666667 0.043125000000000004 0.5916666666666667 0.043125000000000004 0.5958333333333333 0.058750000000000004 0.595 0.061875 0.5891666666666666 0.061250000000000006 0.5833333333333333 0.080625 0.5791666666666667 0.12062500000000001 0.58 0.15375 0.5766666666666667 0.190625 0.5791666666666667 0.221875 0.5758333333333333 0.26875 0.5783333333333334 0.275 0.575 0.2875 0.5741666666666666 0.316875 0.5808333333333333 0.36750000000000005 0.5783333333333334 0.37750000000000006 0.5808333333333333 0.39437500000000003 0.5791666666666667 0.445625 0.5841666666666667 0.46375 0.5816666666666667 0.46687500000000004 0.5741666666666666 0.46312500000000006 0.5533333333333333 0.449375 0.5441666666666667 0.436875 0.5016666666666667 0.4325 0.495 0.43375 0.4875 0.43187500000000006 0.4833333333333333 0.378125 0.4791666666666667 0.365625 0.4841666666666667 0.36312500000000003 0.48 0.33625000000000005 0.48083333333333333 0.32 0.4758333333333333 0.28937500000000005 0.4758333333333333 0.27937500000000004 0.47833333333333333 0.271875 0.4725 0.23562500000000003 0.4725 0.230625 0.4758333333333333 0.224375 0.47333333333333333 0.21187499999999998 0.475 0.203125 0.4716666666666667 0.165 0.4725 0.14750000000000002 0.47750000000000004 0.14 0.475 0.13687500000000002 0.48166666666666663 0.133125 0.48166666666666663 0.12687500000000002 0.4766666666666667 0.09187500000000001 0.4741666666666666 0.085 0.47750000000000004 0.080625 0.4766666666666667 0.081875 0.4833333333333333 0.074375 0.49916666666666665 0.05437500000000001 0.5 0.04875 0.5041666666666667 0.0325 0.5650000000000001 0.02375 0.5708333333333333
0 0.28 0.9958333333333333 0.27875 0.9933333333333334 0.27437500000000004 0.9949999999999999 0.28 0.9958333333333333
0 0.12562500000000001 0.9941666666666666 0.121875 0.9933333333333334 0.12062500000000001 0.9941666666666666 0.12562500000000001 0.9941666666666666
0 0.0775 0.9958333333333333 0.0775 0.9933333333333334 0.07562500000000001 0.9949999999999999 0.0775 0.9958333333333333
0 0.365625 0.9941666666666666 0.3625 0.9925 0.36125 0.9941666666666666 0.365625 0.9941666666666666
0 0.11875 0.9941666666666666 0.11625 0.9925 0.115625 0.9949999999999999 0.11875 0.9941666666666666
0 0.43187500000000006 0.9958333333333333 0.433125 0.9941666666666666 0.43125 0.9916666666666666 0.429375 0.9941666666666666 0.43187500000000006 0.9958333333333333
0 0.2675 0.9941666666666666 0.265625 0.9908333333333333 0.255 0.9933333333333334 0.253125 0.9941666666666666 0.2675 0.9941666666666666
0 0.2234375 0.98828125 0.00078125 0.00078125
0 0.295625 0.9966666666666667 0.309375 0.9966666666666667 0.311875 0.9941666666666666 0.31062500000000004 0.99 0.30250000000000005 0.9891666666666665 0.30125 0.9866666666666667 0.29875 0.9875 0.29937500000000006 0.9916666666666666 0.28937500000000005 0.9925 0.28687500000000005 0.9941666666666666 0.295625 0.9966666666666667
0 0.03375 0.9841666666666666 0.03375 0.9875 0.03937500000000001 0.9925 0.046875 0.9933333333333334 0.05625 0.99 0.060625000000000005 0.9925 0.061875 0.99 0.071875 0.9883333333333333 0.095625 0.9875 0.1075 0.9891666666666665 0.109375 0.9941666666666666 0.110625 0.9891666666666665 0.12062500000000001 0.9866666666666667 0.14750000000000002 0.9875 0.16187500000000002 0.9824999999999999 0.17250000000000001 0.9824999999999999 0.20125 0.9841666666666666 0.20375000000000001 0.9908333333333333 0.195625 0.9941666666666666 0.20625 0.9941666666666666 0.213125 0.9991666666666668 0.216875 0.9916666666666666 0.21937500000000001 0.9958333333333333 0.2203125 0.9916666666666666 0.22375000000000003 0.9916666666666666 0.225 0.9958333333333333 0.22875 0.9958333333333333 0.23000000000000004 0.9933333333333334 0.2325 0.9958333333333333 0.23312500000000003 0.9916666666666666 0.2375 0.9908333333333333 0.23875000000000002 0.9966666666666667 0.24250000000000002 0.9966666666666667 0.24375 0.9933333333333334 0.241875 0.9908333333333333 0.24125000000000002 0.9800000000000001 0.248125 0.9791666666666666 0.2675 0.9824999999999999 0.281875 0.9816666666666667 0.290625 0.9783333333333333 0.30062500000000003 0.9824999999999999 0.31062500000000004 0.9816666666666667 0.32062500000000005 0.9891666666666665 0.323125 0.9875 0.321875 0.9833333333333334 0.328125 0.9824999999999999 0.33187500000000003 0.9858333333333332 0.340625 0.9800000000000001 0.346875 0.9824999999999999 0.35500000000000004 0.9800000000000001 0.37312500000000004 0.9824999999999999 0.37875000000000003 0.9791666666666666 0.42062499999999997 0.9824999999999999 0.459375 0.9816666666666667 0.46375 0.9641666666666666 0.46125 0.9283333333333333 0.4575 0.9175000000000001 0.4600000000000001 0.9108333333333333 0.4575 0.9041666666666666 0.458125 0.9 0.45437500000000003 0.8925000000000001 0.446875 0.89 0.41125 0.8908333333333334 0.4025 0.8858333333333333 0.390625 0.8833333333333334 0.3725 0.8841666666666667 0.36625 0.8875 0.3625 0.885 0.33687500000000004 0.8866666666666667 0.31062500000000004 0.8791666666666667 0.29812500000000003 0.8800000000000001 0.293125 0.8833333333333334 0.27937500000000004 0.8783333333333333 0.22749999999999998 0.8816666666666666 0.20625 0.8791666666666667 0.17625000000000002 0.8825 0.16 0.8883333333333333 0.150625 0.8866666666666667 0.13125 0.8916666666666666 0.096875 0.89 0.09 0.8925000000000001 0.08375 0.9058333333333334 0.064375 0.9099999999999999 0.060625000000000005 0.915 0.048125 0.9691666666666666 0.03375 0.9841666666666666