0 0 0.20625 0.00625 0.20625 0.015625 0.2109375 0.009375 0.21484375 0.011458333333333333 0.22890625 0.021875 0.24921875 0.03020833333333333 0.2546875 0.029166666666666664 0.26015625 0.04583333333333333 0.29296875 0.07708333333333332 0.3109375 0.121875 0.33046875 0.12291666666666665 0.325 0.1125 0.29296875 0.103125 0.284375 0.09583333333333333 0.26875 0.084375 0.2578125 0.08333333333333333 0.2546875 0.08958333333333332 0.2515625 0.071875 0.21875 0.06041666666666666 0.2078125 0.05 0.21015625 0.03854166666666666 0.196875 0.03020833333333333 0.19609375 0.02708333333333333 0.19921875 0.011458333333333333 0.18671875 0 0.1890625 0 0.20625
0 0.6166666666666666 0.53515625 0.6260416666666666 0.54296875 0.6645833333333333 0.55703125 0.6708333333333333 0.55390625 0.6822916666666666 0.55703125 0.690625 0.55625 0.703125 0.56796875 0.7572916666666666 0.58984375 0.7802083333333333 0.60546875 0.834375 0.62421875 0.8625 0.63828125 0.890625 0.64375 0.909375 0.621875 0.9322916666666666 0.60546875 0.940625 0.58828125 0.9625 0.5609375 0.9739583333333333 0.5546875 0.9947916666666666 0.53125 0.9989583333333332 0.5234375 0.9989583333333332 0.47734375 0.9885416666666667 0.47578125 0.9760416666666666 0.4625 0.9552083333333332 0.465625 0.9385416666666666 0.46015625 0.9239583333333332 0.4484375 0.9177083333333332 0.44765625 0.9041666666666666 0.4515625 0.8864583333333332 0.44609375 0.8760416666666666 0.43203125 0.8697916666666666 0.43203125 0.859375 0.43671875 0.8510416666666666 0.4359375 0.8416666666666666 0.4328125 0.8302083333333332 0.4203125 0.815625 0.42109375 0.8 0.41640625 0.7833333333333333 0.40546875 0.7708333333333333 0.40625 0.7604166666666666 0.40390625 0.759375 0.41484375 0.7520833333333333 0.41875 0.7375 0.4203125 0.734375 0.4265625 0.7260416666666666 0.42890625 0.7166666666666666 0.4203125 0.7114583333333333 0.42734375 0.70625 0.42890625 0.7052083333333333 0.4328125 0.6989583333333333 0.4296875 0.6927083333333333 0.43125 0.6833333333333333 0.44375 0.675 0.45 0.6645833333333333 0.45234375 0.653125 0.46796875 0.646875 0.47265625 0.6364583333333333 0.47265625 0.625 0.48828125 0.6177083333333333 0.49375 0.609375 0.49453125 0.6020833333333333 0.50078125 0.5895833333333333 0.52265625 0.6166666666666666 0.53515625
0 0.029166666666666664 0.43828125 0.03333333333333333 0.44609375 0.08854166666666666 0.475 0.11666666666666665 0.49296875 0.12708333333333333 0.4921875 0.14479166666666665 0.484375 0.16770833333333332 0.4734375 0.16979166666666665 0.46796875 0.190625 0.45625 0.2052083333333333 0.45234375 0.2375 0.434375 0.246875 0.43203125 0.2375 0.41796875 0.228125 0.41640625 0.18333333333333332 0.39375 0.159375 0.38515625 0.15104166666666666 0.390625 0.1375 0.38984375 0.128125 0.39921875 0.11666666666666665 0.3984375 0.10625 0.40859375 0.09479166666666666 0.40703125 0.0875 0.4171875 0.071875 0.4171875 0.06354166666666666 0.4265625 0.046875 0.42734375 0.042708333333333334 0.4375 0.029166666666666664 0.43828125
0 0.3833333333333333 0.40703125 0.4333333333333333 0.42578125 0.459375 0.43671875 0.4739583333333333 0.44609375 0.5 0.45546875 0.50625 0.46328125 0.5427083333333333 0.478125 0.5604166666666666 0.4890625 0.578125 0.4921875 0.5927083333333333 0.48828125 0.609375 0.47578125 0.6322916666666666 0.46484375 0.640625 0.45546875 0.653125 0.45234375 0.6645833333333333 0.44609375 0.671875 0.4375 0.6947916666666666 0.4265625 0.7135416666666666 0.41328125 0.7239583333333333 0.41015625 0.7333333333333333 0.4015625 0.740625 0.3984375 0.7510416666666666 0.40625 0.7427083333333333 0.3984375 0.7489583333333333 0.396875 0.7479166666666666 0.38671875 0.740625 0.37734375 0.7229166666666667 0.37578125 0.7072916666666667 0.36171875 0.6895833333333333 0.3640625 0.6791666666666666 0.3578125 0.675 0.3515625 0.6541666666666666 0.35546875 0.640625 0.33828125 0.6322916666666666 0.3375 0.621875 0.340625 0.60625 0.3265625 0.5895833333333333 0.3296875 0.5770833333333333 0.31640625 0.5604166666666666 0.31796875 0.5489583333333333 0.30703125 0.5416666666666666 0.31015625 0.534375 0.32265625 0.5291666666666666 0.32578125 0.521875 0.31953125 0.5166666666666666 0.3203125 0.5010416666666666 0.33984375 0.4927083333333333 0.33359375 0.4885416666666666 0.33359375 0.4739583333333333 0.35390625 0.4604166666666666 0.346875 0.4427083333333333 0.36796875 0.4291666666666666 0.36171875 0.4239583333333333 0.365625 0.4197916666666666 0.378125 0.4135416666666666 0.38359375 0.4072916666666666 0.384375 0.40104166666666663 0.37890625 0.3958333333333333 0.37890625 0.3895833333333333 0.38671875 0.38229166666666664 0.40078125 0.3833333333333333 0.40703125
0 0.396875 0.45859375 0.4 0.4875 0.4145833333333333 0.5390625 0.4427083333333333 0.66796875 0.471875 0.6890625 0.5052083333333333 0.70703125 0.55625 0.74453125 0.56875 0.75234375 0.5770833333333333 0.75390625 0.5802083333333333 0.74921875 0.58125 0.734375 0.5791666666666666 0.534375 0.5822916666666667 0.51875 0.60625 0.4890625 0.621875 0.484375 0.634375 0.46875 0.6541666666666666 0.46015625 0.65625 0.45390625 0.66875 0.44296875 0.6791666666666666 0.43984375 0.6927083333333333 0.4265625 0.709375 0.42109375 0.71875 0.41484375 0.7239583333333333 0.4171875 0.7260416666666666 0.4109375 0.7333333333333333 0.40546875 0.74375 0.40390625 0.746875 0.40625 0.7458333333333333 0.41484375 0.7541666666666667 0.4109375 0.7447916666666666 0.3796875 0.721875 0.37578125 0.709375 0.36328125 0.6895833333333333 0.3640625 0.6739583333333333 0.3515625 0.6541666666666666 0.35546875 0.640625 0.33828125 0.621875 0.33984375 0.60625 0.3265625 0.6020833333333333 0.32578125 0.5916666666666666 0.3296875 0.5770833333333333 0.31640625 0.5604166666666666 0.3171875 0.55 0.30625 0.5458333333333333 0.30625 0.53125 0.32265625 0.5239583333333333 0.31953125 0.515625 0.3203125 0.5020833333333333 0.3390625 0.4927083333333333 0.33359375 0.4875 0.334375 0.4729166666666666 0.35390625 0.4614583333333333 0.346875 0.4427083333333333 0.3671875 0.4291666666666666 0.36171875 0.4125 0.384375 0.4072916666666666 0.384375 0.403125 0.37890625 0.396875 0.37890625 0.38125 0.40078125 0.3895833333333333 0.44453125 0.396875 0.45859375
0 0 0.0900390625 0 0.1515625 0.004166666666666667 0.1546875 0 0.1578125 0 0.17578125 0.003125 0.178125 0 0.18671875 0 0.209375 0.007291666666666666 0.21015625 0.011458333333333333 0.2296875 0.021875 0.24921875 0.029166666666666664 0.2546875 0.028125 0.26015625 0.04895833333333333 0.29609375 0.09270833333333332 0.31875 0.121875 0.33046875 0.12083333333333332 0.31015625 0.115625 0.29453125 0.10104166666666665 0.27890625 0.09791666666666667 0.27265625 0.1 0.26875 0.09375 0.26484375 0.09479166666666666 0.25703125 0.08645833333333333 0.23125 0.08020833333333333 0.2265625 0.078125 0.21875 0.07291666666666666 0.21640625 0.07395833333333332 0.21328125 0.06770833333333333 0.209375 0.06770833333333333 0.20078125 0.06041666666666666 0.18828125 0.05625 0.171875 0.046875 0.1671875 0.03854166666666666 0.15390625 0.03854166666666666 0.15 0.042708333333333334 0.146875 0.03125 0.11875 0.025 0.1125 0.02395833333333333 0.10546875 0.016666666666666666 0.0984375 0.011458333333333333 0.08671875 0.008333333333333333 0.090625 0.0010416666666666667 0.0859375 0.005208333333333333 0.0890625 0 0.0900390625
0 0.03229166666666666 0.453125 0.06875 0.50390625 0.078125 0.51171875 0.15625 0.55390625 0.171875 0.55 0.2208333333333333 0.51953125 0.246875 0.50859375 0.271875 0.49140625 0.271875 0.48359375 0.25416666666666665 0.4390625 0.24166666666666664 0.421875 0.184375 0.39375 0.15729166666666666 0.38359375 0.15 0.38984375 0.1375 0.38984375 0.12916666666666665 0.3984375 0.115625 0.39921875 0.10833333333333332 0.4078125 0.09375 0.4078125 0.0875 0.4171875 0.07395833333333332 0.41640625 0.0625 0.42734375 0.05 0.42578125 0.042708333333333334 0.43671875 0.029166666666666664 0.4359375 0.028125 0.44296875 0.03229166666666666 0.453125
0 0.4072916666666666 0.2796875 0.4072916666666666 0.27734375 0.4041666666666666 0.27890625 0.4072916666666666 0.2796875
0 0.4135416666666666 0.2296875 0.4104166666666666 0.2265625 0.4114583333333333 0.23515625 0.4135416666666666 0.2296875
0 0.2453125 0.02578125 0.00078125 0.0015625
0 0.12291666666666665 0.02578125 0.115625 0.01171875 0.115625 0.0296875 0.12291666666666665 0.02578125
0 0.315625 0.01328125 0.31354166666666666 0.00625 0.3083333333333333 0.01015625 0.309375 0.015625 0.315625 0.01328125
0 0.13020833333333331 0.0390625 0.12604166666666666 0.03984375 0.11979166666666666 0.0359375 0.1125 0.03828125 0.11354166666666665 0.04921875 0.13333333333333333 0.096875 0.13645833333333332 0.11328125 0.140625 0.12109375 0.14791666666666664 0.12578125 0.15 0.14921875 0.16458333333333333 0.18828125 0.175 0.20546875 0.17708333333333331 0.22109375 0.18333333333333332 0.23046875 0.19479166666666664 0.26875 0.2052083333333333 0.2828125 0.209375 0.303125 0.21875 0.325 0.2270833333333333 0.3359375 0.2333333333333333 0.3625 0.246875 0.38515625 0.25 0.39609375 0.27604166666666663 0.41875 0.31354166666666666 0.43515625 0.35416666666666663 0.459375 0.375 0.46328125 0.390625 0.471875 0.39375 0.4703125 0.39375 0.465625 0.3802083333333333 0.4390625 0.3802083333333333 0.41484375 0.375 0.4015625 0.38125 0.38359375 0.3802083333333333 0.3796875 0.3729166666666667 0.378125 0.36979166666666663 0.37265625 0.37916666666666665 0.371875 0.3833333333333333 0.36875 0.40104166666666663 0.36953125 0.4083333333333333 0.3765625 0.4083333333333333 0.36953125 0.4135416666666666 0.36640625 0.40625 0.28984375 0.3989583333333333 0.28203125 0.4 0.27578125 0.4072916666666666 0.26796875 0.3958333333333333 0.240625 0.39791666666666664 0.21953125 0.39375 0.21640625 0.3927083333333333 0.20859375 0.396875 0.20546875 0.3927083333333333 0.20234375 0.396875 0.2 0.3885416666666667 0.2 0.3864583333333333 0.18828125 0.38125 0.18828125 0.37604166666666666 0.1796875 0.3833333333333333 0.15078125 0.378125 0.14375 0.3802083333333333 0.13671875 0.375 0.1328125 0.3770833333333333 0.1109375 0.3677083333333333 0.08984375 0.3708333333333333 0.0796875 0.3625 0.06875 0.3625 0.0609375 0.3552083333333333 0.0609375 0.3520833333333333 0.06328125 0.3489583333333333 0.06015625 0.3375 0.06171875 0.3239583333333333 0.06015625 0.3208333333333333 0.05625 0.321875 0.0484375 0.3260416666666667 0.04609375 0.334375 0.05078125 0.3458333333333333 0.04296875 0.353125 0.0484375 0.3583333333333333 0.04921875 0.3625 0.04609375 0.3625 0.0328125 0.359375 0.0296875 0.3614583333333333 0.025 0.35625 0.0203125 0.3520833333333333 0.0046875 0.3458333333333333 0 0.3416666666666667 0.00390625 0.33541666666666664 0.0046875 0.3239583333333333 0.00234375 0.32291666666666663 0.01328125 0.3177083333333333 0.01484375 0.3177083333333333 0.01875 0.3114583333333333 0.021875 0.3114583333333333 0.0390625 0.3145833333333333 0.0453125 0.3104166666666667 0.04921875 0.3104166666666667 0.05390625 0.303125 0.06171875 0.2947916666666667 0.059375 0.28541666666666665 0.06640625 0.2802083333333333 0.0640625 0.2802083333333333 0.0578125 0.25104166666666666 0.06875 0.240625 0.06015625 0.2333333333333333 0.0609375 0.2270833333333333 0.0515625 0.22916666666666666 0.03984375 0.2145833333333333 0.034375 0.21354166666666666 0.025 0.203125 0.02578125 0.20416666666666666 0.03515625 0.19895833333333332 0.04296875 0.19270833333333331 0.04609375 0.18541666666666665 0.03515625 0.17604166666666665 0.03515625 0.17291666666666666 0.0328125 0.17083333333333334 0.025 0.16458333333333333 0.0234375 0.15104166666666666 0.0296875 0.146875 0.02265625 0.140625 0.01953125 0.134375 0.021875 0.12916666666666665 0.02578125 0.13020833333333331 0.0390625
0 0.24791666666666665 0.01328125 0.2520833333333333 0.01640625 0.259375 0.015625 0.26666666666666666 0.01875 0.25416666666666665 0.021875 0.2583333333333333 0.02578125 0.26875 0.021875 0.26979166666666665 0.015625 0.2739583333333333 0.01484375 0.284375 0.01953125 0.290625 0.0296875 0.296875 0.02890625 0.2947916666666667 0.025 0.296875 0.01484375 0.30104166666666665 0.01171875 0.3 0.003125 0.28541666666666665 0.0046875 0.275 0 0.27291666666666664 0.00234375 0.25729166666666664 0.0046875 0.2520833333333333 0.0125 0.24791666666666665 0.01328125