0 0.63671875 0.3298969072164949 0.6390625 0.33333333333333337 0.63671875 0.34536082474226804 0.64140625 0.3470790378006873 0.640625 0.359106529209622 0.65234375 0.4072164948453609 0.66171875 0.42439862542955326 0.675 0.4828178694158076 0.68046875 0.4896907216494846 0.72578125 0.48797250859106533 0.73125 0.4776632302405499 0.74609375 0.4742268041237113 0.75234375 0.4828178694158076 0.75546875 0.4776632302405499 0.75671875 0.4828178694158076 0.78984375 0.47938144329896915 0.80390625 0.4965635738831615 0.81796875 0.5326460481099657 0.8265625 0.5395189003436427 0.83828125 0.5068728522336771 0.83828125 0.4965635738831615 0.8484375 0.4725085910652921 0.8484375 0.4604810996563574 0.84609375 0.4553264604810997 0.81328125 0.4020618556701031 0.80703125 0.38316151202749144 0.78828125 0.3470790378006873 0.778125 0.33676975945017185 0.771875 0.31615120274914094 0.76015625 0.29896907216494845 0.75078125 0.29553264604810997 0.73203125 0.3041237113402062 0.715625 0.302405498281787 0.6515625 0.31271477663230246 0.64296875 0.3075601374570447 0.6296875 0.30927835051546393 0.63359375 0.33676975945017185 0.63671875 0.3298969072164949
0 0.2125 0.6666666666666667 0.228125 0.6597938144329898 0.240625 0.6254295532646049 0.24296875 0.6082474226804124 0.2515625 0.5824742268041238 0.2515625 0.5721649484536082 0.2484375 0.5652920962199313 0.19296875 0.5721649484536082 0.16328125 0.6529209621993128 0.16328125 0.6735395189003437 0.2125 0.6666666666666667
0 0.1390625 0.5910652920962199 0.1765625 0.5979381443298969 0.19140625 0.570446735395189 0.2015625 0.563573883161512 0.21171875 0.5240549828178694 0.21875 0.513745704467354 0.21875 0.5051546391752578 0.21640625 0.4948453608247423 0.2109375 0.4914089347079038 0.1703125 0.4896907216494846 0.1546875 0.5051546391752578 0.1453125 0.534364261168385 0.1359375 0.5515463917525774 0.1328125 0.5756013745704468 0.1390625 0.5910652920962199
0 0.1609375 0.8436426116838488 0.15859375 0.8436426116838488 0.1609375 0.8487972508591065 0.1609375 0.8436426116838488
0 0.0609375 0.9072164948453609 0.05703125 0.9106529209621994 0.05703125 0.9158075601374571 0.05078125 0.9175257731958764 0.0546875 0.9226804123711341 0.05390625 0.9501718213058419 0.05625 0.9587628865979383 0.1265625 0.9518900343642611 0.13359375 0.9432989690721649 0.12890625 0.9381443298969072 0.13203125 0.9278350515463918 0.128125 0.9192439862542956 0.13984375 0.9192439862542956 0.14375 0.9106529209621994 0.14609375 0.9003436426116839 0.1421875 0.8951890034364262 0.1484375 0.88659793814433 0.14453125 0.8625429553264606 0.15234375 0.8591065292096222 0.15234375 0.852233676975945 0.15625 0.8470790378006873 0.153125 0.8436426116838488 0.15546875 0.8367697594501718 0.14609375 0.8402061855670103 0.14453125 0.8333333333333334 0.15 0.8264604810996564 0.14140625 0.8041237113402062 0.1328125 0.7989690721649485 0.13515625 0.7903780068728523 0.1234375 0.79553264604811 0.11640625 0.7886597938144331 0.0953125 0.7938144329896908 0.09140625 0.7989690721649485 0.08984375 0.8144329896907218 0.08125 0.8281786941580757 0.078125 0.8419243986254296 0.06484375 0.8539518900343642 0.0625 0.8745704467353953 0.053125 0.8900343642611684 0.05546875 0.9003436426116839 0.0609375 0.9072164948453609
0 0.584375 0.3505154639175258 0.5921875 0.365979381443299 0.60859375 0.359106529209622 0.63671875 0.359106529209622 0.6296875 0.33676975945017185 0.62734375 0.3144329896907217 0.6203125 0.302405498281787 0.5953125 0.30068728522336774 0.58046875 0.30927835051546393 0.58046875 0.3298969072164949 0.584375 0.3505154639175258
0 0.3421875 0.9381443298969072 0.35546875 0.9862542955326461 0.365625 0.9896907216494846 0.38984375 0.9742268041237114 0.4046875 0.9742268041237114 0.4140625 0.9845360824742269 0.4296875 0.9845360824742269 0.4359375 0.9793814432989691 0.4375 0.9690721649484537 0.42890625 0.9106529209621994 0.4265625 0.8676975945017184 0.428125 0.7989690721649485 0.42578125 0.7542955326460482 0.35625 0.7611683848797252 0.35234375 0.7680412371134021 0.35078125 0.8041237113402062 0.3453125 0.8316151202749141 0.3390625 0.9175257731958764 0.3421875 0.9381443298969072
0 0.5015625 0.49828178694158076 0.51875 0.4914089347079038 0.55 0.4896907216494846 0.55390625 0.4828178694158076 0.546875 0.4295532646048111 0.54296875 0.4209621993127148 0.49609375 0.4312714776632303 0.49609375 0.4776632302405499 0.5015625 0.49828178694158076
0 0.78359375 0.4553264604810997 0.79140625 0.47938144329896915 0.80234375 0.4914089347079038 0.80703125 0.5034364261168386 0.83828125 0.4948453608247423 0.8484375 0.47594501718213056 0.8484375 0.4587628865979382 0.83515625 0.4347079037800688 0.83046875 0.43298969072164956 0.79609375 0.365979381443299 0.7890625 0.36426116838487976 0.78828125 0.3470790378006873 0.77890625 0.3384879725085911 0.7640625 0.3350515463917526 0.76640625 0.3247422680412372 0.771875 0.32130584192439865 0.77109375 0.3178694158075602 0.7578125 0.3041237113402062 0.7453125 0.31099656357388317 0.74453125 0.32130584192439865 0.74140625 0.3264604810996564 0.73046875 0.3264604810996564 0.7296875 0.33161512027491413 0.78359375 0.4553264604810997
0 0.625 0.31271477663230246 0.6328125 0.3470790378006873 0.64609375 0.372852233676976 0.64765625 0.38487972508591073 0.64921875 0.37972508591065296 0.6453125 0.3694158075601375 0.65078125 0.359106529209622 0.68203125 0.34879725085910657 0.6765625 0.3230240549828179 0.67109375 0.31271477663230246 0.65078125 0.30927835051546393 0.64140625 0.302405498281787 0.62734375 0.3041237113402062 0.625 0.30584192439862545 0.625 0.31271477663230246
0 0.17421875 0.4896907216494846 0.2140625 0.4914089347079038 0.2203125 0.4862542955326461 0.22734375 0.4776632302405499 0.23984375 0.443298969072165 0.24296875 0.4175257731958763 0.19296875 0.422680412371134 0.171875 0.4810996563573884 0.17109375 0.48797250859106533 0.17421875 0.4896907216494846
0 0.590625 0.7577319587628867 0.58984375 0.7697594501718215 0.59296875 0.7749140893470792 0.59140625 0.7920962199312716 0.59375 0.8367697594501718 0.5984375 0.8591065292096222 0.6125 0.8573883161512029 0.61484375 0.8487972508591065 0.6359375 0.8384879725085911 0.65546875 0.8436426116838488 0.66484375 0.852233676975945 0.66484375 0.845360824742268 0.66953125 0.8402061855670103 0.6703125 0.816151202749141 0.66640625 0.8006872852233677 0.665625 0.7749140893470792 0.6578125 0.7577319587628867 0.6609375 0.7474226804123713 0.66484375 0.7474226804123713 0.6578125 0.7439862542955327 0.659375 0.7405498281786942 0.65546875 0.7233676975945018 0.65703125 0.7147766323024055 0.65390625 0.7096219931271478 0.65625 0.7044673539518901 0.646875 0.6993127147766324 0.62421875 0.6993127147766324 0.596875 0.7027491408934708 0.5875 0.7096219931271478 0.5875 0.7508591065292097 0.590625 0.7577319587628867
0 0.80390625 0.49828178694158076 0.8171875 0.534364261168385 0.82890625 0.5429553264604812 0.83984375 0.5085910652920963 0.8390625 0.4914089347079038 0.8203125 0.4896907216494846 0.80390625 0.49312714776632305 0.80390625 0.49828178694158076
0 0.50546875 0.5876288659793815 0.565625 0.577319587628866 0.56171875 0.5223367697594502 0.5578125 0.49828178694158076 0.553125 0.4896907216494846 0.5078125 0.4948453608247423 0.5015625 0.5051546391752578 0.50078125 0.534364261168385 0.50546875 0.5876288659793815
0 0.74609375 0.7353951890034365 0.7671875 0.816151202749141 0.7703125 0.8419243986254296 0.76875 0.852233676975945 0.771875 0.8591065292096222 0.75859375 0.8728522336769761 0.75625 0.88659793814433 0.7484375 0.9003436426116839 0.7453125 0.9175257731958764 0.7296875 0.957044673539519 0.728125 0.9725085910652922 0.73359375 0.9828178694158076 0.7546875 0.9879725085910653 0.7640625 0.9810996563573884 0.790625 0.9862542955326461 0.7984375 0.9828178694158076 0.80390625 0.9690721649484537 0.80546875 0.9810996563573884 0.8015625 0.993127147766323 0.8046875 0.9948453608247423 0.82890625 0.993127147766323 0.84375 0.9862542955326461 0.85859375 0.9896907216494846 0.91484375 0.88659793814433 0.9265625 0.8556701030927837 0.93203125 0.8505154639175257 0.93359375 0.8402061855670103 0.9421875 0.8333333333333334 0.9421875 0.8144329896907218 0.9328125 0.8041237113402062 0.93125 0.7903780068728523 0.921875 0.7783505154639176 0.91875 0.7594501718213059 0.91171875 0.7560137457044674 0.90859375 0.738831615120275 0.903125 0.7336769759450172 0.8984375 0.7164948453608248 0.89140625 0.7079037800687286 0.8890625 0.6924398625429553 0.7859375 0.6993127147766324 0.7390625 0.7096219931271478 0.74140625 0.7268041237113403 0.74609375 0.7353951890034365
0 0.14296875 0.41408934707903783 0.13984375 0.4209621993127148 0.1734375 0.41924398625429554 0.1859375 0.4261168384879725 0.196875 0.41580756013745707 0.2140625 0.3711340206185567 0.2015625 0.365979381443299 0.16953125 0.36769759450171824 0.16015625 0.3762886597938145 0.15546875 0.3917525773195877 0.14609375 0.40549828178694164 0.146875 0.4175257731958763 0.14296875 0.41408934707903783
0 0.65390625 0.40625 0.0015625 0.0015625
0 0.6890625 0.372852233676976 0.6890625 0.365979381443299 0.68515625 0.36769759450171824 0.6890625 0.372852233676976
0 0.634375 0.3505154639175258 0.646875 0.372852233676976 0.646875 0.3814432989690722 0.6515625 0.38659793814432997 0.65078125 0.3969072164948454 0.65390625 0.40034364261168387 0.65546875 0.3934707903780069 0.65234375 0.3917525773195877 0.65 0.3625429553264605 0.6734375 0.3539518900343643 0.68515625 0.359106529209622 0.684375 0.3384879725085911 0.68046875 0.3298969072164949 0.68515625 0.3144329896907217 0.68203125 0.30584192439862545 0.62578125 0.30584192439862545 0.625 0.31271477663230246 0.634375 0.3505154639175258
0 0.51015625 0.8075601374570448 0.51015625 0.9209621993127148 0.51328125 0.9862542955326461 0.5203125 0.9914089347079038 0.53671875 0.9828178694158076 0.55625 0.993127147766323 0.57421875 0.993127147766323 0.58203125 0.9415807560137457 0.5890625 0.8573883161512029 0.5875 0.809278350515464 0.57578125 0.7027491408934708 0.57421875 0.6993127147766324 0.53125 0.7044673539518901 0.5109375 0.7079037800687286 0.50703125 0.7130584192439863 0.50703125 0.7611683848797252 0.51015625 0.8075601374570448
0 0.7328125 0.6890034364261168 0.73984375 0.7027491408934708 0.8765625 0.6890034364261168 0.88046875 0.6838487972508591 0.8796875 0.6649484536082475 0.875 0.661512027491409 0.871875 0.6494845360824744 0.86484375 0.6391752577319588 0.86328125 0.6288659793814434 0.8390625 0.577319587628866 0.709375 0.5859106529209622 0.709375 0.6013745704467355 0.7328125 0.6890034364261168
0 0.35234375 0.79553264604811 0.3578125 0.7783505154639176 0.35546875 0.7731958762886599 0.35234375 0.7800687285223369 0.35234375 0.79553264604811
0 0.3421875 0.8917525773195877 0.340625 0.9003436426116839 0.34140625 0.9312714776632303 0.35078125 0.9776632302405499 0.35625 0.9896907216494846 0.3625 0.993127147766323 0.3828125 0.9810996563573884 0.3984375 0.9810996563573884 0.41328125 0.993127147766323 0.43984375 0.993127147766323 0.4390625 0.9673539518900345 0.4296875 0.9140893470790379 0.42890625 0.8934707903780069 0.42578125 0.8848797250859107 0.42578125 0.809278350515464 0.425 0.79553264604811 0.42109375 0.7886597938144331 0.425 0.7835051546391754 0.4234375 0.7542955326460482 0.36484375 0.7628865979381444 0.36484375 0.7680412371134021 0.3703125 0.7731958762886599 0.36328125 0.7783505154639176 0.3640625 0.7869415807560138 0.3609375 0.7920962199312716 0.36640625 0.7920962199312716 0.371875 0.7835051546391754 0.375 0.7852233676975946 0.37421875 0.7903780068728523 0.3765625 0.7938144329896908 0.378125 0.7800687285223369 0.3953125 0.7783505154639176 0.4015625 0.7920962199312716 0.41015625 0.7938144329896908 0.41171875 0.802405498281787 0.40703125 0.8109965635738833 0.40078125 0.8127147766323025 0.39296875 0.8006872852233677 0.3890625 0.8006872852233677 0.38359375 0.8178694158075602 0.37265625 0.8127147766323025 0.36953125 0.8247422680412372 0.3625 0.8195876288659795 0.35390625 0.8316151202749141 0.34921875 0.8264604810996564 0.3453125 0.845360824742268 0.3453125 0.8900343642611684 0.3421875 0.8917525773195877
0 0.6046875 0.43814432989690727 0.61484375 0.4828178694158076 0.61953125 0.4914089347079038 0.6640625 0.4862542955326461 0.66953125 0.4810996563573884 0.66796875 0.46219931271477666 0.6578125 0.42439862542955326 0.6515625 0.41408934707903783 0.6328125 0.4123711340206186 0.60546875 0.41924398625429554 0.603125 0.42439862542955326 0.6046875 0.43814432989690727
0 0.078125 0.6013745704467355 0.12265625 0.7010309278350516 0.1328125 0.7147766323024055 0.140625 0.7096219931271478 0.15 0.6804123711340206 0.1578125 0.6701030927835052 0.15859375 0.6563573883161513 0.17578125 0.6099656357388317 0.17578125 0.5927835051546392 0.16875 0.5876288659793815 0.15 0.5927835051546392 0.140625 0.577319587628866 0.1390625 0.5532646048109966 0.146875 0.5463917525773196 0.153125 0.5085910652920963 0.09921875 0.5051546391752578 0.09140625 0.513745704467354 0.0875 0.527491408934708 0.0703125 0.5601374570446735 0.06875 0.5738831615120275 0.078125 0.6013745704467355
0 0.234375 0.6460481099656358 0.23515625 0.6546391752577321 0.25390625 0.6563573883161513 0.29921875 0.6460481099656358 0.31171875 0.5824742268041238 0.31484375 0.5532646048109966 0.30625 0.5498281786941581 0.2625 0.5567010309278351 0.25390625 0.5687285223367697 0.2421875 0.6271477663230242 0.234375 0.6460481099656358
0 0.10625 0.6512027491408936 0.1078125 0.6718213058419245 0.1328125 0.7216494845360826 0.140625 0.7147766323024055 0.15859375 0.668384879725086 0.1578125 0.6443298969072165 0.12890625 0.6408934707903781 0.1171875 0.6494845360824744 0.10703125 0.6494845360824744 0.103125 0.6426116838487973 0.10234375 0.6529209621993128 0.10625 0.6512027491408936
0 0.23359375 0.47938144329896915 0.25859375 0.47938144329896915 0.28046875 0.47079037800687284 0.28359375 0.46563573883161513 0.29375 0.4123711340206186 0.2859375 0.40549828178694164 0.24765625 0.41580756013745707 0.23203125 0.46563573883161513 0.23125 0.47594501718213056 0.23359375 0.47938144329896915
0 0.0984375 0.6460481099656358 0.1125 0.6786941580756014 0.11875 0.6872852233676976 0.128125 0.6855670103092784 0.13203125 0.6786941580756014 0.14140625 0.6786941580756014 0.14375 0.6838487972508591 0.1421875 0.6924398625429553 0.14453125 0.6958762886597938 0.15703125 0.6718213058419245 0.15859375 0.6563573883161513 0.175 0.6116838487972509 0.1703125 0.604810996563574 0.153125 0.604810996563574 0.15 0.6082474226804124 0.153125 0.6168384879725086 0.14921875 0.6202749140893471 0.14296875 0.6219931271477663 0.14296875 0.6082474226804124 0.1015625 0.6357388316151203 0.0984375 0.6391752577319588 0.0984375 0.6460481099656358
0 0.35390625 0.7439862542955327 0.3546875 0.7560137457044674 0.42578125 0.7508591065292097 0.43203125 0.7079037800687286 0.43359375 0.6288659793814434 0.425 0.6254295532646049 0.37734375 0.6305841924398626 0.36484375 0.6546391752577321 0.36328125 0.6804123711340206 0.35859375 0.6975945017182131 0.35703125 0.7302405498281788 0.35390625 0.7439862542955327
0 0.65625 0.993127147766323 0.71953125 0.9896907216494846 0.7265625 0.9725085910652922 0.7328125 0.9278350515463918 0.7390625 0.9192439862542956 0.74609375 0.8934707903780069 0.7515625 0.88659793814433 0.759375 0.8505154639175257 0.75703125 0.845360824742268 0.734375 0.845360824742268 0.68125 0.8556701030927837 0.675 0.8745704467353953 0.67734375 0.88659793814433 0.671875 0.8969072164948454 0.6703125 0.9106529209621994 0.6625 0.9312714776632303 0.66328125 0.9432989690721649 0.6546875 0.970790378006873 0.65390625 0.9879725085910653 0.65625 0.993127147766323
0 0.2 0.41924398625429554 0.24140625 0.41580756013745707 0.2546875 0.39518900343642616 0.25546875 0.38316151202749144 0.258984375 0.37542955326460486 0.25807265625000003 0.365979381443299 0.21171875 0.365979381443299 0.21171875 0.3762886597938145 0.20078125 0.40034364261168387 0.196875 0.41408934707903783 0.2 0.41924398625429554
0 0.56953125 0.5807560137457045 0.58125 0.584192439862543 0.6234375 0.5790378006872853 0.62890625 0.5738831615120275 0.62734375 0.5446735395189004 0.61796875 0.4965635738831615 0.61015625 0.4896907216494846 0.571875 0.4914089347079038 0.56171875 0.4965635738831615 0.56171875 0.520618556701031 0.56953125 0.5807560137457045
0 0.39296875 0.4604810996563574 0.40390625 0.45360824742268047 0.4375 0.44673539518900346 0.43984375 0.39518900343642616 0.4359375 0.37972508591065296 0.40390625 0.38316151202749144 0.396875 0.39003436426116844 0.390625 0.43814432989690727 0.39296875 0.4604810996563574
0 0.7234375 0.3015625 0.00234375 0.0015625
0 0.67734375 0.3195876288659794 0.675 0.3350515463917526 0.6890625 0.3556701030927835 0.69296875 0.3556701030927835 0.6921875 0.3608247422680413 0.69453125 0.35223367697594504 0.70078125 0.35223367697594504 0.70625 0.3608247422680413 0.71640625 0.35223367697594504 0.728125 0.365979381443299 0.73515625 0.3556701030927835 0.73359375 0.34536082474226804 0.72265625 0.3195876288659794 0.72265625 0.31099656357388317 0.71640625 0.3075601374570447 0.71640625 0.302405498281787 0.70859375 0.30068728522336774 0.7046875 0.3075601374570447 0.6890625 0.31099656357388317 0.68515625 0.3041237113402062 0.67734375 0.3075601374570447 0.675 0.31271477663230246 0.67734375 0.3195876288659794
0 0.509375 0.7027491408934708 0.5765625 0.6958762886597938 0.5765625 0.6649484536082475 0.5671875 0.5876288659793815 0.528125 0.5876288659793815 0.50625 0.5996563573883162 0.5046875 0.6340206185567011 0.509375 0.7027491408934708
0 0.32734375 0.5429553264604812 0.37265625 0.5395189003436427 0.38125 0.520618556701031 0.3875 0.46735395189003437 0.37890625 0.45360824742268047 0.36875 0.4604810996563574 0.3390625 0.46219931271477666 0.334375 0.46563573883161513 0.33046875 0.48797250859106533 0.325 0.5326460481099657 0.32734375 0.5429553264604812
0 0 0.8831615120274915 0 0.9914089347079038 0.0046875 0.9965635738831615 0.03359375 0.9948453608247423 0.0390625 0.9845360824742269 0.05703125 0.9845360824742269 0.04765625 0.9553264604810998 0.04765625 0.9415807560137457 0.04921875 0.9278350515463918 0.05546875 0.9243986254295533 0.05703125 0.9175257731958764 0.05703125 0.9072164948453609 0.05234375 0.8900343642611684 0.0609375 0.8694158075601376 0.0625 0.852233676975945 0.0328125 0.8556701030927837 0.02265625 0.8831615120274915 0 0.8831615120274915
0 0.6703125 0.8573883161512029 0.66796875 0.8642611683848799 0.675 0.8591065292096222 0.66484375 0.852233676975945 0.6640625 0.8573883161512029 0.6703125 0.8573883161512029
0 0.6390625 0.85546875 0.00078125 0.00703125
0 0.58984375 0.7353951890034365 0.58828125 0.7508591065292097 0.590625 0.7542955326460482 0.59140625 0.7714776632302407 0.59453125 0.7749140893470792 0.5953125 0.8333333333333334 0.596875 0.8470790378006873 0.6015625 0.8556701030927837 0.6109375 0.8591065292096222 0.61640625 0.8470790378006873 0.62578125 0.8556701030927837 0.62890625 0.845360824742268 0.6359375 0.8402061855670103 0.66015625 0.845360824742268 0.67890625 0.8419243986254296 0.684375 0.8487972508591065 0.6921875 0.8487972508591065 0.71953125 0.8419243986254296 0.75859375 0.8419243986254296 0.76328125 0.8350515463917526 0.7625 0.816151202749141 0.75546875 0.7835051546391754 0.7359375 0.7147766323024055 0.73515625 0.7027491408934708 0.7296875 0.6941580756013745 0.66796875 0.7010309278350516 0.62578125 0.6993127147766324 0.5875 0.7079037800687286 0.5875 0.7302405498281788 0.58984375 0.7353951890034365
0 0.090625 0.62109375 0.00390625 0.0015625
0 0.07734375 0.5893470790378007 0.07734375 0.5962199312714777 0.08515625 0.6134020618556701 0.10078125 0.5979381443298969 0.11953125 0.5979381443298969 0.1296875 0.5876288659793815 0.13125 0.5652920962199313 0.14453125 0.5378006872852235 0.15078125 0.5103092783505155 0.0984375 0.5051546391752578 0.09140625 0.513745704467354 0.0875 0.527491408934708 0.06953125 0.5618556701030928 0.06953125 0.577319587628866 0.07734375 0.5893470790378007
0 0.33828125 0.9621993127147768 0.3375 0.9587628865979383 0.3328125 0.9604810996563575 0.33828125 0.9621993127147768
0 0.253125 0.9398625429553265 0.25859375 0.9501718213058419 0.26875 0.9467353951890034 0.27890625 0.9518900343642611 0.2828125 0.9432989690721649 0.334375 0.9467353951890034 0.33359375 0.9312714776632303 0.33671875 0.9243986254295533 0.33671875 0.8917525773195877 0.346875 0.8058419243986255 0.34765625 0.7749140893470792 0.334375 0.7714776632302407 0.27265625 0.7835051546391754 0.27109375 0.8195876288659795 0.26171875 0.8436426116838488 0.26171875 0.8625429553264606 0.25625 0.8917525773195877 0.25703125 0.9054982817869417 0.253125 0.9398625429553265
0 0.7375 0.4390625 0.0015625 0.0015625
0 0.6859375 0.35223367697594504 0.70625 0.41065292096219935 0.71640625 0.41924398625429554 0.74453125 0.4123711340206186 0.74921875 0.41580756013745707 0.7484375 0.4209621993127148 0.75234375 0.4209621993127148 0.75625 0.40034364261168387 0.7375 0.3539518900343643 0.72109375 0.3402061855670103 0.7015625 0.3436426116838488 0.696875 0.33333333333333337 0.68515625 0.32817869415807566 0.68203125 0.32817869415807566 0.6859375 0.35223367697594504
0 0.48125 0.40034364261168387 0.47734375 0.40034364261168387 0.4765625 0.40549828178694164 0.48125 0.40034364261168387
0 0.453125 0.39765625 0.00078125 0.0015625
0 0.44609375 0.40034364261168387 0.446875 0.3934707903780069 0.44375 0.3934707903780069 0.44296875 0.4020618556701031 0.44609375 0.40034364261168387
0 0.44296875 0.38659793814432997 0.44609375 0.3883161512027492 0.45078125 0.3814432989690722 0.453125 0.38659793814432997 0.4625 0.37972508591065296 0.48046875 0.38316151202749144 0.48359375 0.37457044673539525 0.4875 0.40034364261168387 0.4875 0.38316151202749144 0.48515625 0.3762886597938145 0.48828125 0.372852233676976 0.48828125 0.3608247422680413 0.484375 0.3144329896907217 0.471875 0.31099656357388317 0.44140625 0.3178694158075602 0.43984375 0.3247422680412372 0.44296875 0.38659793814432997
0 0.740625 0.520618556701031 0.75546875 0.5498281786941581 0.7609375 0.5756013745704468 0.7921875 0.577319587628866 0.82890625 0.570446735395189 0.828125 0.5549828178694158 0.79453125 0.4862542955326461 0.77890625 0.48453608247422686 0.73828125 0.49312714776632305 0.7375 0.5051546391752578 0.740625 0.520618556701031
0 0.55078125 0.45360824742268047 0.55 0.4742268041237113 0.56015625 0.4896907216494846 0.6109375 0.4810996563573884 0.61015625 0.46563573883161513 0.596875 0.41408934707903783 0.58984375 0.365979381443299 0.58203125 0.3505154639175258 0.57734375 0.3264604810996564 0.575 0.3298969072164949 0.5734375 0.3230240549828179 0.57421875 0.3350515463917526 0.555078125 0.34536082474226804 0.553125 0.35223367697594504 0.55078125 0.34536082474226804 0.5515625 0.3539518900343643 0.53984375 0.3556701030927835 0.5390625 0.365979381443299 0.55078125 0.45360824742268047
0 0.29921875 0.43298969072164956 0.30625 0.42783505154639184 0.30234375 0.4261168384879725 0.30078125 0.4312714776632303 0.2984375 0.4261168384879725 0.296875 0.4295532646048111 0.29921875 0.43298969072164956
0 0.30078125 0.421875 0.0015625 0.0015625
0 0.2984375 0.39518900343642616 0.3 0.41408934707903783 0.32109375 0.4089347079037801 0.34140625 0.4123711340206186 0.35078125 0.37457044673539525 0.35234375 0.3539518900343643 0.3109375 0.3505154639175258 0.303125 0.3556701030927835 0.30546875 0.3625429553264605 0.2984375 0.39518900343642616
0 0.12890625 0.7800687285223369 0.18359375 0.7749140893470792 0.1953125 0.7886597938144331 0.34375 0.7680412371134021 0.3484375 0.7646048109965636 0.35078125 0.7542955326460482 0.3609375 0.6477663230240551 0.29921875 0.6494845360824744 0.1640625 0.6752577319587629 0.15625 0.6821305841924399 0.14609375 0.711340206185567 0.13671875 0.725085910652921 0.13203125 0.7542955326460482 0.12578125 0.7646048109965636 0.12578125 0.7749140893470792 0.12890625 0.7800687285223369
0 0.4359375 0.9347079037800687 0.44609375 0.9896907216494846 0.46015625 0.9914089347079038 0.4796875 0.9793814432989691 0.48359375 0.9879725085910653 0.5078125 0.9862542955326461 0.50859375 0.8384879725085911 0.503125 0.7130584192439863 0.484375 0.7096219931271478 0.4390625 0.7147766323024055 0.43203125 0.725085910652921 0.43046875 0.7491408934707905 0.428125 0.8625429553264606 0.4359375 0.9347079037800687
0 0.7375 0.9914089347079038 0.78984375 0.9914089347079038 0.79921875 0.9828178694158076 0.8015625 0.970790378006873 0.81015625 0.9621993127147768 0.815625 0.9484536082474226 0.815625 0.9398625429553265 0.828125 0.9192439862542956 0.834375 0.9037800687285223 0.84375 0.8591065292096222 0.8296875 0.8505154639175257 0.81640625 0.852233676975945 0.81171875 0.8591065292096222 0.79375 0.8591065292096222 0.78984375 0.8642611683848799 0.7609375 0.8659793814432991 0.7546875 0.8900343642611684 0.74765625 0.9003436426116839 0.74453125 0.9192439862542956 0.7359375 0.9347079037800687 0.73515625 0.9432989690721649 0.728125 0.9587628865979383 0.72734375 0.9776632302405499 0.7375 0.9914089347079038
0 0.5109375 0.809278350515464 0.5109375 0.879725085910653 0.51171875 0.8883161512027492 0.52265625 0.8969072164948454 0.51953125 0.8986254295532646 0.52109375 0.9037800687285223 0.51796875 0.9072164948453609 0.52578125 0.9123711340206186 0.54140625 0.9054982817869417 0.540625 0.9037800687285223 0.54140625 0.8969072164948454 0.55 0.88659793814433 0.5609375 0.8883161512027492 0.56328125 0.9003436426116839 0.56484375 0.8969072164948454 0.56953125 0.9037800687285223 0.5828125 0.9037800687285223 0.5890625 0.8539518900343642 0.5890625 0.8281786941580757 0.5765625 0.7061855670103093 0.57421875 0.7010309278350516 0.55546875 0.7010309278350516 0.50703125 0.711340206185567 0.50703125 0.7628865979381444 0.5109375 0.809278350515464
0 0.04921875 0.9209621993127148 0.05234375 0.9243986254295533 0.04921875 0.9261168384879725 0.04921875 0.9501718213058419 0.05078125 0.9621993127147768 0.06015625 0.9793814432989691 0.14765625 0.9725085910652922 0.15078125 0.9604810996563575 0.1515625 0.936426116838488 0.1859375 0.8109965635738833 0.1875 0.7972508591065293 0.178125 0.7800687285223369 0.10859375 0.7886597938144331 0.10234375 0.79553264604811 0.09375 0.79553264604811 0.08984375 0.8058419243986255 0.090625 0.816151202749141 0.08359375 0.8230240549828179 0.07890625 0.8419243986254296 0.0671875 0.852233676975945 0.06328125 0.8625429553264606 0.0640625 0.8728522336769761 0.053125 0.8900343642611684 0.0578125 0.9072164948453609 0.04921875 0.9209621993127148
0 0.38359375 0.5309278350515465 0.434375 0.5257731958762888 0.4375 0.5120274914089348 0.43828125 0.45017182130584193 0.43515625 0.43642611683848803 0.4328125 0.4484536082474227 0.3921875 0.4518900343642612 0.3859375 0.4828178694158076 0.38203125 0.5171821305841925 0.38359375 0.5309278350515465
0 0.20234375 0.5652920962199313 0.25234375 0.5618556701030928 0.26171875 0.5498281786941581 0.27109375 0.5223367697594502 0.275 0.4862542955326461 0.271875 0.47938144329896915 0.225 0.4862542955326461 0.21796875 0.4965635738831615 0.2140625 0.5189003436426117 0.20390625 0.5463917525773196 0.20078125 0.5618556701030928 0.20234375 0.5652920962199313
0 0.12421875 0.7646048109965636 0.1265625 0.7817869415807561 0.1828125 0.7749140893470792 0.196875 0.7886597938144331 0.20546875 0.7783505154639176 0.20546875 0.7560137457044674 0.22109375 0.6975945017182131 0.221875 0.6769759450171822 0.21796875 0.6701030927835052 0.16171875 0.6752577319587629 0.15390625 0.6838487972508591 0.14609375 0.7079037800687286 0.1359375 0.7233676975945018 0.13125 0.7542955326460482 0.12421875 0.7646048109965636
0 0.30625 0.6460481099656358 0.3671875 0.6391752577319588 0.37734375 0.6065292096219932 0.38203125 0.5481099656357389 0.3765625 0.5429553264604812 0.3203125 0.5481099656357389 0.31640625 0.5567010309278351 0.3046875 0.6185567010309279 0.303125 0.6426116838487973 0.30625 0.6460481099656358
0 0.11171875 0.5 0.15390625 0.5 0.16796875 0.48453608247422686 0.184375 0.443298969072165 0.1875 0.42783505154639184 0.2140625 0.372852233676976 0.20703125 0.36769759450171824 0.165625 0.3711340206185567 0.1421875 0.4123711340206186 0.13359375 0.4209621993127148 0.128125 0.4347079037800688 0.11171875 0.45360824742268047 0.10546875 0.45360824742268047 0.1015625 0.46735395189003437 0.11171875 0.5
0 0.365625 0.6671875 0.00078125 0.0015625
0 0.27578125 0.7731958762886599 0.3 0.7749140893470792 0.346875 0.7680412371134021 0.353125 0.7439862542955327 0.36171875 0.6512027491408936 0.36015625 0.6460481099656358 0.35390625 0.6443298969072165 0.290625 0.6546391752577321 0.28828125 0.6580756013745706 0.28984375 0.6718213058419245 0.2875 0.7130584192439863 0.28046875 0.7199312714776632 0.2796875 0.731958762886598 0.27734375 0.7302405498281788 0.28125 0.7371134020618557 0.27578125 0.7731958762886599
0 0.66015625 0.422680412371134 0.70390625 0.41408934707903783 0.703125 0.4037800687285224 0.6890625 0.3625429553264605 0.678125 0.34536082474226804 0.64296875 0.3608247422680413 0.65234375 0.41065292096219935 0.66015625 0.422680412371134
0 0.76875 0.4209621993127148 0.79296875 0.47938144329896915 0.80703125 0.5 0.81328125 0.49312714776632305 0.8375 0.49312714776632305 0.84921875 0.4725085910652921 0.8484375 0.4587628865979382 0.834375 0.4347079037800688 0.82890625 0.43298969072164956 0.828125 0.42439862542955326 0.81015625 0.39518900343642616 0.7890625 0.3917525773195877 0.775 0.39862542955326463 0.76484375 0.4037800687285224 0.76875 0.4209621993127148
0 0.49375 0.422680412371134 0.496875 0.42783505154639184 0.52578125 0.42439862542955326 0.54375 0.41580756013745707 0.540625 0.38316151202749144 0.5359375 0.3625429553264605 0.49296875 0.365979381443299 0.49140625 0.3883161512027492 0.49375 0.422680412371134
0 0.671875 0.7628865979381444 0.6765625 0.7766323024054984 0.67578125 0.7989690721649485 0.67890625 0.8058419243986255 0.6796875 0.8350515463917526 0.67421875 0.8470790378006873 0.6765625 0.8573883161512029 0.67421875 0.8900343642611684 0.66484375 0.9140893470790379 0.66640625 0.9175257731958764 0.6625 0.9312714776632303 0.66328125 0.9450171821305842 0.65546875 0.9742268041237114 0.6546875 0.9879725085910653 0.7171875 0.9896907216494846 0.72578125 0.9725085910652922 0.72578125 0.9587628865979383 0.76015625 0.8591065292096222 0.7609375 0.8402061855670103 0.7640625 0.8298969072164949 0.76328125 0.816151202749141 0.7453125 0.7474226804123713 0.7328125 0.7147766323024055 0.73046875 0.6975945017182131 0.68984375 0.6993127147766324 0.68125 0.7061855670103093 0.678125 0.7010309278350516 0.67265625 0.7027491408934708 0.675 0.7147766323024055 0.66953125 0.7233676975945018 0.6734375 0.745704467353952 0.671875 0.7628865979381444
0 0.58125 0.963917525773196 0.58359375 0.993127147766323 0.62421875 0.9914089347079038 0.63515625 0.9810996563573884 0.6453125 0.9896907216494846 0.65390625 0.9690721649484537 0.653125 0.9621993127147768 0.66171875 0.9243986254295533 0.6609375 0.9003436426116839 0.66796875 0.8900343642611684 0.665625 0.88659793814433 0.66875 0.8780068728522338 0.66015625 0.8591065292096222 0.65234375 0.8539518900343642 0.64375 0.8676975945017184 0.63125 0.8762886597938145 0.62890625 0.8831615120274915 0.62734375 0.8762886597938145 0.62265625 0.8831615120274915 0.62109375 0.8780068728522338 0.621875 0.8917525773195877 0.59140625 0.8900343642611684 0.584375 0.9312714776632303 0.58515625 0.9415807560137457 0.58125 0.963917525773196
0 0.37578125 0.6151202749140894 0.3765625 0.6254295532646049 0.41171875 0.6271477663230242 0.43359375 0.6219931271477663 0.4375 0.5721649484536082 0.4359375 0.5292096219931273 0.38671875 0.5326460481099657 0.38359375 0.534364261168385 0.38203125 0.5498281786941581 0.38203125 0.5807560137457045 0.37578125 0.6151202749140894
0 0.70234375 0.5807560137457045 0.740625 0.5824742268041238 0.76015625 0.5738831615120275 0.753125 0.5395189003436427 0.74765625 0.5378006872852235 0.7421875 0.527491408934708 0.73359375 0.4948453608247423 0.72109375 0.4914089347079038 0.68203125 0.4965635738831615 0.68203125 0.513745704467354 0.70234375 0.5807560137457045
0 0.6296875 0.563573883161512 0.63671875 0.5790378006872853 0.66015625 0.5824742268041238 0.6921875 0.577319587628866 0.69609375 0.5721649484536082 0.69296875 0.5515463917525774 0.6796875 0.5034364261168386 0.6734375 0.4914089347079038 0.65859375 0.48797250859106533 0.62109375 0.49828178694158076 0.6203125 0.5103092783505155 0.6296875 0.563573883161512
0 0.2640625 0.5429553264604812 0.26640625 0.5532646048109966 0.2890625 0.5532646048109966 0.3203125 0.5429553264604812 0.3296875 0.5103092783505155 0.33203125 0.4725085910652921 0.3234375 0.46735395189003437 0.2859375 0.4725085910652921 0.27578125 0.4828178694158076 0.275 0.5034364261168386 0.2640625 0.5429553264604812
0 0.21015625 0.7405498281786942 0.20390625 0.7628865979381444 0.20546875 0.7852233676975946 0.26796875 0.7783505154639176 0.27421875 0.7697594501718215 0.284375 0.7336769759450172 0.28203125 0.7233676975945018 0.2875 0.6958762886597938 0.28828125 0.6666666666666667 0.2828125 0.6563573883161513 0.26953125 0.6563573883161513 0.21875 0.668384879725086 0.22265625 0.6821305841924399 0.221875 0.6907216494845361 0.21484375 0.7130584192439863 0.21484375 0.7216494845360826 0.21015625 0.7233676975945018 0.21015625 0.731958762886598 0.20625 0.731958762886598 0.21015625 0.7353951890034365 0.21015625 0.7405498281786942
0 0.5375 0.35738831615120276 0.58203125 0.34879725085910657 0.57265625 0.302405498281787 0.53203125 0.3075601374570447 0.5328125 0.34536082474226804 0.5375 0.35738831615120276
0 0.6609375 0.43298969072164956 0.67578125 0.4896907216494846 0.69140625 0.49312714776632305 0.728125 0.4862542955326461 0.709375 0.41924398625429554 0.6921875 0.41408934707903783 0.6609375 0.4209621993127148 0.6609375 0.43298969072164956
0 0.3890625 0.41580756013745707 0.38984375 0.42783505154639184 0.3921875 0.41065292096219935 0.3828125 0.40549828178694164 0.38125 0.4072164948453609 0.3890625 0.41580756013745707
0 0.35 0.365979381443299 0.346875 0.38316151202749144 0.3484375 0.4175257731958763 0.3453125 0.43298969072164956 0.34921875 0.4312714776632303 0.353125 0.41580756013745707 0.35625 0.42439862542955326 0.3578125 0.40549828178694164 0.37734375 0.4089347079037801 0.37890625 0.4020618556701031 0.39375 0.39862542955326463 0.4 0.3556701030927835 0.3984375 0.33676975945017185 0.35859375 0.3384879725085911 0.34609375 0.3470790378006873 0.35 0.35738831615120276 0.35 0.365979381443299
0 0.19609375 0.98046875 0.0015625 0.0015625
0 0.22421875 0.9862542955326461 0.24453125 0.9862542955326461 0.246875 0.9776632302405499 0.2328125 0.9742268041237114 0.228125 0.9759450171821307 0.22734375 0.9810996563573884 0.2234375 0.9793814432989691 0.221875 0.9828178694158076 0.22421875 0.9862542955326461
0 0.25703125 0.9879725085910653 0.265625 0.9879725085910653 0.26640625 0.993127147766323 0.29296875 0.9896907216494846 0.29765625 0.9948453608247423 0.33828125 0.9982817869415808 0.35234375 0.993127147766323 0.34375 0.9518900343642611 0.33515625 0.9381443298969072 0.2890625 0.9415807560137457 0.27734375 0.9450171821305842 0.26953125 0.9536082474226806 0.2609375 0.9501718213058419 0.253125 0.9587628865979383 0.25234375 0.9793814432989691 0.25703125 0.9879725085910653
0 0.85703125 0.9003436426116839 0.8453125 0.8986254295532646 0.84375 0.9003436426116839 0.85703125 0.9003436426116839
0 0.74609375 0.7336769759450172 0.75 0.7577319587628867 0.76640625 0.8109965635738833 0.77109375 0.8402061855670103 0.778125 0.8573883161512029 0.8140625 0.8573883161512029 0.81953125 0.8505154639175257 0.834375 0.8505154639175257 0.84140625 0.8573883161512029 0.8453125 0.8487972508591065 0.85 0.8487972508591065 0.85234375 0.8659793814432991 0.8578125 0.8711340206185568 0.86640625 0.8676975945017184 0.87109375 0.8831615120274915 0.86640625 0.88659793814433 0.86796875 0.8883161512027492 0.8703125 0.8848797250859107 0.875 0.8917525773195877 0.890625 0.8917525773195877 0.89453125 0.8848797250859107 0.89921875 0.88659793814433 0.89140625 0.879725085910653 0.890625 0.8728522336769761 0.90234375 0.8642611683848799 0.92109375 0.8711340206185568 0.92265625 0.8591065292096222 0.93046875 0.852233676975945 0.93359375 0.8402061855670103 0.9421875 0.8333333333333334 0.9421875 0.8127147766323025 0.93359375 0.8041237113402062 0.93203125 0.7886597938144331 0.921875 0.7749140893470792 0.91875 0.7577319587628867 0.91171875 0.7542955326460482 0.90859375 0.7371134020618557 0.90390625 0.7336769759450172 0.90078125 0.7199312714776632 0.8921875 0.7061855670103093 0.890625 0.6924398625429553 0.8765625 0.6890034364261168 0.73984375 0.7061855670103093 0.740625 0.7233676975945018 0.74609375 0.7336769759450172
0 0.5484375 0.4209621993127148 0.571875 0.4209621993127148 0.5953125 0.41065292096219935 0.5875 0.365979381443299 0.58125 0.3505154639175258 0.53984375 0.3608247422680413 0.54296875 0.39862542955326463 0.5484375 0.4209621993127148
0 0.35 0.35738831615120276 0.346875 0.38316151202749144 0.3484375 0.40034364261168387 0.3703125 0.40034364261168387 0.38984375 0.3934707903780069 0.39765625 0.3814432989690722 0.4015625 0.35223367697594504 0.40078125 0.33676975945017185 0.37421875 0.3350515463917526 0.346875 0.3436426116838488 0.3453125 0.3470790378006873 0.35 0.35738831615120276
0 0.340625 0.8986254295532646 0.34140625 0.9175257731958764 0.35234375 0.9209621993127148 0.353125 0.929553264604811 0.3609375 0.929553264604811 0.36796875 0.9209621993127148 0.36875 0.9278350515463918 0.36953125 0.9175257731958764 0.38359375 0.9243986254295533 0.39140625 0.9123711340206186 0.41875 0.9106529209621994 0.425 0.8986254295532646 0.42578125 0.7611683848797252 0.42421875 0.7560137457044674 0.4171875 0.7542955326460482 0.35546875 0.7646048109965636 0.353125 0.7783505154639176 0.35625 0.7869415807560138 0.35234375 0.7972508591065293 0.35078125 0.8195876288659795 0.34765625 0.8281786941580757 0.34765625 0.8625429553264606 0.340625 0.8986254295532646
0 0.1015625 0.6202749140893471 0.0953125 0.6219931271477663 0.09296875 0.6288659793814434 0.1078125 0.6649484536082475 0.140625 0.6563573883161513 0.14375 0.661512027491409 0.15 0.6597938144329898 0.1578125 0.6701030927835052 0.15859375 0.6563573883161513 0.175 0.6202749140893471 0.178125 0.5945017182130584 0.1109375 0.6013745704467355 0.103125 0.6082474226804124 0.1046875 0.6116838487972509 0.1015625 0.6202749140893471
0 0.64375 0.3711340206185567 0.65234375 0.4072164948453609 0.65859375 0.4175257731958763 0.70234375 0.4089347079037801 0.69921875 0.3934707903780069 0.69375 0.38316151202749144 0.69140625 0.365979381443299 0.684375 0.3505154639175258 0.684375 0.3384879725085911 0.6796875 0.3298969072164949 0.68359375 0.3195876288659794 0.68125 0.30927835051546393 0.66015625 0.31099656357388317 0.6453125 0.3041237113402062 0.6265625 0.3075601374570447 0.63515625 0.35223367697594504 0.64375 0.3711340206185567
0 0.10234375 0.46735395189003437 0.11171875 0.46219931271477666 0.12109375 0.44158075601374575 0.14296875 0.4123711340206186 0.15546875 0.38316151202749144 0.14296875 0.37972508591065296 0.12265625 0.38487972508591073 0.0953125 0.4398625429553265 0.09453125 0.4518900343642612 0.10234375 0.46735395189003437
0 0.82265625 0.9948453608247423 0.84765625 0.9828178694158076 0.8625 0.9862542955326461 0.91640625 0.88659793814433 0.92421875 0.8694158075601376 0.925 0.8591065292096222 0.93203125 0.8505154639175257 0.93515625 0.8367697594501718 0.9421875 0.8333333333333334 0.9421875 0.8230240549828179 0.928125 0.8178694158075602 0.928125 0.8230240549828179 0.92109375 0.8298969072164949 0.91875 0.8402061855670103 0.91171875 0.8470790378006873 0.90625 0.8419243986254296 0.90390625 0.8470790378006873 0.890625 0.8436426116838488 0.86953125 0.852233676975945 0.853125 0.852233676975945 0.84453125 0.8728522336769761 0.8453125 0.8814432989690723 0.8375 0.9003436426116839 0.8390625 0.9037800687285223 0.83125 0.9140893470790379 0.8296875 0.9243986254295533 0.825 0.929553264604811 0.80859375 0.9690721649484537 0.803125 0.993127147766323 0.82265625 0.9948453608247423
0 0.55234375 0.4690721649484536 0.559375 0.4896907216494846 0.5953125 0.48797250859106533 0.609375 0.48453608247422686 0.6109375 0.47938144329896915 0.60859375 0.4587628865979382 0.6 0.422680412371134 0.59609375 0.41580756013745707 0.55 0.42439862542955326 0.54921875 0.44158075601374575 0.55234375 0.4690721649484536
0 0.3375 0.4518900343642612 0.3375 0.4604810996563574 0.34140625 0.4639175257731959 0.38828125 0.45017182130584193 0.3953125 0.3969072164948454 0.390625 0.39003436426116844 0.39140625 0.3814432989690722 0.38828125 0.37972508591065296 0.38203125 0.3917525773195877 0.35078125 0.39518900343642616 0.346875 0.40034364261168387 0.3453125 0.41924398625429554 0.3375 0.4518900343642612
0 0.87890625 0.5756013745704468 0.9109375 0.5687285223367697 0.928125 0.5292096219931273 0.92578125 0.513745704467354 0.91796875 0.49828178694158076 0.9078125 0.4810996563573884 0.896875 0.4742268041237113 0.88125 0.47594501718213056 0.8671875 0.4862542955326461 0.85390625 0.5223367697594502 0.85546875 0.5378006872852235 0.87890625 0.5756013745704468
0 0.68125 0.9089347079037802 0.6859375 0.9037800687285223 0.6765625 0.9020618556701031 0.67578125 0.9072164948453609 0.68125 0.9089347079037802
0 0.66328125 0.7164948453608248 0.66171875 0.7233676975945018 0.66640625 0.7353951890034365 0.66640625 0.7439862542955327 0.6703125 0.7474226804123713 0.66640625 0.7680412371134021 0.67265625 0.7835051546391754 0.6703125 0.7989690721649485 0.675 0.8109965635738833 0.67421875 0.8402061855670103 0.69609375 0.8556701030927837 0.69921875 0.8505154639175257 0.71015625 0.8539518900343642 0.7125 0.845360824742268 0.7203125 0.8505154639175257 0.73203125 0.8487972508591065 0.73359375 0.8436426116838488 0.759375 0.8436426116838488 0.76484375 0.8350515463917526 0.75859375 0.7920962199312716 0.73203125 0.6958762886597938 0.6609375 0.7027491408934708 0.66015625 0.7096219931271478 0.66328125 0.7164948453608248
0 0.428125 0.8625429553264606 0.43203125 0.8831615120274915 0.43671875 0.88659793814433 0.43515625 0.8969072164948454 0.4578125 0.8969072164948454 0.46328125 0.8814432989690723 0.50546875 0.8900343642611684 0.50625 0.7749140893470792 0.50234375 0.711340206185567 0.49140625 0.7079037800687286 0.4390625 0.7147766323024055 0.43203125 0.7233676975945018 0.43046875 0.7474226804123713 0.43125 0.7920962199312716 0.428125 0.8625429553264606
0 0.59296875 0.7405498281786942 0.590625 0.7508591065292097 0.59453125 0.7749140893470792 0.59453125 0.8109965635738833 0.6 0.845360824742268 0.59140625 0.9123711340206186 0.58828125 0.9140893470790379 0.59296875 0.9347079037800687 0.5890625 0.9381443298969072 0.59453125 0.9450171821305842 0.5890625 0.9484536082474226 0.5875 0.9604810996563575 0.5890625 0.9725085910652922 0.59609375 0.9776632302405499 0.61328125 0.9776632302405499 0.62109375 0.9673539518900345 0.62265625 0.9587628865979383 0.6296875 0.9536082474226806 0.63515625 0.9621993127147768 0.63203125 0.9690721649484537 0.6328125 0.9742268041237114 0.65390625 0.9793814432989691 0.6578125 0.9896907216494846 0.69296875 0.9896907216494846 0.70078125 0.9845360824742269 0.71015625 0.9896907216494846 0.7234375 0.9673539518900345 0.7234375 0.9553264604810998 0.7421875 0.9089347079037802 0.76328125 0.8367697594501718 0.7625 0.8127147766323025 0.73046875 0.6958762886597938 0.65234375 0.6993127147766324 0.58828125 0.7096219931271478 0.58828125 0.7285223367697595 0.59296875 0.7405498281786942
0 0.44375 0.4312714776632303 0.4671875 0.4312714776632303 0.47265625 0.4261168384879725 0.490625 0.4312714776632303 0.49140625 0.3969072164948454 0.4875 0.365979381443299 0.48203125 0.3608247422680413 0.46875 0.36769759450171824 0.44453125 0.3694158075601375 0.4421875 0.37457044673539525 0.44375 0.4312714776632303
0 0.44609375 0.3762886597938145 0.4453125 0.38316151202749144 0.4484375 0.3711340206185567 0.48046875 0.36769759450171824 0.4875 0.3625429553264605 0.484375 0.31615120274914094 0.48203125 0.31271477663230246 0.44140625 0.3195876288659794 0.44140625 0.3625429553264605 0.44609375 0.3762886597938145
0 0.4421875 0.5085910652920963 0.4953125 0.5 0.49609375 0.47594501718213056 0.490625 0.4312714776632303 0.4796875 0.4261168384879725 0.44765625 0.4312714776632303 0.4421875 0.43642611683848803 0.440625 0.45017182130584193 0.43984375 0.5017182130584193 0.4421875 0.5085910652920963
0 0.5921875 0.7010309278350516 0.65078125 0.6924398625429553 0.65 0.6666666666666667 0.63359375 0.584192439862543 0.59921875 0.5824742268041238 0.575 0.5893470790378007 0.571875 0.5945017182130584 0.58046875 0.6975945017182131 0.5921875 0.7010309278350516
0 0.44140625 0.5979381443298969 0.49765625 0.5927835051546392 0.50078125 0.5876288659793815 0.4984375 0.5171821305841925 0.4953125 0.5051546391752578 0.48203125 0.5034364261168386 0.4453125 0.5120274914089348 0.44140625 0.5189003436426117 0.43984375 0.5412371134020619 0.4390625 0.5807560137457045 0.44140625 0.5979381443298969
0 0.8296875 0.4725085910652921 0.8453125 0.4553264604810997 0.84140625 0.45360824742268047 0.82421875 0.4690721649484536 0.82421875 0.4742268041237113 0.8296875 0.4725085910652921
0 0.834375 0.44158075601374575 0.8359375 0.43814432989690727 0.8265625 0.43298969072164956 0.821875 0.4347079037800688 0.834375 0.44158075601374575
0 0.8203125 0.41065292096219935 0.81796875 0.4072164948453609 0.815625 0.4072164948453609 0.8203125 0.41065292096219935
0 0.7359375 0.34879725085910657 0.7421875 0.3694158075601375 0.76875 0.41408934707903783 0.775 0.41065292096219935 0.77578125 0.40549828178694164 0.81171875 0.40034364261168387 0.8078125 0.38487972508591073 0.80234375 0.3780068728522337 0.7921875 0.3505154639175258 0.7828125 0.3384879725085911 0.775 0.33676975945017185 0.77421875 0.3195876288659794 0.76015625 0.29896907216494845 0.74765625 0.29896907216494845 0.746875 0.30584192439862545 0.73984375 0.31615120274914094 0.7265625 0.3230240549828179 0.72578125 0.33161512027491413 0.7359375 0.34879725085910657
0 0.29296875 0.41065292096219935 0.3078125 0.36426116838487976 0.30859375 0.3539518900343643 0.2640625 0.3539518900343643 0.259375 0.359106529209622 0.2578125 0.3762886597938145 0.24921875 0.4020618556701031 0.25078125 0.4123711340206186 0.29296875 0.41065292096219935
0 0.59140625 0.3694158075601375 0.60390625 0.3608247422680413 0.634375 0.3556701030927835 0.6265625 0.31615120274914094 0.61953125 0.302405498281787 0.59609375 0.30068728522336774 0.58046875 0.31099656357388317 0.58125 0.3350515463917526 0.59140625 0.3694158075601375
0 0.10859375 0.4965635738831615 0.1125 0.5017182130584193 0.15234375 0.5 0.16640625 0.4862542955326461 0.18359375 0.443298969072165 0.18671875 0.42783505154639184 0.16875 0.41580756013745707 0.15703125 0.41924398625429554 0.1453125 0.41408934707903783 0.11875 0.4484536082474227 0.11171875 0.46735395189003437 0.10703125 0.4690721649484536 0.1046875 0.47594501718213056 0.10859375 0.4965635738831615
0 0.43828125 0.7147766323024055 0.5046875 0.7044673539518901 0.50625 0.6941580756013745 0.5 0.5962199312714777 0.49765625 0.5910652920962199 0.4421875 0.5962199312714777 0.4390625 0.6030927835051547 0.4359375 0.6718213058419245 0.4359375 0.7130584192439863 0.43828125 0.7147766323024055
0 0.5796875 0.3247422680412372 0.584375 0.34879725085910657 0.58984375 0.3608247422680413 0.634375 0.3539518900343643 0.6296875 0.34192439862542956 0.6265625 0.31271477663230246 0.6203125 0.302405498281787 0.59453125 0.30068728522336774 0.58203125 0.30584192439862545 0.5796875 0.31099656357388317 0.5796875 0.3247422680412372
0 0.5875 0.7714776632302407 0.5921875 0.7749140893470792 0.58828125 0.79553264604811 0.59375 0.8591065292096222 0.5890625 0.879725085910653 0.58515625 0.9175257731958764 0.58515625 0.9432989690721649 0.58125 0.9690721649484537 0.584375 0.9879725085910653 0.62109375 0.9879725085910653 0.634375 0.9810996563573884 0.646875 0.9862542955326461 0.65078125 0.9776632302405499 0.65078125 0.9656357388316152 0.66171875 0.9243986254295533 0.66171875 0.9072164948453609 0.6703125 0.88659793814433 0.67109375 0.8625429553264606 0.66875 0.845360824742268 0.67109375 0.8178694158075602 0.66328125 0.7646048109965636 0.66484375 0.7577319587628867 0.66796875 0.7577319587628867 0.66796875 0.7474226804123713 0.6625 0.745704467353952 0.65625 0.7302405498281788 0.6546875 0.7027491408934708 0.64453125 0.6975945017182131 0.5890625 0.7044673539518901 0.5859375 0.7147766323024055 0.5875 0.7371134020618557 0.58515625 0.745704467353952 0.5890625 0.7577319587628867 0.5875 0.7714776632302407
0 0.65546875 0.6924398625429553 0.68515625 0.6958762886597938 0.72109375 0.6907216494845361 0.72890625 0.6838487972508591 0.721875 0.6477663230240551 0.70703125 0.5945017182130584 0.69921875 0.5807560137457045 0.640625 0.5859106529209622 0.6390625 0.6013745704467355 0.65546875 0.6924398625429553
0 0.44609375 0.9415807560137457 0.440625 0.9501718213058419 0.44140625 0.9742268041237114 0.4453125 0.9948453608247423 0.4640625 0.993127147766323 0.4765625 0.9845360824742269 0.48359375 0.9948453608247423 0.51015625 0.993127147766323 0.509375 0.9484536082474226 0.50625 0.9381443298969072 0.5078125 0.9312714776632303 0.5015625 0.9209621993127148 0.4953125 0.9209621993127148 0.4875 0.929553264604811 0.4765625 0.929553264604811 0.4734375 0.9381443298969072 0.44921875 0.9278350515463918 0.4421875 0.936426116838488 0.43828125 0.929553264604811 0.4390625 0.9381443298969072 0.44609375 0.9415807560137457
0 0.60234375 0.4209621993127148 0.6265625 0.4175257731958763 0.64765625 0.4072164948453609 0.640625 0.3694158075601375 0.6328125 0.3556701030927835 0.6109375 0.3556701030927835 0.590625 0.3625429553264605 0.59140625 0.3814432989690722 0.60234375 0.4209621993127148
0 0.728125 0.4776632302405499 0.7328125 0.48453608247422686 0.74453125 0.48797250859106533 0.7890625 0.47938144329896915 0.78671875 0.46563573883161513 0.75859375 0.4072164948453609 0.725 0.4123711340206186 0.7140625 0.41924398625429554 0.71875 0.44673539518900346 0.728125 0.4776632302405499
0 0.209375 0.9914089347079038 0.21953125 0.9948453608247423 0.2453125 0.9896907216494846 0.2578125 0.9793814432989691 0.253125 0.9656357388316152 0.253125 0.957044673539519 0.24921875 0.9518900343642611 0.19921875 0.957044673539519 0.175 0.9725085910652922 0.15546875 0.9690721649484537 0.15 0.9810996563573884 0.153125 0.9879725085910653 0.14765625 0.9965635738831615 0.1890625 0.9965635738831615 0.209375 0.9914089347079038
0 0.246875 0.40034364261168387 0.24921875 0.41065292096219935 0.29296875 0.4089347079037801 0.303125 0.3934707903780069 0.31328125 0.3969072164948454 0.3203125 0.38316151202749144 0.33828125 0.38316151202749144 0.34609375 0.3608247422680413 0.33671875 0.35223367697594504 0.32734375 0.3556701030927835 0.3125 0.3505154639175258 0.3109375 0.34536082474226804 0.3046875 0.3505154639175258 0.2625 0.35223367697594504 0.25703125 0.359106529209622 0.25703125 0.37457044673539525 0.246875 0.40034364261168387
0 0.4 0.38487972508591073 0.4375 0.38316151202749144 0.44296875 0.33333333333333337 0.43984375 0.3247422680412372 0.4046875 0.33333333333333337 0.4 0.3470790378006873 0.3984375 0.3625429553264605 0.39765625 0.37972508591065296 0.4 0.38487972508591073
0 0.490625 0.3625429553264605 0.5234375 0.359106529209622 0.534375 0.35223367697594504 0.5296875 0.31615120274914094 0.5265625 0.30927835051546393 0.4921875 0.3144329896907217 0.48828125 0.3264604810996564 0.4875 0.3436426116838488 0.490625 0.3625429553264605
0 0.15859375 0.963917525773196 0.16328125 0.9793814432989691 0.18046875 0.993127147766323 0.24453125 0.9896907216494846 0.2515625 0.9845360824742269 0.2625 0.9896907216494846 0.2828125 0.9810996563573884 0.3078125 0.9828178694158076 0.3265625 0.9948453608247423 0.346875 0.993127147766323 0.33359375 0.9192439862542956 0.34609375 0.8058419243986255 0.34609375 0.7749140893470792 0.2734375 0.7800687285223369 0.19375 0.79553264604811 0.18046875 0.8384879725085911 0.1765625 0.8642611683848799 0.165625 0.8951890034364262 0.16015625 0.9312714776632303 0.15546875 0.9398625429553265 0.1546875 0.9604810996563575 0.15859375 0.963917525773196
0 0.29296875 0.4742268041237113 0.31484375 0.4742268041237113 0.33125 0.46735395189003437 0.33515625 0.4604810996563574 0.34453125 0.4175257731958763 0.34375 0.4037800687285224 0.33125 0.39003436426116844 0.325 0.39862542955326463 0.3 0.39862542955326463 0.2859375 0.4553264604810997 0.28515625 0.4690721649484536 0.29296875 0.4742268041237113
0 0.303125 0.38828125 0.00078125 0.003125
0 0.6796875 0.5171821305841925 0.68984375 0.5412371134020619 0.6984375 0.5738831615120275 0.70546875 0.5807560137457045 0.73515625 0.5824742268041238 0.828125 0.570446735395189 0.828125 0.5567010309278351 0.7921875 0.48453608247422686 0.68203125 0.4965635738831615 0.678125 0.5051546391752578 0.6796875 0.5171821305841925
0 0.54375 0.8934707903780069 0.5390625 0.8917525773195877 0.53828125 0.8951890034364262 0.54375 0.8934707903780069
0 0.515625 0.993127147766323 0.53359375 0.9845360824742269 0.54921875 0.993127147766323 0.57421875 0.9948453608247423 0.5828125 0.9347079037800687 0.58125 0.9037800687285223 0.58515625 0.8969072164948454 0.58203125 0.88659793814433 0.58515625 0.8780068728522338 0.571875 0.8986254295532646 0.56875 0.8969072164948454 0.56796875 0.9037800687285223 0.56484375 0.9003436426116839 0.5640625 0.8900343642611684 0.559375 0.8900343642611684 0.55625 0.8969072164948454 0.55625 0.9054982817869417 0.54609375 0.9054982817869417 0.5375 0.8986254295532646 0.530859375 0.9089347079037802 0.53046875 0.9037800687285223 0.52526015625 0.9037800687285223 0.52421875 0.9106529209621994 0.52109375 0.9037800687285223 0.519140625 0.9123711340206186 0.51328125 0.9140893470790379 0.51171875 0.9553264604810998 0.515625 0.993127147766323
0 0.5642343750000001 0.8791408934707905 0.5640625 0.8780068728522338 0.5609375 0.8780068728522338 0.5606336805555555 0.8786750668193969 0.5642343750000001 0.8791408934707905
0 0.55390625 0.879725085910653 0.55859375 0.8831615120274915 0.5606336805555555 0.8786750668193969 0.55546875 0.8780068728522338 0.55390625 0.879725085910653
0 0.56875 0.879725085910653 0.5642343750000001 0.8791408934707905 0.56484375 0.8831615120274915 0.56875 0.879725085910653
0 0.16796875 0.9759450171821307 0.184375 0.9673539518900345 0.2203125 0.9621993127147768 0.2234375 0.9536082474226806 0.23046875 0.9553264604810998 0.24609375 0.9467353951890034 0.2546875 0.9329896907216495 0.253125 0.8917525773195877 0.259375 0.8745704467353953 0.26171875 0.8384879725085911 0.26796875 0.8281786941580757 0.2703125 0.7852233676975946 0.24140625 0.7852233676975946 0.19296875 0.79553264604811 0.1640625 0.9003436426116839 0.16015625 0.9261168384879725 0.1546875 0.9381443298969072 0.15390625 0.9587628865979383 0.16796875 0.9759450171821307
0 0.35625 0.4209621993127148 0.34765625 0.4209621993127148 0.3453125 0.4312714776632303 0.35625 0.4209621993127148
0 0.35234375 0.35223367697594504 0.353125 0.359106529209622 0.34765625 0.38659793814432997 0.3484375 0.41580756013745707 0.35234375 0.4089347079037801 0.35625 0.41065292096219935 0.35703125 0.40549828178694164 0.37734375 0.4072164948453609 0.37890625 0.40034364261168387 0.3921875 0.3969072164948454 0.39140625 0.39003436426116844 0.3984375 0.3694158075601375 0.4 0.3402061855670103 0.3765625 0.33676975945017185 0.34921875 0.34536082474226804 0.34765625 0.3470790378006873 0.35234375 0.35223367697594504