0 0.6109375 0.6202749140893471 0.61015625 0.6288659793814434 0.64375 0.6254295532646049 0.79375 0.577319587628866 0.8 0.570446735395189 0.80078125 0.5618556701030928 0.7984375 0.5567010309278351 0.7890625 0.5549828178694158 0.77109375 0.5601374570446735 0.76796875 0.5670103092783505 0.75625 0.5738831615120275 0.746875 0.5721649484536082 0.74453125 0.563573883161512 0.740625 0.570446735395189 0.72578125 0.563573883161512 0.7171875 0.5756013745704468 0.7 0.5738831615120275 0.68984375 0.5893470790378007 0.67265625 0.5927835051546392 0.6671875 0.6013745704467355 0.634375 0.6030927835051547 0.603125 0.6219931271477663 0.60234375 0.6271477663230242 0.6109375 0.6202749140893471
0 0.81328125 0.5652920962199313 0.82109375 0.5498281786941581 0.82109375 0.5395189003436427 0.81171875 0.534364261168385 0.80703125 0.5463917525773196 0.8078125 0.563573883161512 0.81328125 0.5652920962199313
0 0.21484375 0.6202749140893471 0.2125 0.6271477663230242 0.18046875 0.6357388316151203 0.19609375 0.6357388316151203 0.2015625 0.6426116838487973 0.20234375 0.6340206185567011 0.20546875 0.6323024054982819 0.206640625 0.6426116838487973 0.2125 0.6443298969072165 0.3078125 0.6494845360824744 0.2984375 0.6219931271477663 0.29296875 0.5945017182130584 0.27578125 0.6151202749140894 0.26875 0.6134020618556701 0.26171875 0.5979381443298969 0.253125 0.6082474226804124 0.24375 0.6099656357388317 0.24140625 0.6168384879725086 0.23203125 0.6082474226804124 0.22734375 0.6151202749140894 0.2234375 0.6134020618556701 0.22109375 0.604810996563574 0.21484375 0.6082474226804124 0.21015625 0.6151202749140894 0.21484375 0.6202749140893471
0 0.296875 0.4261168384879725 0.2984375 0.45704467353951894 0.29375 0.4725085910652921 0.29453125 0.48797250859106533 0.29765625 0.4965635738831615 0.29609375 0.570446735395189 0.30078125 0.5945017182130584 0.3 0.6082474226804124 0.30390625 0.6202749140893471 0.321875 0.6237113402061857 0.3875 0.6099656357388317 0.41640625 0.6099656357388317 0.428125 0.6151202749140894 0.42421875 0.527491408934708 0.4265625 0.5120274914089348 0.42265625 0.4896907216494846 0.42421875 0.4553264604810997 0.421875 0.44158075601374575 0.425 0.41924398625429554 0.4234375 0.3969072164948454 0.4265625 0.36769759450171824 0.42421875 0.3384879725085911 0.40703125 0.33676975945017185 0.30625 0.3539518900343643 0.3015625 0.359106529209622 0.3015625 0.36769759450171824 0.29609375 0.38659793814432997 0.29921875 0.4072164948453609 0.296875 0.4261168384879725
0 0.7452931501547988 0.5808304873767196 0.72265625 0.5859106529209622 0.6984375 0.5721649484536082 0.69296875 0.5790378006872853 0.6828125 0.5807560137457045 0.68125 0.5859106529209622 0.63125 0.5910652920962199 0.62421875 0.5996563573883162 0.61484375 0.6013745704467355 0.6109375 0.6134020618556701 0.6 0.6151202749140894 0.59921875 0.6237113402061857 0.60234375 0.6288659793814434 0.64140625 0.6271477663230242 0.7421875 0.5927835051546392 0.7452931501547988 0.5808304873767196
0 0.80625 0.5326460481099657 0.8109375 0.5292096219931273 0.8109375 0.513745704467354 0.8140625 0.5068728522336771 0.80703125 0.5171821305841925 0.809375 0.5240549828178694 0.80625 0.5326460481099657
0 0.678125 0.48359375 0.00078125 0.0015625
0 0.69765625 0.35223367697594504 0.6953125 0.3625429553264605 0.69765625 0.3694158075601375 0.6890625 0.3934707903780069 0.6890625 0.4089347079037801 0.69296875 0.42439862542955326 0.6921875 0.4587628865979382 0.69453125 0.4742268041237113 0.6921875 0.4810996563573884 0.684375 0.48453608247422686 0.6859375 0.5051546391752578 0.67734375 0.5223367697594502 0.67890625 0.5395189003436427 0.6828125 0.534364261168385 0.6828125 0.5429553264604812 0.68828125 0.5429553264604812 0.6953125 0.534364261168385 0.703125 0.5652920962199313 0.70078125 0.5790378006872853 0.70234375 0.5824742268041238 0.76171875 0.5738831615120275 0.77578125 0.577319587628866 0.78125 0.570446735395189 0.7953125 0.5721649484536082 0.8 0.5670103092783505 0.80625 0.5412371134020619 0.79921875 0.5292096219931273 0.79765625 0.5189003436426117 0.80234375 0.5068728522336771 0.80234375 0.4896907216494846 0.80703125 0.48797250859106533 0.80703125 0.4639175257731959 0.81015625 0.46219931271477666 0.8109375 0.4518900343642612 0.803125 0.4398625429553265 0.80390625 0.4209621993127148 0.79921875 0.41065292096219935 0.8 0.365979381443299 0.79375 0.3539518900343643 0.79375 0.3384879725085911 0.790625 0.33333333333333337 0.79140625 0.3247422680412372 0.7890625 0.3178694158075602 0.7734375 0.31615120274914094 0.6921875 0.33161512027491413 0.6921875 0.3384879725085911 0.69765625 0.35223367697594504
0 0.690625 0.5292096219931273 0.69296875 0.534364261168385 0.69453125 0.5223367697594502 0.690625 0.5171821305841925 0.69375 0.5240549828178694 0.690625 0.5292096219931273
0 0.684375 0.4875 0.00078125 0.0015625
0 0.6890625 0.4072164948453609 0.6953125 0.42439862542955326 0.69296875 0.43642611683848803 0.696875 0.4725085910652921 0.69296875 0.49312714776632305 0.69609375 0.5034364261168386 0.70234375 0.5034364261168386 0.69921875 0.5085910652920963 0.6984375 0.5395189003436427 0.69609375 0.5463917525773196 0.70078125 0.5670103092783505 0.6890625 0.5876288659793815 0.675 0.5893470790378007 0.66484375 0.6013745704467355 0.65390625 0.5910652920962199 0.65 0.5910652920962199 0.64375 0.6013745704467355 0.6171875 0.6013745704467355 0.6140625 0.6151202749140894 0.6095818014705883 0.619062057812816 0.612890625 0.6271477663230242 0.6390625 0.6254295532646049 0.7265625 0.5945017182130584 0.77109375 0.584192439862543 0.8140625 0.563573883161512 0.82109375 0.5498281786941581 0.82109375 0.5395189003436427 0.81484375 0.5309278350515465 0.81328125 0.5189003436426117 0.81796875 0.49828178694158076 0.8078125 0.48453608247422686 0.80859375 0.4690721649484536 0.81328125 0.4518900343642612 0.8046875 0.43642611683848803 0.8078125 0.4072164948453609 0.80078125 0.39862542955326463 0.8 0.3883161512027492 0.80390625 0.36426116838487976 0.7953125 0.35223367697594504 0.79921875 0.32817869415807566 0.79765625 0.3230240549828179 0.78125 0.3144329896907217 0.76328125 0.31615120274914094 0.734375 0.32817869415807566 0.68828125 0.3298969072164949 0.6890625 0.3694158075601375 0.69609375 0.37457044673539525 0.6890625 0.3917525773195877 0.6890625 0.4072164948453609
0 0.771875 0.563573883161512 0.77421875 0.5601374570446735 0.77421875 0.5549828178694158 0.7703125 0.5567010309278351 0.76875 0.5601374570446735 0.771875 0.563573883161512
0 0.771875 0.41924398625429554 0.76953125 0.41408934707903783 0.76875 0.4175257731958763 0.771875 0.41924398625429554
0 0.75078125 0.32817869415807566 0.7546875 0.3264604810996564 0.76015625 0.3350515463917526 0.778125 0.33161512027491413 0.78515625 0.34192439862542956 0.784375 0.359106529209622 0.78046875 0.3694158075601375 0.78828125 0.38487972508591073 0.78828125 0.3969072164948454 0.7828125 0.41065292096219935 0.790625 0.422680412371134 0.790625 0.443298969072165 0.78203125 0.4553264604810997 0.77109375 0.45704467353951894 0.77890625 0.4690721649484536 0.77578125 0.47938144329896915 0.7765625 0.4948453608247423 0.77421875 0.5034364261168386 0.7828125 0.5240549828178694 0.78203125 0.5412371134020619 0.7765625 0.5515463917525774 0.78046875 0.5567010309278351 0.78125 0.5721649484536082 0.79375 0.5756013745704468 0.81328125 0.5670103092783505 0.82265625 0.5429553264604812 0.8140625 0.520618556701031 0.81875 0.4965635738831615 0.809375 0.4828178694158076 0.8140625 0.45017182130584193 0.80625 0.43814432989690727 0.809375 0.4072164948453609 0.8015625 0.39518900343642616 0.8046875 0.3608247422680413 0.796875 0.3539518900343643 0.8 0.32130584192439865 0.78828125 0.31271477663230246 0.7515625 0.32130584192439865 0.74921875 0.3247422680412372 0.75078125 0.32817869415807566
0 0.43828125 0.6426116838487973 0.465625 0.6494845360824744 0.521875 0.6443298969072165 0.5640625 0.6288659793814434 0.57109375 0.6219931271477663 0.56484375 0.6082474226804124 0.53203125 0.604810996563574 0.5203125 0.6134020618556701 0.5046875 0.6082474226804124 0.503125 0.6134020618556701 0.46953125 0.6168384879725086 0.45703125 0.6254295532646049 0.45 0.6202749140893471 0.4359375 0.6219931271477663 0.43515625 0.6340206185567011 0.43828125 0.6426116838487973
0 0.1609375 0.5618556701030928 0.15546875 0.5790378006872853 0.15546875 0.5876288659793815 0.1578125 0.6151202749140894 0.16796875 0.6340206185567011 0.19609375 0.6340206185567011 0.203125 0.6391752577319588 0.2203125 0.6391752577319588 0.228125 0.6340206185567011 0.25078125 0.6408934707903781 0.2546875 0.6271477663230242 0.28515625 0.6254295532646049 0.29296875 0.6099656357388317 0.2890625 0.5446735395189004 0.29140625 0.49828178694158076 0.2875 0.4587628865979382 0.290625 0.45017182130584193 0.290625 0.3934707903780069 0.29609375 0.3625429553264605 0.29296875 0.3539518900343643 0.2859375 0.35223367697594504 0.25859375 0.359106529209622 0.19453125 0.3625429553264605 0.16796875 0.3762886597938145 0.16328125 0.3917525773195877 0.165625 0.4175257731958763 0.1609375 0.43642611683848803 0.1640625 0.4690721649484536 0.15703125 0.4862542955326461 0.16015625 0.5085910652920963 0.1609375 0.5618556701030928
0 0.79375 0.577319587628866 0.8 0.570446735395189 0.80078125 0.5618556701030928 0.79609375 0.5567010309278351 0.78125 0.5584192439862543 0.75546875 0.5738831615120275 0.746875 0.5721649484536082 0.74453125 0.563573883161512 0.7375 0.5687285223367697 0.7265625 0.563573883161512 0.7171875 0.5756013745704468 0.7 0.5738831615120275 0.68984375 0.5893470790378007 0.671875 0.5927835051546392 0.66640625 0.6013745704467355 0.63359375 0.6030927835051547 0.6234375 0.6134020618556701 0.609375 0.6202749140893471 0.61171875 0.6202749140893471 0.6111328125 0.6271477663230242 0.63984375 0.6271477663230242 0.79375 0.577319587628866
0 0.8109375 0.5532646048109966 0.8078125 0.5567010309278351 0.80859375 0.563573883161512 0.81328125 0.5652920962199313 0.82109375 0.5498281786941581 0.82109375 0.5395189003436427 0.81796875 0.5360824742268042 0.81328125 0.534364261168385 0.809375 0.5412371134020619 0.80625 0.5498281786941581 0.8109375 0.5532646048109966
0 0.64375 0.6271477663230242 0.7328125 0.5962199312714777 0.73671875 0.5859106529209622 0.737890625 0.5945017182130584 0.7421875 0.5945017182130584 0.7671875 0.5859106529209622 0.7703125 0.577319587628866 0.7734375 0.584192439862543 0.78203125 0.5790378006872853 0.76171875 0.5756013745704468 0.721875 0.5859106529209622 0.69921875 0.577319587628866 0.690625 0.5893470790378007 0.6734375 0.5910652920962199 0.66875 0.5996563573883162 0.63671875 0.6013745704467355 0.60234375 0.6202749140893471 0.6015625 0.6288659793814434 0.64375 0.6271477663230242
0 0.5640625 0.37972508591065296 0.5625 0.4209621993127148 0.56953125 0.5463917525773196 0.5671875 0.584192439862543 0.57109375 0.6013745704467355 0.6125 0.5996563573883162 0.615625 0.5927835051546392 0.62890625 0.5893470790378007 0.675 0.5859106529209622 0.6828125 0.5790378006872853 0.6890625 0.5807560137457045 0.69609375 0.5687285223367697 0.6953125 0.5567010309278351 0.690625 0.5532646048109966 0.696875 0.5429553264604812 0.696875 0.5171821305841925 0.690625 0.5051546391752578 0.69453125 0.47594501718213056 0.69140625 0.45360824742268047 0.69375 0.4209621993127148 0.68828125 0.4020618556701031 0.68828125 0.39003436426116844 0.6921875 0.3762886597938145 0.69609375 0.3762886597938145 0.69765625 0.35738831615120276 0.68828125 0.34536082474226804 0.68046875 0.31615120274914094 0.66875 0.30927835051546393 0.65078125 0.31099656357388317 0.60546875 0.32817869415807566 0.58828125 0.32130584192439865 0.5640625 0.3298969072164949 0.5609375 0.365979381443299 0.5640625 0.37972508591065296
0 0.8203125 0.5429553264604812 0.815625 0.5360824742268042 0.8140625 0.5395189003436427 0.8203125 0.5429553264604812
0 0.75546875 0.32817869415807566 0.759375 0.3350515463917526 0.77578125 0.3298969072164949 0.78515625 0.34192439862542956 0.78125 0.3711340206185567 0.7875 0.37972508591065296 0.78828125 0.3969072164948454 0.78359375 0.41065292096219935 0.790625 0.4209621993127148 0.79140625 0.44158075601374575 0.78359375 0.4553264604810997 0.7953125 0.46219931271477666 0.8 0.4828178694158076 0.79921875 0.4965635738831615 0.7875 0.5051546391752578 0.7875 0.5120274914089348 0.79375 0.5154639175257733 0.796875 0.5085910652920963 0.8015625 0.5326460481099657 0.80546875 0.5326460481099657 0.80625 0.527491408934708 0.81328125 0.5309278350515465 0.81796875 0.4948453608247423 0.809375 0.4828178694158076 0.80859375 0.4725085910652921 0.8140625 0.4587628865979382 0.8140625 0.45017182130584193 0.80625 0.4398625429553265 0.81015625 0.4089347079037801 0.8015625 0.3934707903780069 0.80546875 0.36426116838487976 0.796875 0.35223367697594504 0.80078125 0.3230240549828179 0.78359375 0.31271477663230246 0.7546875 0.3178694158075602 0.740625 0.3264604810996564 0.74609375 0.33333333333333337 0.75546875 0.32817869415807566
0 0.6109375 0.6288659793814434 0.64375 0.6254295532646049 0.784375 0.5807560137457045 0.7875 0.577319587628866 0.78828125 0.5687285223367697 0.79296875 0.577319587628866 0.7953125 0.5721649484536082 0.790625 0.5687285223367697 0.79296875 0.563573883161512 0.79140625 0.5618556701030928 0.78828125 0.5652920962199313 0.78359375 0.5601374570446735 0.75703125 0.5738831615120275 0.73359375 0.570446735395189 0.73046875 0.563573883161512 0.7265625 0.563573883161512 0.7171875 0.5756013745704468 0.69921875 0.5738831615120275 0.690625 0.5876288659793815 0.6734375 0.5910652920962199 0.665625 0.6013745704467355 0.6359375 0.6013745704467355 0.603125 0.6219931271477663 0.6015625 0.6254295532646049 0.6109375 0.6288659793814434
0 0.60546875 0.6305841924398626 0.640625 0.6288659793814434 0.74375 0.5910652920962199 0.675 0.5893470790378007 0.66796875 0.5996563573883162 0.65390625 0.5996563573883162 0.65078125 0.5927835051546392 0.64375 0.6013745704467355 0.6265625 0.6030927835051547 0.6171875 0.6134020618556701 0.60078125 0.6202749140893471 0.6 0.6271477663230242 0.60546875 0.6305841924398626
0 0.215625 0.6443298969072165 0.2203125 0.6340206185567011 0.22109375 0.6443298969072165 0.22734375 0.6460481099656358 0.30390625 0.6529209621993128 0.31171875 0.6494845360824744 0.309375 0.6374570446735396 0.3015625 0.6288659793814434 0.29375 0.6082474226804124 0.2921875 0.6202749140893471 0.28203125 0.6219931271477663 0.2796875 0.6271477663230242 0.246875 0.6271477663230242 0.20234375 0.6374570446735396 0.20234375 0.6426116838487973 0.215625 0.6443298969072165
0 0.30625 0.6374570446735396 0.3078125 0.6477663230240551 0.31328125 0.6529209621993128 0.41875 0.6512027491408936 0.440625 0.6426116838487973 0.43828125 0.6323024054982819 0.43203125 0.6254295532646049 0.42734375 0.604810996563574 0.425 0.6099656357388317 0.38515625 0.6099656357388317 0.3359375 0.6219931271477663 0.30703125 0.6202749140893471 0.303125 0.6271477663230242 0.30234375 0.6323024054982819 0.30625 0.6374570446735396
0 0.42734375 0.42783505154639184 0.42734375 0.4862542955326461 0.43125 0.5034364261168386 0.43125 0.5326460481099657 0.43359375 0.5412371134020619 0.43125 0.5738831615120275 0.4359375 0.6237113402061857 0.4984375 0.6202749140893471 0.50625 0.6151202749140894 0.55703125 0.6099656357388317 0.56328125 0.604810996563574 0.5640625 0.5481099656357389 0.56015625 0.5292096219931273 0.55625 0.42783505154639184 0.55859375 0.38487972508591073 0.55234375 0.3384879725085911 0.51953125 0.3384879725085911 0.49140625 0.34879725085910657 0.4421875 0.3505154639175258 0.43203125 0.359106529209622 0.4328125 0.3694158075601375 0.42890625 0.38316151202749144 0.43046875 0.4123711340206186 0.42734375 0.42783505154639184
0 0.22734375 0.6460481099656358 0.31015625 0.6494845360824744 0.3078125 0.6357388316151203 0.30078125 0.6271477663230242 0.29296875 0.5927835051546392 0.28984375 0.5962199312714777 0.2859375 0.6185567010309279 0.2640625 0.6219931271477663 0.25859375 0.6134020618556701 0.2546875 0.6185567010309279 0.23046875 0.6185567010309279 0.22265625 0.6288659793814434 0.20697737068965516 0.6346131058182249 0.20625 0.6426116838487973 0.22734375 0.6460481099656358
0 0.29296875 0.5876288659793815 0.2921875 0.5807560137457045 0.28984375 0.5859106529209622 0.29296875 0.5876288659793815
0 0.29296875 0.5549828178694158 0.29140625 0.5515463917525774 0.28984375 0.5584192439862543 0.29296875 0.5549828178694158
0 0.7859375 0.5498281786941581 0.78203125 0.5584192439862543 0.7828125 0.570446735395189 0.7890625 0.5756013745704468 0.8109375 0.570446735395189 0.82265625 0.5481099656357389 0.82265625 0.5395189003436427 0.81484375 0.5223367697594502 0.81875 0.4965635738831615 0.809375 0.4810996563573884 0.81015625 0.4690721649484536 0.81484375 0.4553264604810997 0.8140625 0.4484536082474227 0.80625 0.43814432989690727 0.809375 0.4072164948453609 0.8 0.3969072164948454 0.8 0.38659793814432997 0.80390625 0.3780068728522337 0.79765625 0.3762886597938145 0.80390625 0.3625429553264605 0.8015625 0.359106529209622 0.7984375 0.365979381443299 0.796875 0.35738831615120276 0.796875 0.36426116838487976 0.79375 0.3625429553264605 0.7984375 0.38487972508591073 0.79296875 0.3934707903780069 0.79765625 0.3969072164948454 0.79375 0.40549828178694164 0.7921875 0.443298969072165 0.7890625 0.45704467353951894 0.78671875 0.4553264604810997 0.79609375 0.4639175257731959 0.8 0.4828178694158076 0.8 0.4965635738831615 0.78359375 0.5120274914089348 0.7875 0.5223367697594502 0.7859375 0.5498281786941581