0 0.7765625 0.35517241379310344 0.778125 0.39655172413793105 0.79140625 0.39655172413793105 0.7953125 0.3896551724137931 0.79765625 0.3931034482758621 0.796875 0.3879310344827586 0.80078125 0.38448275862068965 0.8140625 0.38448275862068965 0.81328125 0.35517241379310344 0.81875 0.2775862068965517 0.8171875 0.26206896551724135 0.80859375 0.2551724137931034 0.790625 0.2551724137931034 0.78125 0.2689655172413793 0.78203125 0.2896551724137931 0.7765625 0.35517241379310344
0 0.47265625 0.5413793103448276 0.47578125 0.5379310344827586 0.4765625 0.42931034482758623 0.4734375 0.2689655172413793 0.4703125 0.25862068965517243 0.44453125 0.2603448275862069 0.43984375 0.2689655172413793 0.4421875 0.539655172413793 0.47265625 0.5413793103448276
0 0.51015625 0.47241379310344833 0.51171875 0.45 0.506640625 0.4387931034482759 0.5046875 0.44655172413793104 0.4875 0.44482758620689655 0.47734375 0.4517241379310345 0.47578125 0.496551724137931 0.478125 0.5362068965517242 0.51328125 0.5362068965517242 0.51015625 0.47241379310344833
0 0.49921875 0.4344827586206897 0.49296875 0.43103448275862066 0.4859375 0.4344827586206897 0.49921875 0.4344827586206897
0 0.28984375 0.5413793103448276 0.2859375 0.5362068965517242 0.275 0.539655172413793 0.2734375 0.5413793103448276 0.28984375 0.5413793103448276
0 0.26015625 0.5103448275862068 0.2703125 0.5155172413793103 0.26484375 0.5258620689655172 0.26796875 0.5293103448275862 0.271875 0.5206896551724138 0.27218749999999997 0.5293103448275862 0.29296875 0.5258620689655172 0.29296875 0.5120689655172413 0.28828125 0.5086206896551724 0.29140625 0.496551724137931 0.28828125 0.5017241379310345 0.2875 0.496551724137931 0.2703125 0.49482758620689654 0.2671875 0.503448275862069 0.2625 0.496551724137931 0.26328125 0.5051724137931035 0.26015625 0.5103448275862068
0 0.25703125 0.359375 0.0046875 0.0015625
0 0.29453125 0.45344827586206893 0.29375 0.41724137931034483 0.28984375 0.4051724137931035 0.28984375 0.35517241379310344 0.2875 0.3586206896551724 0.28828125 0.36724137931034484 0.2734375 0.36724137931034484 0.27421875 0.3586206896551724 0.26796875 0.3568965517241379 0.265625 0.3586206896551724 0.265625 0.36724137931034484 0.25859375 0.3689655172413793 0.25625 0.3758620689655172 0.2578125 0.45517241379310347 0.29453125 0.45344827586206893
0 0.296875 0.5413793103448276 0.29296875 0.45517241379310347 0.26875 0.44827586206896547 0.2578125 0.45862068965517244 0.2578125 0.5413793103448276 0.296875 0.5413793103448276
0 0.70625 0.3017241379310345 0.734375 0.3017241379310345 0.73671875 0.30517241379310345 0.73515625 0.3103448275862069 0.7390625 0.3103448275862069 0.7375 0.30517241379310345 0.74140625 0.2982758620689655 0.74296875 0.27413793103448275 0.74140625 0.25689655172413794 0.7125 0.253448275862069 0.7046875 0.25862068965517243 0.703125 0.27241379310344827 0.70625 0.3017241379310345
0 0.4890625 0.5293103448275862 0.48671875 0.5275862068965517 0.48515625 0.5293103448275862 0.4890625 0.5293103448275862
0 0.48984375 0.4896551724137931 0.4875 0.4862068965517241 0.48828125 0.49482758620689654 0.48984375 0.4896551724137931
0 0.50390625 0.4413793103448276 0.50078125 0.43965517241379304 0.5015625 0.44655172413793104 0.50390625 0.4413793103448276
0 0.48125 0.4568965517241379 0.48671875 0.46896551724137925 0.4875 0.4793103448275862 0.490625 0.4672413793103448 0.4953125 0.46551724137931033 0.49375 0.44827586206896547 0.496875 0.4379310344827586 0.4828125 0.4379310344827586 0.484375 0.4517241379310345 0.48125 0.4568965517241379
0 0.503125 0.3586206896551724 0.50078125 0.3568965517241379 0.5015625 0.3620689655172414 0.503125 0.3586206896551724
0 0.4875 0.32413793103448274 0.484375 0.32068965517241377 0.484375 0.3258620689655172 0.4875 0.32413793103448274
0 0.496875 0.2827586206896552 0.49453125 0.2689655172413793 0.49375 0.2810344827586207 0.496875 0.2827586206896552
0 0.47734375 0.5379310344827586 0.4796875 0.5344827586206897 0.4796875 0.5206896551724138 0.48828125 0.5224137931034483 0.490625 0.5172413793103449 0.49296875 0.5224137931034483 0.490625 0.5362068965517242 0.49296875 0.5310344827586206 0.49765625 0.5362068965517242 0.5078125 0.5344827586206897 0.51015625 0.5120689655172413 0.50703125 0.5017241379310345 0.509375 0.48793103448275865 0.50625 0.48275862068965514 0.50625 0.47413793103448276 0.509375 0.47241379310344833 0.50625 0.46551724137931033 0.50859375 0.4613293103448276 0.5015625 0.45862068965517244 0.50859375 0.4519706896551724 0.50546875 0.4431034482758621 0.50859375 0.4426103448275862 0.50625 0.4379310344827586 0.50859375 0.4238913793103448 0.50546875 0.41551724137931034 0.50859375 0.4145327586206896 0.5046875 0.41034482758620683 0.509375 0.40344827586206894 0.50859375 0.38448275862068965 0.50625 0.38275862068965516 0.509375 0.3758620689655172 0.50703125 0.3706896551724138 0.50859375 0.33620689655172414 0.50625 0.33448275862068966 0.509375 0.3137931034482758 0.5078125 0.27241379310344827 0.5046875 0.2827586206896552 0.5 0.2810344827586207 0.48984375 0.2896551724137931 0.4875 0.2827586206896552 0.47890625 0.28793103448275864 0.475 0.2706896551724138 0.475 0.25689655172413794 0.471875 0.2517241379310345 0.45078125 0.2482758620689655 0.44140625 0.26206896551724135 0.44375 0.5362068965517242 0.47734375 0.5379310344827586
0 0.59453125 0.5327586206896552 0.61953125 0.5293103448275862 0.6234375 0.4603448275862069 0.62265625 0.4137931034482759 0.615625 0.41206896551724137 0.61015625 0.4 0.59140625 0.4 0.58828125 0.41206896551724137 0.58828125 0.5275862068965517 0.59453125 0.5327586206896552
0 0.5953125 0.3568965517241379 0.5984375 0.36379310344827587 0.60625 0.3586206896551724 0.59140625 0.35517241379310344 0.59140625 0.3655172413793103 0.5953125 0.3568965517241379
0 0.7375 0.41896551724137926 0.73515625 0.5310344827586206 0.73984375 0.5362068965517242 0.76953125 0.5344827586206897 0.775 0.503448275862069 0.7734375 0.44655172413793104 0.7765625 0.41551724137931034 0.7765625 0.35344827586206895 0.78125 0.3 0.7796875 0.25862068965517243 0.7671875 0.253448275862069 0.74609375 0.25862068965517243 0.74375 0.2655172413793103 0.74296875 0.3 0.7390625 0.3275862068965517 0.740625 0.3896551724137931 0.7375 0.41896551724137926
0 0.57265625 0.3103448275862069 0.553125 0.3086206896551724 0.55234375 0.3137931034482758 0.57265625 0.3103448275862069
0 0.55390625 0.30344827586206896 0.57578125 0.3017241379310345 0.5765625 0.3103448275862069 0.58515625 0.3137931034482758 0.5890625 0.29655172413793107 0.58828125 0.25862068965517243 0.55703125 0.253448275862069 0.55 0.26724137931034486 0.55 0.29655172413793107 0.55390625 0.30344827586206896
0 0.1796875 0.34655172413793106 0.178125 0.3655172413793103 0.1828125 0.40344827586206894 0.1828125 0.43965517241379304 0.215625 0.44482758620689655 0.21796875 0.4413793103448276 0.21875 0.4224137931034483 0.21640625 0.4051724137931035 0.2171875 0.35 0.21328125 0.2896551724137931 0.21328125 0.2482758620689655 0.18203125 0.24655172413793106 0.17578125 0.25689655172413794 0.17734375 0.33275862068965517 0.1796875 0.34655172413793106
0 0.51484375 0.4275862068965517 0.53515625 0.4241379310344827 0.53828125 0.41896551724137926 0.546875 0.4275862068965517 0.54921875 0.39827586206896554 0.546875 0.32068965517241377 0.54140625 0.3155172413793103 0.521875 0.31724137931034485 0.51796875 0.32068965517241377 0.5125 0.33793103448275863 0.51171875 0.37241379310344824 0.51484375 0.4275862068965517
0 0.53984375 0.3413793103448276 0.53828125 0.33448275862068966 0.54140625 0.3310344827586207 0.5453125 0.33275862068965517 0.546875 0.3413793103448276 0.55 0.26379310344827583 0.51875 0.26379310344827583 0.5125 0.27241379310344827 0.51328125 0.3448275862068965 0.53984375 0.3413793103448276
0 0.7046875 0.5241379310344827 0.7109375 0.5224137931034483 0.7125 0.5327586206896552 0.71484375 0.5241379310344827 0.7171875 0.5275862068965517 0.71640625 0.5327586206896552 0.7265625 0.5344827586206897 0.7408203125 0.5327586206896552 0.74453125 0.5258620689655172 0.7453125 0.5327586206896552 0.74609375 0.5224137931034483 0.76875 0.5189655172413793 0.771875 0.49827586206896546 0.76953125 0.49482758620689654 0.7703125 0.4862068965517241 0.76640625 0.48103448275862065 0.76953125 0.47413793103448276 0.76953125 0.44827586206896547 0.77265625 0.43275862068965515 0.771875 0.4017241379310345 0.740625 0.4 0.73671875 0.3896551724137931 0.71640625 0.38620689655172413 0.70546875 0.3896551724137931 0.7 0.41724137931034483 0.69921875 0.506896551724138 0.7046875 0.5241379310344827
0 0.66484375 0.5206896551724138 0.678125 0.5241379310344827 0.68125 0.5327586206896552 0.6921875 0.5241379310344827 0.69609375 0.506896551724138 0.6953125 0.49827586206896546 0.70078125 0.45862068965517244 0.69921875 0.41034482758620683 0.70234375 0.40344827586206894 0.69453125 0.38620689655172413 0.6671875 0.3810344827586207 0.66328125 0.3879310344827586 0.6625 0.41206896551724137 0.66171875 0.47241379310344833 0.66484375 0.5206896551724138
0 0.784375 0.29655172413793107 0.8 0.3 0.8140625 0.3137931034482758 0.8171875 0.30689655172413793 0.8171875 0.25862068965517243 0.78984375 0.253448275862069 0.78125 0.26206896551724135 0.78125 0.2827586206896552 0.784375 0.29655172413793107
0 0.6609375 0.5275862068965517 0.67734375 0.5327586206896552 0.69609375 0.5310344827586206 0.69921875 0.5224137931034483 0.69921875 0.496551724137931 0.7046875 0.46896551724137925 0.709375 0.47586206896551725 0.7109375 0.4706896551724138 0.71328125 0.4706896551724138 0.71328125 0.47586206896551725 0.715625 0.47241379310344833 0.7015625 0.4603448275862069 0.70078125 0.43103448275862066 0.6984375 0.4224137931034483 0.7 0.4068965517241379 0.70390625 0.40344827586206894 0.703125 0.32413793103448274 0.70625 0.3 0.703125 0.2603448275862069 0.66796875 0.2603448275862069 0.6640625 0.30517241379310345 0.66328125 0.3586206896551724 0.6640625 0.5051724137931035 0.6609375 0.5275862068965517
0 0.55 0.34310344827586203 0.55234375 0.42586206896551726 0.584375 0.42586206896551726 0.58515625 0.3568965517241379 0.58828125 0.33620689655172414 0.58828125 0.2689655172413793 0.58515625 0.2603448275862069 0.55625 0.25862068965517243 0.5515625 0.27586206896551724 0.55234375 0.31724137931034485 0.55 0.34310344827586203
0 0.296875 0.539655172413793 0.33359375 0.539655172413793 0.33125 0.5051724137931035 0.33203125 0.4431034482758621 0.296875 0.4379310344827586 0.29453125 0.4413793103448276 0.29375 0.47586206896551725 0.296875 0.539655172413793
0 0.771875 0.5344827586206897 0.8390625 0.5344827586206897 0.8421875 0.5293103448275862 0.8421875 0.49482758620689654 0.83671875 0.48793103448275865 0.84140625 0.4793103448275862 0.82890625 0.4896551724137931 0.82578125 0.48103448275862065 0.81640625 0.48103448275862065 0.8140625 0.46896551724137925 0.7875 0.4672413793103448 0.78671875 0.4568965517241379 0.78515625 0.46206896551724136 0.78203125 0.45517241379310347 0.77578125 0.4603448275862069 0.77734375 0.46551724137931033 0.775 0.47241379310344833 0.775 0.506896551724138 0.771875 0.5344827586206897
0 0.19609375 0.23103448275862068 0.228125 0.22413793103448273 0.23203125 0.21379310344827585 0.23125 0.2 0.22890625 0.19655172413793104 0.19375 0.19827586206896552 0.18671875 0.20517241379310341 0.18671875 0.22758620689655173 0.19609375 0.23103448275862068
0 0.7015625 0.3568965517241379 0.703125 0.39655172413793105 0.73671875 0.4 0.7390625 0.38620689655172413 0.7390625 0.3275862068965517 0.74296875 0.30344827586206896 0.740625 0.29310344827586204 0.74140625 0.2603448275862069 0.73359375 0.2551724137931034 0.71015625 0.2551724137931034 0.70625 0.25862068965517243 0.7046875 0.26724137931034486 0.70390625 0.34655172413793106 0.7015625 0.3568965517241379
0 0.8078125 0.5327586206896552 0.8125 0.47241379310344833 0.81015625 0.45344827586206893 0.81328125 0.4 0.81171875 0.3896551724137931 0.7953125 0.38620689655172413 0.78203125 0.3948275862068965 0.77890625 0.38620689655172413 0.77890625 0.39655172413793105 0.775 0.4086206896551724 0.775 0.5310344827586206 0.8078125 0.5327586206896552
0 0.37109375 0.5379310344827586 0.40234375 0.539655172413793 0.4046875 0.5120689655172413 0.403125 0.4568965517241379 0.40546875 0.43965517241379304 0.403125 0.35517241379310344 0.39921875 0.32413793103448274 0.39765625 0.31896551724137934 0.365625 0.32068965517241377 0.36640625 0.45517241379310347 0.37109375 0.5379310344827586
0 0.3515625 0.31896551724137934 0.3625 0.3120689655172414 0.3640625 0.27586206896551724 0.36171875 0.24310344827586206 0.35546875 0.23620689655172417 0.33984375 0.23620689655172417 0.3265625 0.24310344827586206 0.328125 0.3155172413793103 0.3515625 0.31896551724137934
0 0.64765625 0.4068965517241379 0.6359375 0.4068965517241379 0.6328125 0.4137931034482759 0.64765625 0.4068965517241379
0 0.66015625 0.39827586206896554 0.66015625 0.3913793103448276 0.6546875 0.3931034482758621 0.66015625 0.39827586206896554
0 0.625 0.3655172413793103 0.62578125 0.3890810344827586 0.6296875 0.39655172413793105 0.62578125 0.39827586206896554 0.628125 0.4068965517241379 0.6265625 0.4137931034482759 0.63515625 0.39655172413793105 0.64453125 0.39655172413793105 0.64375 0.3879310344827586 0.64921875 0.39655172413793105 0.653125 0.3810344827586207 0.6609375 0.3879310344827586 0.66171875 0.34655172413793106 0.6640625 0.3396551724137931 0.66171875 0.2896551724137931 0.6640625 0.2689655172413793 0.6609375 0.2603448275862069 0.63046875 0.2603448275862069 0.6265625 0.31896551724137934 0.628125 0.3448275862068965 0.625 0.3655172413793103
0 0.13984375 0.3017241379310345 0.14375 0.3655172413793103 0.14765625 0.37413793103448273 0.146875 0.3896551724137931 0.15078125 0.38620689655172413 0.15703125 0.39655172413793105 0.178125 0.39827586206896554 0.178125 0.3793103448275862 0.17578125 0.3758620689655172 0.17890625 0.3448275862068965 0.17578125 0.3275862068965517 0.175 0.2810344827586207 0.171875 0.2551724137931034 0.16171875 0.2517241379310345 0.1421875 0.25862068965517243 0.13984375 0.26379310344827583 0.13984375 0.3017241379310345
0 0.36640625 0.4568965517241379 0.36953125 0.5051724137931035 0.36796875 0.5379310344827586 0.403125 0.539655172413793 0.4046875 0.4862068965517241 0.40234375 0.44482758620689655 0.396875 0.43103448275862066 0.39140625 0.4379310344827586 0.36875 0.4379310344827586 0.3703125 0.4517241379310345 0.36640625 0.4568965517241379
0 0.21875 0.3655172413793103 0.22265625 0.5413793103448276 0.22890625 0.5465517241379311 0.2578125 0.5431034482758621 0.259375 0.5051724137931035 0.25625 0.46896551724137925 0.25703125 0.4275862068965517 0.253125 0.35517241379310344 0.25546875 0.3258620689655172 0.253125 0.32068965517241377 0.2515625 0.25689655172413794 0.2484375 0.24655172413793106 0.23984375 0.24137931034482757 0.21640625 0.2482758620689655 0.215625 0.3293103448275862 0.21875 0.3655172413793103
0 0.734375 0.3310344827586207 0.72890625 0.33275862068965517 0.7265625 0.33448275862068966 0.734375 0.3310344827586207
0 0.70078125 0.3603448275862069 0.70234375 0.39655172413793105 0.72890625 0.39827586206896554 0.734375 0.41034482758620683 0.73984375 0.39655172413793105 0.7390625 0.3620689655172414 0.7359375 0.34310344827586203 0.73359375 0.33793103448275863 0.7203125 0.34310344827586203 0.709375 0.3275862068965517 0.70546875 0.3275862068965517 0.70546875 0.3413793103448276 0.70078125 0.3603448275862069
0 0.25390625 0.3879310344827586 0.25625 0.3931034482758621 0.2546875 0.4017241379310345 0.2578125 0.46551724137931033 0.2578125 0.539655172413793 0.2921875 0.5431034482758621 0.2953125 0.5362068965517242 0.29296875 0.48103448275862065 0.290625 0.47586206896551725 0.29296875 0.45344827586206893 0.28984375 0.41034482758620683 0.290625 0.35172413793103446 0.2875 0.32241379310344825 0.2890625 0.2896551724137931 0.28671875 0.2482758620689655 0.2765625 0.23620689655172417 0.25234375 0.24655172413793106 0.25234375 0.3586206896551724 0.25390625 0.3879310344827586
0 0.5921875 0.5344827586206897 0.61953125 0.5327586206896552 0.621875 0.5172413793103449 0.62109375 0.4379310344827586 0.60234375 0.4275862068965517 0.58828125 0.43103448275862066 0.5875 0.4362068965517241 0.58671875 0.5293103448275862 0.5921875 0.5344827586206897
0 0.7234375 0.5362068965517242 0.7328125 0.5310344827586206 0.73359375 0.4568965517241379 0.71328125 0.4517241379310345 0.70234375 0.45517241379310347 0.69921875 0.4603448275862069 0.6984375 0.47413793103448276 0.6984375 0.5327586206896552 0.7234375 0.5362068965517242
0 0.4734375 0.539655172413793 0.47578125 0.42586206896551726 0.47265625 0.27413793103448275 0.46796875 0.26206896551724135 0.45546875 0.2603448275862069 0.44375 0.2603448275862069 0.43984375 0.27241379310344827 0.4421875 0.5379310344827586 0.4734375 0.539655172413793
0 0.8421875 0.5327586206896552 0.8421875 0.48275862068965514 0.8453125 0.47413793103448276 0.846875 0.45344827586206893 0.84609375 0.4 0.81484375 0.39655172413793105 0.80703125 0.41034482758620683 0.79375 0.41551724137931034 0.7796875 0.40344827586206894 0.78203125 0.41034482758620683 0.77578125 0.4275862068965517 0.775 0.44655172413793104 0.77421875 0.5344827586206897 0.8421875 0.5327586206896552
0 0.7703125 0.5344827586206897 0.77265625 0.5155172413793103 0.771875 0.4862068965517241 0.746875 0.4775862068965517 0.7421875 0.46551724137931033 0.7359375 0.4862068965517241 0.7359375 0.5344827586206897 0.7703125 0.5344827586206897
0 0.7421875 0.45862068965517244 0.740625 0.4568965517241379 0.73984375 0.4603448275862069 0.7421875 0.45862068965517244
0 0.62265625 0.3413793103448276 0.6234375 0.33793103448275863 0.62265625 0.33448275862068966 0.62265625 0.3413793103448276
0 0.6078125 0.33275862068965517 0.61640625 0.3396551724137931 0.6234375 0.3275862068965517 0.6265625 0.3137931034482758 0.625 0.29655172413793107 0.62734375 0.2775862068965517 0.621875 0.25862068965517243 0.5953125 0.2551724137931034 0.590625 0.26379310344827583 0.59140625 0.3396551724137931 0.6078125 0.33275862068965517
0 0.4390625 0.30689655172413793 0.44140625 0.31896551724137934 0.4671875 0.32068965517241377 0.4703125 0.3275862068965517 0.4734375 0.3258620689655172 0.47578125 0.28793103448275864 0.47265625 0.25689655172413794 0.44140625 0.26206896551724135 0.4390625 0.26724137931034486 0.4390625 0.30689655172413793
0 0.2171875 0.30689655172413793 0.22109375 0.30689655172413793 0.2234375 0.29655172413793107 0.23203125 0.30517241379310345 0.2515625 0.30344827586206896 0.25234375 0.26724137931034486 0.25 0.25 0.25546875 0.2396551724137931 0.2546875 0.22931034482758622 0.25234375 0.24137931034482757 0.24765625 0.22931034482758622 0.23359375 0.22931034482758622 0.215625 0.24482758620689654 0.21484375 0.2896551724137931 0.2171875 0.30689655172413793
0 0.7359375 0.5327586206896552 0.76875 0.5327586206896552 0.775 0.5017241379310345 0.775 0.41206896551724137 0.771875 0.3896551724137931 0.74375 0.38448275862068965 0.73671875 0.4241379310344827 0.734375 0.5017241379310345 0.7359375 0.5327586206896552
0 0.40078125 0.3275862068965517 0.4046875 0.4068965517241379 0.403125 0.43103448275862066 0.40625 0.4568965517241379 0.4046875 0.5086206896551724 0.40703125 0.5379310344827586 0.43984375 0.539655172413793 0.43984375 0.41724137931034483 0.4375 0.3586206896551724 0.4390625 0.33620689655172414 0.43671875 0.27241379310344827 0.43515625 0.26379310344827583 0.4265625 0.25862068965517243 0.40703125 0.2551724137931034 0.403125 0.26206896551724135 0.40078125 0.2775862068965517 0.40078125 0.3275862068965517
0 0.14765625 0.4051724137931035 0.146875 0.4275862068965517 0.14921875 0.4413793103448276 0.15234375 0.5379310344827586 0.15625 0.5465517241379311 0.18125 0.5448275862068965 0.18515625 0.5413793103448276 0.1859375 0.4793103448275862 0.18125 0.4344827586206897 0.178125 0.43103448275862066 0.18125 0.4068965517241379 0.1734375 0.26379310344827583 0.171875 0.2551724137931034 0.16796875 0.2517241379310345 0.15 0.253448275862069 0.140625 0.26379310344827583 0.140625 0.30344827586206896 0.14765625 0.4051724137931035
0 0.3375 0.42931034482758623 0.3328125 0.43275862068965515 0.33515625 0.43965517241379304 0.33828125 0.43103448275862066 0.340625 0.4379310344827586 0.34427109375 0.43275862068965515 0.3453125 0.4379310344827586 0.34869765625000004 0.43275862068965515 0.35 0.4379310344827586 0.35546875 0.4362068965517241 0.3515625 0.4206896551724138 0.33359375 0.4206896551724138 0.33828125 0.4224137931034483 0.3375 0.42931034482758623
0 0.32890625 0.33620689655172414 0.3328125 0.4051724137931035 0.33671875 0.41206896551724137 0.3546875 0.41206896551724137 0.35625 0.41551724137931034 0.353125 0.4206896551724138 0.3625 0.42586206896551726 0.365625 0.3258620689655172 0.3609375 0.24655172413793106 0.35390625 0.2396551724137931 0.33828125 0.2396551724137931 0.3265625 0.2482758620689655 0.3265625 0.3310344827586207 0.32890625 0.33620689655172414
0 0.70078125 0.5224137931034483 0.6984375 0.5310344827586206 0.70234375 0.5344827586206897 0.76484375 0.5362068965517242 0.77109375 0.5327586206896552 0.771875 0.5275862068965517 0.7734375 0.49827586206896546 0.771875 0.48793103448275865 0.76640625 0.48275862068965514 0.746875 0.48103448275862065 0.73828125 0.47241379310344833 0.7078125 0.47413793103448276 0.69921875 0.48275862068965514 0.6984375 0.5172413793103449 0.70078125 0.5224137931034483
0 0.74140625 0.45862068965517244 0.7375 0.4568965517241379 0.7375 0.46206896551724136 0.74140625 0.45862068965517244
0 0.29140625 0.35172413793103446 0.28984375 0.4 0.29453125 0.42931034482758623 0.29296875 0.4379310344827586 0.32734375 0.43965517241379304 0.3296875 0.4241379310344827 0.32734375 0.4017241379310345 0.3296875 0.3586206896551724 0.32734375 0.29310344827586204 0.325 0.28620689655172415 0.32578125 0.2603448275862069 0.3234375 0.24655172413793106 0.31953125 0.24137931034482757 0.28984375 0.24137931034482757 0.28828125 0.3310344827586207 0.29140625 0.35172413793103446
0 0.40859375 0.38359375 0.003125 0.0015625
0 0.40625 0.45344827586206893 0.40546875 0.5103448275862068 0.4078125 0.5362068965517242 0.43828125 0.539655172413793 0.43984375 0.4206896551724138 0.43828125 0.39655172413793105 0.43515625 0.38620689655172413 0.4359375 0.35172413793103446 0.4296875 0.35 0.42890625 0.3448275862068965 0.4140625 0.34655172413793106 0.4140625 0.3655172413793103 0.41015625 0.3689655172413793 0.41328125 0.38620689655172413 0.40625 0.3931034482758621 0.40390625 0.4344827586206897 0.40625 0.45344827586206893
0 0.4171875 0.3421875 0.00546875 0.0015625
0 0.15625 0.38275862068965516 0.153125 0.3810344827586207 0.15 0.38275862068965516 0.15625 0.38275862068965516
0 0.175 0.3793103448275862 0.1609375 0.3810344827586207 0.17265625 0.38620689655172413 0.175 0.3793103448275862
0 0.13984375 0.3017241379310345 0.14375 0.3620689655172414 0.14765625 0.36724137931034484 0.1515625 0.3603448275862069 0.15625 0.3689655172413793 0.175 0.37241379310344824 0.178125 0.34310344827586203 0.171875 0.2551724137931034 0.159375 0.2517241379310345 0.1421875 0.25862068965517243 0.13984375 0.26379310344827583 0.13984375 0.3017241379310345
0 0.9859375 0.5109375 0.00390625 0.0015625
0 0.9359375 0.45517241379310347 0.934375 0.48275862068965514 0.93515625 0.5327586206896552 0.9328125 0.5568965517241379 0.93515625 0.5706896551724138 0.93125 0.5844827586206897 0.93046875 0.6103448275862069 0.953125 0.6344827586206897 0.959375 0.6482758620689655 0.96875 0.6482758620689655 0.97109375 0.5913793103448276 0.96640625 0.5896551724137931 0.96328125 0.5810344827586207 0.9734375 0.55 0.97109375 0.5293103448275862 0.975 0.5120689655172413 0.971875 0.49137931034482757 0.97578125 0.4862068965517241 0.96796875 0.4844827586206897 0.965625 0.47586206896551725 0.975 0.4637931034482759 0.97734375 0.4706896551724138 0.9765625 0.46206896551724136 0.97265625 0.4637931034482759 0.9703125 0.45517241379310347 0.9625 0.44655172413793104 0.96171875 0.4379310344827586 0.9640625 0.4344827586206897 0.96015625 0.42931034482758623 0.96015625 0.4206896551724138 0.95703125 0.4275862068965517 0.95625 0.4206896551724138 0.9484375 0.4206896551724138 0.94765625 0.42931034482758623 0.9390625 0.4241379310344827 0.93515625 0.4431034482758621 0.93828125 0.4517241379310345 0.9359375 0.45517241379310347
0 0.8125 0.47586206896551725 0.8109375 0.5258620689655172 0.815625 0.5344827586206897 0.84140625 0.5344827586206897 0.84375 0.5189655172413793 0.84140625 0.4844827586206897 0.84609375 0.47241379310344833 0.8484375 0.40344827586206894 0.8421875 0.39827586206896554 0.81640625 0.39655172413793105 0.81328125 0.4068965517241379 0.81015625 0.43965517241379304 0.8125 0.47586206896551725
0 0.3703125 0.5155172413793103 0.36796875 0.5379310344827586 0.40390625 0.539655172413793 0.40390625 0.46551724137931033 0.40078125 0.43103448275862066 0.3953125 0.42931034482758623 0.390625 0.4379310344827586 0.36875 0.4379310344827586 0.3671875 0.47413793103448276 0.3703125 0.5155172413793103
0 0.70625 0.29310344827586204 0.7078125 0.29137931034482756 0.70625 0.28793103448275864 0.70625 0.29310344827586204
0 0.70625 0.2810344827586207 0.71484375 0.27413793103448275 0.71640625 0.2793103448275862 0.725 0.2775862068965517 0.734375 0.2810344827586207 0.7375 0.28793103448275864 0.74140625 0.28620689655172415 0.74609375 0.2551724137931034 0.7328125 0.2517241379310345 0.73046875 0.24655172413793106 0.71796875 0.24655172413793106 0.7 0.253448275862069 0.70625 0.2810344827586207
0 0.7359375 0.5310344827586206 0.76875 0.5344827586206897 0.778125 0.5 0.775 0.4862068965517241 0.7765625 0.4603448275862069 0.77265625 0.44482758620689655 0.75234375 0.4362068965517241 0.75234375 0.4275862068965517 0.740625 0.42586206896551726 0.7359375 0.4568965517241379 0.73359375 0.503448275862069 0.7359375 0.5310344827586206
0 0.58203125 0.5344827586206897 0.58515625 0.5310344827586206 0.5859375 0.5103448275862068 0.5859375 0.3155172413793103 0.58828125 0.26724137931034486 0.58515625 0.25862068965517243 0.55625 0.25689655172413794 0.5515625 0.27586206896551724 0.5515625 0.5327586206896552 0.58203125 0.5344827586206897
0 0.80625 0.5206896551724138 0.81015625 0.5051724137931035 0.81171875 0.47413793103448276 0.809375 0.45344827586206893 0.8109375 0.4051724137931035 0.7921875 0.4086206896551724 0.7828125 0.4 0.77890625 0.4017241379310345 0.775 0.42586206896551726 0.77578125 0.5189655172413793 0.80625 0.5206896551724138
0 0.66328125 0.3568965517241379 0.6640625 0.38620689655172413 0.69921875 0.3931034482758621 0.70390625 0.3689655172413793 0.7 0.32068965517241377 0.69609375 0.31896551724137934 0.6953125 0.3275862068965517 0.68125 0.33448275862068966 0.67421875 0.3293103448275862 0.6765625 0.31724137931034485 0.672265625 0.31724137931034485 0.66875 0.32413793103448274 0.66796875 0.31724137931034485 0.6671875 0.32068965517241377 0.66796875 0.33793103448275863 0.66328125 0.3568965517241379
0 0.3296875 0.33620689655172414 0.33125 0.4862068965517241 0.334375 0.5362068965517242 0.3375 0.5413793103448276 0.36640625 0.539655172413793 0.36875 0.5017241379310345 0.36484375 0.4431034482758621 0.36640625 0.38448275862068965 0.3640625 0.3655172413793103 0.36328125 0.24482758620689654 0.35546875 0.23620689655172417 0.32734375 0.24310344827586206 0.32734375 0.3275862068965517 0.3296875 0.33620689655172414
0 0.53671875 0.5379310344827586 0.55 0.5327586206896552 0.54921875 0.48103448275862065 0.546875 0.46896551724137925 0.515625 0.46896551724137925 0.5140625 0.47586206896551725 0.51484375 0.5362068965517242 0.53671875 0.5379310344827586
0 0.9671875 0.60703125 0.00234375 0.003125
0 0.98359375 0.5948275862068966 0.98046875 0.5931034482758621 0.97890625 0.5948275862068966 0.98359375 0.5948275862068966
0 0.953125 0.50234375 0.00078125 0.0015625
0 0.93828125 0.5086206896551724 0.93515625 0.5120689655172413 0.93515625 0.5362068965517242 0.9359375 0.5327586206896552 0.946875 0.539655172413793 0.953125 0.5327586206896552 0.953125 0.5258620689655172 0.95703125 0.5258620689655172 0.959375 0.5362068965517242 0.96484375 0.5379310344827586 0.9671875 0.5465517241379311 0.98515625 0.5551724137931034 0.984375 0.5637931034482759 0.9796875 0.5706896551724138 0.9796875 0.5810344827586207 0.98828125 0.5827586206896551 0.98515625 0.5724137931034483 0.99453125 0.5706896551724138 0.99453125 0.5637931034482759 0.99921875 0.5603448275862069 0.99921875 0.5206896551724138 0.99609375 0.5155172413793103 0.996875 0.5017241379310345 0.99921875 0.49827586206896546 0.996875 0.4862068965517241 0.99921875 0.4775862068965517 0.996875 0.47241379310344833 0.99921875 0.4672413793103448 0.996875 0.43275862068965515 0.98984375 0.42586206896551726 0.96640625 0.4241379310344827 0.96015625 0.4431034482758621 0.9546875 0.4431034482758621 0.953125 0.43103448275862066 0.94921875 0.43275862068965515 0.94765625 0.4224137931034483 0.9390625 0.4241379310344827 0.9359375 0.43275862068965515 0.93515625 0.496551724137931 0.93828125 0.5086206896551724
0 0.9890625 0.34827586206896555 0.9796875 0.34655172413793106 0.98359375 0.35172413793103446 0.9890625 0.34827586206896555
0 0.584375 0.5327586206896552 0.58671875 0.506896551724138 0.58515625 0.46896551724137925 0.5796875 0.4672413793103448 0.57421875 0.45517241379310347 0.55390625 0.45 0.5515625 0.45862068965517244 0.5515625 0.5327586206896552 0.584375 0.5327586206896552
0 0.365625 0.3120689655172414 0.36875 0.31724137931034485 0.396875 0.32068965517241377 0.40078125 0.3017241379310345 0.4 0.2517241379310345 0.3890625 0.24310344827586206 0.365625 0.24310344827586206 0.36328125 0.253448275862069 0.365625 0.3120689655172414
0 0.35078125 0.32068965517241377 0.3640625 0.3137931034482758 0.365625 0.27586206896551724 0.36171875 0.24137931034482757 0.34140625 0.23620689655172417 0.32578125 0.24310344827586206 0.328125 0.31724137931034485 0.35078125 0.32068965517241377
0 0.36640625 0.37413793103448273 0.37578125 0.38620689655172413 0.36875 0.3931034482758621 0.371875 0.39655172413793105 0.3734375 0.4068965517241379 0.4 0.40344827586206894 0.40234375 0.35 0.3984375 0.32068965517241377 0.365625 0.31724137931034485 0.36484375 0.3568965517241379 0.36640625 0.37413793103448273
0 0.55234375 0.3 0.58515625 0.3017241379310345 0.58828125 0.29655172413793107 0.58828125 0.25862068965517243 0.5609375 0.253448275862069 0.55546875 0.2551724137931034 0.55078125 0.26379310344827583 0.54921875 0.2793103448275862 0.55234375 0.3
0 0.21328125 0.3793103448275862 0.2140625 0.37241379310344824 0.21015625 0.3655172413793103 0.20859375 0.3758620689655172 0.21328125 0.3793103448275862
0 0.14921875 0.3586206896551724 0.146875 0.3758620689655172 0.15390625 0.38620689655172413 0.15234375 0.3931034482758621 0.15546875 0.4 0.1484375 0.42586206896551726 0.15390625 0.5431034482758621 0.21796875 0.5431034482758621 0.2203125 0.5017241379310345 0.21484375 0.4379310344827586 0.21640625 0.43103448275862066 0.21328125 0.43103448275862066 0.20703125 0.44655172413793104 0.203125 0.44655172413793104 0.20234375 0.4275862068965517 0.1953125 0.4275862068965517 0.1890625 0.4344827586206897 0.1859375 0.43103448275862066 0.1875 0.4206896551724138 0.184375 0.4051724137931035 0.1875 0.3913793103448276 0.19609375 0.3896551724137931 0.196875 0.38275862068965516 0.203125 0.37758620689655176 0.19921875 0.3689655172413793 0.20234375 0.3655172413793103 0.203125 0.3568965517241379 0.21015625 0.3568965517241379 0.21328125 0.35 0.21015625 0.33793103448275863 0.21171875 0.2706896551724138 0.20859375 0.25862068965517243 0.209375 0.2482758620689655 0.19609375 0.24655172413793106 0.19609375 0.2396551724137931 0.1921875 0.2396551724137931 0.19140625 0.24482758620689654 0.17578125 0.25689655172413794 0.16953125 0.25 0.1453125 0.2551724137931034 0.140625 0.26724137931034486 0.14375 0.35 0.14921875 0.3586206896551724
0 0.403125 0.3620689655172414 0.40859375 0.37241379310344824 0.40390625 0.37758620689655176 0.40703125 0.3793103448275862 0.40703125 0.3879310344827586 0.41484375 0.38620689655172413 0.42109375 0.3931034482758621 0.42578125 0.3931034482758621 0.42734375 0.38448275862068965 0.43046875 0.3931034482758621 0.43671875 0.38275862068965516 0.43828125 0.3931034482758621 0.43828125 0.3689655172413793 0.4359375 0.36379310344827587 0.4390625 0.35 0.4390625 0.2482758620689655 0.41875 0.24482758620689654 0.40546875 0.25 0.4015625 0.25689655172413794 0.4015625 0.34310344827586203 0.403125 0.3620689655172414
0 0.2640625 0.3258620689655172 0.28359375 0.32413793103448274 0.284375 0.33448275862068966 0.2875 0.33448275862068966 0.28515625 0.3258620689655172 0.28984375 0.29655172413793107 0.28671875 0.2482758620689655 0.27890625 0.23793103448275862 0.26171875 0.2396551724137931 0.25078125 0.2482758620689655 0.2546875 0.32068965517241377 0.2640625 0.3258620689655172
0 0.740625 0.44827586206896547 0.7703125 0.44827586206896547 0.778125 0.4137931034482759 0.7734375 0.39827586206896554 0.76171875 0.38448275862068965 0.7421875 0.38620689655172413 0.73671875 0.41206896551724137 0.7359375 0.4241379310344827 0.740625 0.44827586206896547
0 0.36640625 0.45517241379310347 0.36640625 0.47586206896551725 0.36953125 0.5120689655172413 0.36796875 0.539655172413793 0.403125 0.539655172413793 0.4046875 0.4706896551724138 0.40078125 0.4275862068965517 0.39296875 0.4275862068965517 0.38984375 0.43275862068965515 0.375 0.42931034482758623 0.3671875 0.4379310344827586 0.36875 0.4517241379310345 0.36640625 0.45517241379310347
0 0.7375 0.4137931034482759 0.740625 0.44655172413793104 0.76875 0.44655172413793104 0.7765625 0.41724137931034483 0.7734375 0.39655172413793105 0.77421875 0.3810344827586207 0.7703125 0.37758620689655176 0.76953125 0.3689655172413793 0.7625 0.36379310344827587 0.740625 0.37241379310344824 0.7421875 0.3793103448275862 0.7375 0.4137931034482759
0 0.965625 0.33448275862068966 0.95546875 0.33793103448275863 0.95859375 0.3396551724137931 0.96171875 0.35517241379310344 0.9609375 0.36724137931034484 0.95546875 0.3655172413793103 0.95625 0.37241379310344824 0.9625 0.3793103448275862 0.96328125 0.41206896551724137 0.971875 0.4241379310344827 0.99921875 0.4224137931034483 0.99921875 0.36379310344827587 0.996875 0.3620689655172414 0.99921875 0.3568965517241379 0.9953125 0.34827586206896555 0.99921875 0.33793103448275863 0.99921875 0.30517241379310345 0.99375 0.3017241379310345 0.971875 0.30689655172413793 0.9671875 0.31724137931034485 0.965625 0.33448275862068966
0 0.5015625 0.24482758620689654 0.5078125 0.24482758620689654 0.5125 0.27413793103448275 0.5375 0.2655172413793103 0.55 0.2689655172413793 0.55234375 0.2551724137931034 0.5515625 0.24137931034482757 0.54765625 0.23620689655172417 0.5125 0.23793103448275862 0.5078125 0.23275862068965517 0.5046875 0.24137931034482757 0.5015625 0.23448275862068962 0.4984375 0.23793103448275862 0.5015625 0.24482758620689654
0 0.25390625 0.30517241379310345 0.2546875 0.3793103448275862 0.265625 0.38448275862068965 0.26328125 0.39655172413793105 0.28828125 0.39655172413793105 0.290625 0.3448275862068965 0.2859375 0.2482758620689655 0.27890625 0.2396551724137931 0.25234375 0.24655172413793106 0.25 0.25689655172413794 0.25390625 0.30517241379310345
0 0.253125 0.3603448275862069 0.25703125 0.41896551724137926 0.2578125 0.5413793103448276 0.29453125 0.5431034482758621 0.296875 0.5362068965517242 0.29296875 0.41724137931034483 0.290625 0.4086206896551724 0.29140625 0.35 0.28828125 0.31896551724137934 0.28828125 0.253448275862069 0.2828125 0.2396551724137931 0.27734375 0.23793103448275862 0.2640625 0.2396551724137931 0.2515625 0.2482758620689655 0.2546875 0.3310344827586207 0.253125 0.3603448275862069
0 0.44296875 0.3293103448275862 0.4421875 0.34827586206896555 0.44453125 0.33448275862068966 0.446875 0.33448275862068966 0.45234375 0.3448275862068965 0.4734375 0.35 0.4734375 0.2655172413793103 0.4703125 0.2603448275862069 0.4421875 0.26206896551724135 0.4390625 0.2689655172413793 0.43828125 0.3137931034482758 0.44296875 0.3293103448275862
0 0.7890625 0.49482758620689654 0.7890625 0.503448275862069 0.7921875 0.5086206896551724 0.7875 0.5155172413793103 0.7921875 0.5206896551724138 0.79765625 0.5189655172413793 0.8 0.5137931034482759 0.8 0.49482758620689654 0.80703125 0.48793103448275865 0.80703125 0.47241379310344833 0.7859375 0.47413793103448276 0.7828125 0.4896551724137931 0.7890625 0.49482758620689654
0 0.78984375 0.46640625 0.0015625 0.0015625
0 0.7942320478723405 0.33492296404988997 0.78984375 0.33448275862068966 0.78984375 0.3413793103448276 0.7942320478723405 0.33492296404988997
0 0.7952713815789474 0.33502722323049 0.796875 0.33620689655172414 0.7953125 0.3413793103448276 0.8078125 0.3413793103448276 0.80703125 0.33620689655172414 0.7952713815789474 0.33502722323049
0 0.7890625 0.3275862068965517 0.79140625 0.32413793103448274 0.80390625 0.3293103448275862 0.8078125 0.32241379310344825 0.796875 0.30344827586206896 0.7921875 0.3103448275862069 0.796875 0.3137931034482758 0.7890625 0.3275862068965517
0 0.8140625 0.3086206896551724 0.81328125 0.3017241379310345 0.80390625 0.29655172413793107 0.80234375 0.30344827586206896 0.8140625 0.3086206896551724
0 0.76875 0.5327586206896552 0.771875 0.5275862068965517 0.775 0.5051724137931035 0.78125 0.4931034482758621 0.77109375 0.4793103448275862 0.77578125 0.47413793103448276 0.775 0.46896551724137925 0.78203125 0.45862068965517244 0.78515625 0.46206896551724136 0.7828125 0.45862068965517244 0.78671875 0.45517241379310347 0.7890625 0.45517241379310347 0.7890625 0.46206896551724136 0.796875 0.45862068965517244 0.78984375 0.45344827586206893 0.78984375 0.4379310344827586 0.8015625 0.43103448275862066 0.80234375 0.4206896551724138 0.8 0.4137931034482759 0.80703125 0.4068965517241379 0.809375 0.39827586206896554 0.8078125 0.38620689655172413 0.81171875 0.3758620689655172 0.81015625 0.35344827586206895 0.80546875 0.3586206896551724 0.8015625 0.34827586206896555 0.79296875 0.34827586206896555 0.7828125 0.3655172413793103 0.77890625 0.3603448275862069 0.7796875 0.3396551724137931 0.7765625 0.3293103448275862 0.77890625 0.3275862068965517 0.778125 0.32241379310344825 0.7828125 0.3137931034482758 0.78125 0.3103448275862069 0.784375 0.3017241379310345 0.77578125 0.2793103448275862 0.77734375 0.2689655172413793 0.775 0.25862068965517243 0.74921875 0.25862068965517243 0.74140625 0.2655172413793103 0.72421875 0.2551724137931034 0.70625 0.25862068965517243 0.7 0.43103448275862066 0.7015625 0.4517241379310345 0.69921875 0.45862068965517244 0.69921875 0.5310344827586206 0.76875 0.5327586206896552
0 0.771875 0.3765625 0.00078125 0.00546875
0 0.73515625 0.4517241379310345 0.74140625 0.3896551724137931 0.7390625 0.3793103448275862 0.73671875 0.31724137931034485 0.7216148437500001 0.3120689655172414 0.72109375 0.30344827586206896 0.71796875 0.3017241379310345 0.7078125 0.30517241379310345 0.7046875 0.31724137931034485 0.7015625 0.3586206896551724 0.70234375 0.4517241379310345 0.73515625 0.4517241379310345
0 0.15390625 0.5431034482758621 0.1828125 0.5431034482758621 0.18671875 0.48103448275862065 0.18203125 0.44827586206896547 0.15078125 0.44482758620689655 0.15 0.4844827586206897 0.15390625 0.5431034482758621
0 0.2359375 0.5172413793103449 0.234375 0.5155172413793103 0.23359375 0.5189655172413793 0.2359375 0.5172413793103449
0 0.2296875 0.5258620689655172 0.22734375 0.5155172413793103 0.22734375 0.5327586206896552 0.2296875 0.5258620689655172
0 0.22890625 0.496551724137931 0.22421875 0.48275862068965514 0.22734375 0.506896551724138 0.22890625 0.496551724137931
0 0.21875 0.3655172413793103 0.2203125 0.4413793103448276 0.22578125 0.44655172413793104 0.253125 0.45 0.25625 0.42931034482758623 0.25390625 0.40344827586206894 0.25546875 0.3258620689655172 0.253125 0.31724137931034485 0.2515625 0.25862068965517243 0.24375 0.24482758620689654 0.21640625 0.2482758620689655 0.215625 0.33448275862068966 0.21875 0.3655172413793103
0 0.28828125 0.32413793103448274 0.290625 0.3448275862068965 0.2890625 0.4051724137931035 0.29296875 0.42931034482758623 0.29375 0.45862068965517244 0.29140625 0.4793103448275862 0.29453125 0.4896551724137931 0.29609375 0.539655172413793 0.33203125 0.5413793103448276 0.33359375 0.5293103448275862 0.33125 0.503448275862069 0.33125 0.3758620689655172 0.32890625 0.3620689655172414 0.328125 0.29137931034482756 0.325 0.24655172413793106 0.3171875 0.23620689655172417 0.2875 0.2396551724137931 0.28984375 0.29655172413793107 0.28828125 0.32413793103448274
0 0.29375 0.43103448275862066 0.2921875 0.44655172413793104 0.29453125 0.4568965517241379 0.296875 0.539655172413793 0.33125 0.5413793103448276 0.33359375 0.5379310344827586 0.33125 0.5086206896551724 0.33125 0.4086206896551724 0.328125 0.36724137931034484 0.32421875 0.3603448275862069 0.32578125 0.35517241379310344 0.2921875 0.35517241379310344 0.290625 0.4017241379310345 0.29375 0.43103448275862066
0 0.553125 0.4413793103448276 0.55859375 0.4413793103448276 0.55859375 0.4517241379310345 0.575 0.45517241379310347 0.5828125 0.4672413793103448 0.58828125 0.3931034482758621 0.58671875 0.34827586206896555 0.559375 0.34310344827586203 0.5546875 0.3293103448275862 0.55078125 0.34827586206896555 0.55078125 0.4275862068965517 0.553125 0.4413793103448276
0 0.66484375 0.36379310344827587 0.69921875 0.3603448275862069 0.7015625 0.35172413793103446 0.703125 0.3103448275862069 0.69921875 0.30344827586206896 0.66484375 0.3017241379310345 0.66328125 0.3120689655172414 0.6625 0.3396551724137931 0.66484375 0.36379310344827587
0 0.6625 0.5120689655172413 0.659375 0.5258620689655172 0.6640625 0.5344827586206897 0.69296875 0.5344827586206897 0.696875 0.5275862068965517 0.7 0.45862068965517244 0.7 0.3810344827586207 0.7046875 0.33448275862068966 0.703125 0.26724137931034486 0.69609375 0.25689655172413794 0.66875 0.25862068965517243 0.66640625 0.26724137931034486 0.6671875 0.29310344827586204 0.66328125 0.30344827586206896 0.66328125 0.4844827586206897 0.6625 0.5120689655172413
0 0.3671875 0.38275862068965516 0.36484375 0.43965517241379304 0.36875 0.496551724137931 0.36640625 0.539655172413793 0.40078125 0.5413793103448276 0.4046875 0.5362068965517242 0.403125 0.38275862068965516 0.3984375 0.3310344827586207 0.40078125 0.3137931034482758 0.4015625 0.25862068965517243 0.39765625 0.24310344827586206 0.3875 0.23793103448275862 0.36953125 0.23793103448275862 0.36484375 0.24482758620689654 0.36328125 0.25862068965517243 0.3671875 0.38275862068965516
0 0.77890625 0.5344827586206897 0.77421875 0.5327586206896552 0.77109375 0.5344827586206897 0.77890625 0.5344827586206897
0 0.80703125 0.5362068965517242 0.84296875 0.5362068965517242 0.84453125 0.5310344827586206 0.84296875 0.5155172413793103 0.83203125 0.5 0.828125 0.506896551724138 0.81640625 0.5086206896551724 0.81015625 0.5155172413793103 0.80546875 0.5327586206896552 0.80703125 0.5362068965517242
0 0.11171875 0.34310344827586203 0.1125 0.35344827586206895 0.115625 0.35517241379310344 0.11953125 0.34827586206896555 0.12109375 0.3586206896551724 0.1234375 0.35517241379310344 0.13828125 0.3620689655172414 0.13046875 0.35517241379310344 0.13125 0.34827586206896555 0.12734375 0.3413793103448276 0.1296875 0.3310344827586207 0.1125 0.3293103448275862 0.11640625 0.33793103448275863 0.11171875 0.34310344827586203
0 0.11875 0.26379310344827583 0.121875 0.2689655172413793 0.1265625 0.2655172413793103 0.12265625 0.253448275862069 0.11484375 0.253448275862069 0.1125 0.2603448275862069 0.11015625 0.2551724137931034 0.115625 0.2689655172413793 0.11875 0.26379310344827583
0 0.04296875 0.31896551724137934 0.0421875 0.3655172413793103 0.046875 0.41206896551724137 0.0484375 0.41724137931034483 0.06953125 0.41551724137931034 0.06484375 0.32068965517241377 0.06640625 0.28793103448275864 0.06328125 0.2827586206896552 0.06015625 0.24655172413793106 0.0625 0.2396551724137931 0.0609375 0.23275862068965517 0.06328125 0.23103448275862068 0.053125 0.22586206896551725 0.0375 0.23103448275862068 0.0390625 0.2827586206896552 0.04296875 0.31896551724137934
0 0.6296875 0.31724137931034485 0.6421875 0.32413793103448274 0.6609375 0.32413793103448274 0.66640625 0.27586206896551724 0.6625 0.2551724137931034 0.63671875 0.25 0.628125 0.25862068965517243 0.62734375 0.30689655172413793 0.6296875 0.31724137931034485
0 0.32734375 0.3137931034482758 0.33046875 0.31896551724137934 0.3625 0.3155172413793103 0.3625 0.24310344827586206 0.35625 0.23793103448275862 0.3296875 0.2396551724137931 0.325 0.24310344827586206 0.32734375 0.3137931034482758
0 0.40390625 0.3293103448275862 0.4125 0.3155172413793103 0.4359375 0.31724137931034485 0.4375 0.2775862068965517 0.43515625 0.26206896551724135 0.41171875 0.253448275862069 0.40390625 0.2551724137931034 0.40234375 0.2603448275862069 0.4 0.2896551724137931 0.40390625 0.3293103448275862
0 0.4046875 0.5103448275862068 0.40703125 0.5379310344827586 0.4390625 0.539655172413793 0.4390625 0.4206896551724138 0.4359375 0.41551724137931034 0.4359375 0.4017241379310345 0.41796875 0.4051724137931035 0.4140625 0.41034482758620683 0.4109375 0.42586206896551726 0.40546875 0.43103448275862066 0.40703125 0.4413793103448276 0.4046875 0.5103448275862068
0 0.4875 0.33620689655172414 0.50859375 0.3310344827586207 0.51171875 0.31724137931034485 0.51171875 0.2844827586206896 0.50859375 0.26724137931034486 0.478125 0.26379310344827583 0.47578125 0.2706896551724138 0.47734375 0.3310344827586207 0.4875 0.33620689655172414
0 0.4078125 0.459375 0.00078125 0.0015625
0 0.43984375 0.5379310344827586 0.4375 0.46206896551724136 0.425 0.45517241379310347 0.41484375 0.45862068965517244 0.41640625 0.46551724137931033 0.4109375 0.47413793103448276 0.4078125 0.4672413793103448 0.40625 0.48103448275862065 0.40703125 0.539655172413793 0.43984375 0.5379310344827586
0 0.353125 0.43965517241379304 0.359375 0.4517241379310345 0.36328125 0.4517241379310345 0.3640625 0.4 0.3671875 0.38448275862068965 0.3640625 0.37413793103448273 0.3640625 0.33448275862068966 0.3609375 0.3310344827586207 0.36171875 0.32413793103448274 0.3296875 0.32413793103448274 0.33125 0.4362068965517241 0.353125 0.43965517241379304
0 0.17734375 0.2827586206896552 0.178125 0.33275862068965517 0.18046875 0.34655172413793106 0.17890625 0.3655172413793103 0.1828125 0.4068965517241379 0.1828125 0.4275862068965517 0.18046875 0.43103448275862066 0.1875 0.4793103448275862 0.1859375 0.539655172413793 0.19375 0.5465517241379311 0.22109375 0.5448275862068965 0.22421875 0.5379310344827586 0.21953125 0.46551724137931033 0.21796875 0.35517241379310344 0.21484375 0.32413793103448274 0.21484375 0.25 0.20234375 0.24482758620689654 0.18046875 0.24655172413793106 0.1765625 0.2517241379310345 0.175 0.27241379310344827 0.17734375 0.2827586206896552
0 0.1921875 0.5465517241379311 0.2234375 0.5431034482758621 0.2203125 0.45 0.21640625 0.44482758620689655 0.1859375 0.44827586206896547 0.1859375 0.5413793103448276 0.1921875 0.5465517241379311
0 0.66796875 0.30517241379310345 0.67109375 0.3 0.703125 0.29655172413793107 0.70390625 0.27413793103448275 0.70703125 0.26379310344827583 0.70546875 0.25689655172413794 0.69765625 0.253448275862069 0.66953125 0.253448275862069 0.66484375 0.25862068965517243 0.66484375 0.29655172413793107 0.66796875 0.30517241379310345
0 0.74609375 0.32413793103448274 0.75390625 0.32413793103448274 0.7515625 0.3155172413793103 0.75625 0.3086206896551724 0.77734375 0.3103448275862069 0.78125 0.2982758620689655 0.78125 0.26724137931034486 0.778125 0.2551724137931034 0.75 0.2551724137931034 0.7453125 0.25862068965517243 0.74296875 0.26724137931034486 0.74375 0.3137931034482758 0.74609375 0.32413793103448274
0 0.97109375 0.6609375 0.0015625 0.0015625
0 0.9734375 0.46551724137931033 0.97578125 0.47586206896551725 0.97421875 0.49827586206896546 0.9671875 0.5 0.971875 0.506896551724138 0.9703125 0.5120689655172413 0.97265625 0.5224137931034483 0.96953125 0.5327586206896552 0.975 0.5465517241379311 0.9734375 0.5724137931034483 0.97578125 0.5913793103448276 0.97265625 0.596551724137931 0.975 0.6051724137931035 0.96796875 0.6051724137931035 0.971875 0.6137931034482759 0.97109375 0.6241379310344828 0.9734375 0.6293103448275862 0.9703125 0.6396551724137931 0.97265625 0.6344827586206897 0.97890625 0.6482758620689655 0.98515625 0.65 0.98828125 0.646551724137931 0.98828125 0.6224137931034484 0.9859375 0.6258620689655172 0.978125 0.6068965517241379 0.983203125 0.6051724137931035 0.984375 0.5982758620689654 0.9875 0.6051724137931035 0.9890625 0.5896551724137931 0.99453125 0.5810344827586207 0.996875 0.5637931034482759 0.99921875 0.5620689655172414 0.99921875 0.5172413793103449 0.996875 0.5155172413793103 0.996875 0.5051724137931035 0.99921875 0.5017241379310345 0.99921875 0.43275862068965515 0.9953125 0.4275862068965517 0.984375 0.4275862068965517 0.978125 0.4362068965517241 0.97421875 0.4517241379310345 0.9671875 0.4517241379310345 0.965625 0.45862068965517244 0.9734375 0.46551724137931033
0 0.9703125 0.4275862068965517 0.9671875 0.4275862068965517 0.96640625 0.43275862068965515 0.9703125 0.4275862068965517
0 0.98984375 0.34827586206896555 0.9859375 0.3448275862068965 0.9796875 0.34827586206896555 0.98984375 0.34827586206896555
0 0.584375 0.5310344827586206 0.58671875 0.506896551724138 0.5859375 0.4672413793103448 0.584375 0.45862068965517244 0.5796875 0.45517241379310347 0.58203125 0.44827586206896547 0.575 0.43965517241379304 0.57734375 0.42931034482758623 0.57265625 0.4344827586206897 0.571875 0.4275862068965517 0.553125 0.4275862068965517 0.5515625 0.4413793103448276 0.553125 0.5327586206896552 0.584375 0.5310344827586206
0 0.7890625 0.371875 0.00078125 0.0015625
0 0.73828125 0.3293103448275862 0.740625 0.39827586206896554 0.7640625 0.39827586206896554 0.771875 0.4068965517241379 0.778125 0.38448275862068965 0.778125 0.3137931034482758 0.76953125 0.30344827586206896 0.75026015625 0.3017241379310345 0.74765625 0.3086206896551724 0.74609375 0.3017241379310345 0.74453125 0.30344827586206896 0.7453125 0.3120689655172414 0.73828125 0.3293103448275862
0 0.26796875 0.21551724137931033 0.2578125 0.21551724137931033 0.25859375 0.2206896551724138 0.26796875 0.21551724137931033
0 0.30078125 0.2396551724137931 0.3578125 0.23275862068965517 0.3578125 0.22413793103448273 0.36328125 0.2189655172413793 0.3625 0.21379310344827585 0.359375 0.2206896551724138 0.35625 0.21206896551724136 0.35 0.2103448275862069 0.3015625 0.20862068965517241 0.27734375 0.21206896551724136 0.2765625 0.2189655172413793 0.27265625 0.21379310344827585 0.2703125 0.21551724137931033 0.30078125 0.2396551724137931
0 0.66328125 0.30517241379310345 0.6640625 0.3896551724137931 0.678125 0.39655172413793105 0.69921875 0.39655172413793105 0.7046875 0.3137931034482758 0.70390625 0.26724137931034486 0.69765625 0.25689655172413794 0.6703125 0.25689655172413794 0.6671875 0.2655172413793103 0.66640625 0.29310344827586204 0.66328125 0.30517241379310345
0 0.18515625 0.5448275862068965 0.18671875 0.47586206896551725 0.18203125 0.44827586206896547 0.15 0.44482758620689655 0.153125 0.5431034482758621 0.18515625 0.5448275862068965
0 0.73203125 0.16206896551724137 0.75859375 0.15862068965517243 0.75859375 0.14482758620689656 0.75625 0.1396551724137931 0.73359375 0.1396551724137931 0.73046875 0.14482758620689656 0.7296875 0.1568965517241379 0.73203125 0.16206896551724137
0 0.625 0.5310344827586206 0.65546875 0.5310344827586206 0.66171875 0.503448275862069 0.6609375 0.45862068965517244 0.6578125 0.4517241379310345 0.659375 0.4413793103448276 0.65234375 0.4379310344827586 0.64765625 0.4275862068965517 0.6265625 0.4241379310344827 0.62421875 0.4431034482758621 0.62265625 0.4793103448275862 0.625 0.5310344827586206
0 0.6265625 0.4171875 0.00078125 0.003125
0 0.56484375 0.4275862068965517 0.5671875 0.43275862068965515 0.56328125 0.4379310344827586 0.5671875 0.4413793103448276 0.571484375 0.43275862068965515 0.5765625 0.45 0.58125 0.45862068965517244 0.58359375 0.4568965517241379 0.584375 0.4431034482758621 0.57890625 0.44482758620689655 0.5765625 0.4344827586206897 0.5859375 0.42586206896551726 0.58671875 0.34827586206896555 0.55859375 0.34310344827586203 0.5546875 0.3293103448275862 0.55078125 0.34827586206896555 0.5515625 0.4275862068965517 0.56484375 0.4275862068965517
0 0.51171875 0.5379310344827586 0.51328125 0.5275862068965517 0.51015625 0.49137931034482757 0.5109375 0.2775862068965517 0.50625 0.26379310344827583 0.4796875 0.2603448275862069 0.4765625 0.26724137931034486 0.478125 0.5362068965517242 0.51171875 0.5379310344827586
0 0.39609375 0.31171875 0.003125 0.003125
0 0.396875 0.30078125 0.00078125 0.00546875
0 0.36640625 0.29137931034482756 0.4 0.29137931034482756 0.40234375 0.2655172413793103 0.40078125 0.24655172413793106 0.38671875 0.23793103448275862 0.36328125 0.23620689655172417 0.36171875 0.2551724137931034 0.36640625 0.29137931034482756
0 0.775 0.3931034482758621 0.77890625 0.40344827586206894 0.7875 0.4 0.7921875 0.4068965517241379 0.80078125 0.4068965517241379 0.809375 0.39827586206896554 0.81328125 0.3879310344827586 0.8140625 0.36724137931034484 0.81015625 0.3568965517241379 0.81171875 0.34655172413793106 0.803125 0.3396551724137931 0.803125 0.3310344827586207 0.78203125 0.3275862068965517 0.77578125 0.3655172413793103 0.77734375 0.37758620689655176 0.775 0.3931034482758621
0 0.7296875 0.43515625 0.00078125 0.0015625
0 0.72421875 0.4086206896551724 0.7296875 0.4137931034482759 0.73203125 0.4086206896551724 0.73125 0.4 0.72265625 0.4 0.72421875 0.4086206896551724
0 0.7296875 0.38515625 0.00078125 0.0015625
0 0.7296875 0.38046875 0.0015625 0.0015625
0 0.7234375 0.3765625 0.0015625 0.0015625
0 0.703125 0.37421875 0.00078125 0.003125
0 0.7015625 0.5310344827586206 0.7359375 0.5310344827586206 0.73515625 0.5224137931034483 0.73828125 0.5189655172413793 0.7390625 0.506896551724138 0.7390625 0.4568965517241379 0.7375 0.42931034482758623 0.73046875 0.4137931034482759 0.7203125 0.41724137931034483 0.703125 0.41206896551724137 0.703125 0.42586206896551726 0.70078125 0.43103448275862066 0.7015625 0.45344827586206893 0.69921875 0.45862068965517244 0.6984375 0.5086206896551724 0.7015625 0.5310344827586206
0 0.5953125 0.5344827586206897 0.6203125 0.5327586206896552 0.6234375 0.506896551724138 0.621875 0.48103448275862065 0.62421875 0.44655172413793104 0.62421875 0.3448275862068965 0.6265625 0.33793103448275863 0.62421875 0.30344827586206896 0.6265625 0.27586206896551724 0.6234375 0.26724137931034486 0.61015625 0.2551724137931034 0.6 0.2551724137931034 0.59140625 0.26206896551724135 0.590625 0.3258620689655172 0.5875 0.3586206896551724 0.58671875 0.5293103448275862 0.5953125 0.5344827586206897
0 0.934375 0.5517241379310345 0.93515625 0.5586206896551724 0.93984375 0.5568965517241379 0.93828125 0.5413793103448276 0.93828125 0.5482758620689655 0.934375 0.5517241379310345
0 0.96796875 0.5706896551724138 0.97109375 0.5793103448275863 0.965625 0.5844827586206897 0.9703125 0.5948275862068966 0.96796875 0.5982758620689654 0.96875 0.6775862068965517 0.965625 0.7103448275862069 0.97578125 0.7344827586206897 0.9953125 0.75 0.99921875 0.746551724137931 0.99921875 0.6948275862068966 0.996875 0.6913793103448276 0.996875 0.6775862068965517 0.99921875 0.6758620689655173 0.99921875 0.6431034482758621 0.9953125 0.6293103448275862 0.9953125 0.6086206896551725 0.99921875 0.6017241379310344 0.99921875 0.5775862068965517 0.996875 0.5741379310344827 0.996875 0.5620689655172414 0.99296875 0.5551724137931034 0.99453125 0.55 0.98515625 0.5379310344827586 0.98046875 0.5344827586206897 0.9796875 0.5431034482758621 0.96953125 0.5551724137931034 0.97109375 0.5637931034482759 0.96796875 0.5706896551724138
0 0.9796875 0.5103448275862068 0.9765625 0.5155172413793103 0.97734375 0.5224137931034483 0.99609375 0.5224137931034483 0.9953125 0.5172413793103449 0.9875 0.5137931034482759 0.98828125 0.5051724137931035 0.99296875 0.503448275862069 0.984375 0.49827586206896546 0.98046875 0.4844827586206897 0.978125 0.4862068965517241 0.9765625 0.5051724137931035 0.9796875 0.5103448275862068
0 0.98359375 0.47241379310344833 0.98828125 0.4775862068965517 0.9921875 0.46551724137931033 0.9921875 0.45517241379310347 0.98046875 0.45344827586206893 0.98046875 0.48103448275862065 0.98359375 0.47241379310344833
0 0.99375 0.44827586206896547 0.99453125 0.4413793103448276 0.98828125 0.43965517241379304 0.9859375 0.44655172413793104 0.99375 0.44827586206896547
0 0.98984375 0.4362068965517241 0.99375 0.43275862068965515 0.9875 0.42931034482758623 0.9859375 0.43103448275862066 0.98984375 0.4362068965517241
0 0.7 0.5362068965517242 0.73359375 0.5344827586206897 0.73203125 0.4775862068965517 0.721875 0.47241379310344833 0.70703125 0.47241379310344833 0.7015625 0.4775862068965517 0.69609375 0.5206896551724138 0.6953125 0.5327586206896552 0.7 0.5362068965517242
0 0.22421875 0.5172413793103449 0.2234375 0.5431034482758621 0.25859375 0.5431034482758621 0.259375 0.49482758620689654 0.25546875 0.44827586206896547 0.221875 0.44482758620689655 0.2203125 0.4706896551724138 0.22421875 0.5172413793103449
0 0.4828125 0.240625 0.00390625 0.0015625
0 0.49375 0.24482758620689654 0.5046875 0.25 0.51171875 0.2655172413793103 0.55 0.25862068965517243 0.5515625 0.2482758620689655 0.55078125 0.23448275862068962 0.53671875 0.23793103448275862 0.5328125 0.22413793103448273 0.49765625 0.23275862068965517 0.49765625 0.24482758620689654 0.49375 0.24482758620689654
0 0.48671875 0.35 0.50546875 0.34827586206896555 0.50859375 0.3603448275862069 0.5078125 0.35344827586206895 0.51171875 0.3413793103448276 0.51015625 0.32241379310344825 0.5125 0.3137931034482758 0.5109375 0.27413793103448275 0.50546875 0.2655172413793103 0.48125 0.26379310344827583 0.47578125 0.27241379310344827 0.47734375 0.34310344827586203 0.48671875 0.35
0 0.71328125 0.5362068965517242 0.7328125 0.5327586206896552 0.7359375 0.47413793103448276 0.73515625 0.4206896551724138 0.7375 0.40344827586206894 0.734375 0.3913793103448276 0.7046875 0.3896551724137931 0.7015625 0.4017241379310345 0.69921875 0.44827586206896547 0.69921875 0.5310344827586206 0.71328125 0.5362068965517242
0 0.51484375 0.5310344827586206 0.5171875 0.5362068965517242 0.54765625 0.5344827586206897 0.55 0.47586206896551725 0.546875 0.4379310344827586 0.546875 0.3448275862068965 0.55 0.26206896551724135 0.51875 0.2603448275862069 0.51484375 0.26206896551724135 0.5125 0.27241379310344827 0.51171875 0.4 0.51484375 0.5310344827586206
0 0.2890625 0.31724137931034485 0.29296875 0.33275862068965517 0.29921875 0.32413793103448274 0.321875 0.32413793103448274 0.32734375 0.3155172413793103 0.3265625 0.25862068965517243 0.3234375 0.24310344827586206 0.28828125 0.23793103448275862 0.28671875 0.24655172413793106 0.2890625 0.31724137931034485
0 0.475 0.539655172413793 0.47578125 0.4775862068965517 0.47421875 0.46206896551724136 0.46796875 0.45862068965517244 0.47421875 0.4517241379310345 0.4734375 0.44482758620689655 0.46875 0.4568965517241379 0.46796875 0.44655172413793104 0.4421875 0.44482758620689655 0.44140625 0.5379310344827586 0.475 0.539655172413793
0 0.51484375 0.5362068965517242 0.53671875 0.5379310344827586 0.55 0.5327586206896552 0.55 0.4793103448275862 0.546875 0.46896551724137925 0.51484375 0.4672413793103448 0.51328125 0.47586206896551725 0.5125 0.5155172413793103 0.51484375 0.5362068965517242
0 0.17890625 0.30344827586206896 0.18203125 0.3 0.1890625 0.3086206896551724 0.19921875 0.3 0.20546875 0.30689655172413793 0.2015625 0.31896551724137934 0.2078125 0.3086206896551724 0.21015625 0.32068965517241377 0.2125 0.31724137931034485 0.209375 0.3103448275862069 0.21328125 0.30689655172413793 0.2140625 0.24655172413793106 0.1921875 0.23448275862068962 0.190625 0.24310344827586206 0.17578125 0.2482758620689655 0.17421875 0.27241379310344827 0.17890625 0.30344827586206896
0 0.51484375 0.5327586206896552 0.51875 0.5379310344827586 0.546875 0.5362068965517242 0.54921875 0.5327586206896552 0.55 0.5103448275862068 0.546875 0.43275862068965515 0.546875 0.3448275862068965 0.55 0.26379310344827583 0.515625 0.26206896551724135 0.51328125 0.26724137931034486 0.5125 0.4637931034482759 0.51484375 0.5327586206896552
0 0.5921875 0.3120689655172414 0.625 0.3103448275862069 0.62734375 0.28620689655172415 0.625 0.2551724137931034 0.5953125 0.25 0.590625 0.26206896551724135 0.58984375 0.29655172413793107 0.5921875 0.3120689655172414
0 0.51484375 0.32068965517241377 0.52109375 0.3137931034482758 0.5484375 0.3120689655172414 0.55 0.2603448275862069 0.51484375 0.26206896551724135 0.5125 0.26724137931034486 0.5125 0.3086206896551724 0.51484375 0.32068965517241377
0 0.62421875 0.5275862068965517 0.6265625 0.5327586206896552 0.65390625 0.5310344827586206 0.6609375 0.506896551724138 0.66171875 0.4793103448275862 0.66171875 0.38620689655172413 0.65625 0.3689655172413793 0.65859375 0.3586206896551724 0.65234375 0.3620689655172414 0.64921875 0.35517241379310344 0.64921875 0.3448275862068965 0.64375 0.3413793103448276 0.640625 0.35 0.63828125 0.35 0.6395835937500001 0.3413793103448276 0.63125 0.3413793103448276 0.62578125 0.3586206896551724 0.62265625 0.47241379310344833 0.62421875 0.5275862068965517
0 0.58515625 0.3448275862068965 0.5890625 0.29482758620689653 0.5875 0.26206896551724135 0.57421875 0.25689655172413794 0.55625 0.25862068965517243 0.55234375 0.26724137931034486 0.5515625 0.3413793103448276 0.58515625 0.3448275862068965
0 0.2234375 0.4241379310344827 0.2234375 0.4413793103448276 0.2203125 0.45 0.225 0.5155172413793103 0.22421875 0.5431034482758621 0.26875 0.5448275862068965 0.2953125 0.539655172413793 0.29296875 0.45517241379310347 0.28828125 0.4379310344827586 0.290625 0.42931034482758623 0.290625 0.4137931034482759 0.28828125 0.4086206896551724 0.28984375 0.35517241379310344 0.28671875 0.34827586206896555 0.2859375 0.3275862068965517 0.271875 0.32068965517241377 0.25390625 0.32241379310344825 0.25234375 0.33448275862068966 0.234375 0.3293103448275862 0.2203125 0.33793103448275863 0.21953125 0.3913793103448276 0.2234375 0.4241379310344827
0 0.253125 0.26206896551724135 0.25078125 0.2551724137931034 0.2515625 0.2689655172413793 0.253125 0.26206896551724135
0 0.51484375 0.3086206896551724 0.5484375 0.2982758620689655 0.5515625 0.26379310344827583 0.55 0.2551724137931034 0.51171875 0.26206896551724135 0.51171875 0.3 0.51484375 0.3086206896551724
0 0.73203125 0.38620689655172413 0.7334821428571429 0.3798029556650246 0.72578125 0.37413793103448273 0.70625 0.37758620689655176 0.70625 0.38620689655172413 0.727734375 0.38620689655172413 0.72890625 0.37758620689655176 0.73203125 0.38620689655172413
0 0.70546875 0.34827586206896555 0.703125 0.3689655172413793 0.70625 0.37413793103448273 0.728125 0.3706896551724138 0.73125 0.3620689655172414 0.7375 0.3706896551724138 0.740625 0.31724137931034485 0.74375 0.30344827586206896 0.740625 0.29310344827586204 0.74140625 0.2706896551724138 0.73828125 0.25862068965517243 0.72578125 0.25689655172413794 0.721875 0.26206896551724135 0.7203125 0.25689655172413794 0.7140625 0.2689655172413793 0.70625 0.2655172413793103 0.7046875 0.2706896551724138 0.703125 0.3413793103448276 0.70546875 0.34827586206896555
0 0.6578125 0.5327586206896552 0.6625 0.506896551724138 0.6609375 0.34655172413793106 0.66328125 0.3293103448275862 0.66171875 0.2896551724137931 0.66484375 0.2706896551724138 0.6609375 0.25689655172413794 0.6296875 0.25689655172413794 0.62734375 0.2775862068965517 0.628125 0.33793103448275863 0.62421875 0.3689655172413793 0.6234375 0.5293103448275862 0.6578125 0.5327586206896552
0 0.7859375 0.528125 0.00078125 0.0015625
0 0.796875 0.5155172413793103 0.79296875 0.5137931034482759 0.79140625 0.5155172413793103 0.796875 0.5155172413793103
0 0.7890625 0.47578125 0.00078125 0.003125
0 0.79296875 0.48275862068965514 0.79244765625 0.49137931034482757 0.80078125 0.49137931034482757 0.80703125 0.47241379310344833 0.8 0.47241379310344833 0.78671875 0.4896551724137931 0.79296875 0.48275862068965514
0 0.79453125 0.45862068965517244 0.7875 0.4568965517241379 0.78515625 0.45862068965517244 0.79453125 0.45862068965517244
0 0.7890625 0.4275862068965517 0.79140625 0.4344827586206897 0.79453125 0.4275862068965517 0.7953125 0.43275862068965515 0.80078125 0.43103448275862066 0.7984375 0.42586206896551726 0.8 0.4206896551724138 0.79375 0.4224137931034483 0.79375 0.41724137931034483 0.790625 0.41724137931034483 0.7859375 0.4344827586206897 0.7890625 0.4275862068965517
0 0.6828125 0.3758620689655172 0.68125 0.37413793103448273 0.67890625 0.3758620689655172 0.6828125 0.3758620689655172
0 0.67265625 0.3793103448275862 0.66796875 0.37413793103448273 0.66796875 0.3793103448275862 0.67265625 0.3793103448275862
0 0.8015625 0.35172413793103446 0.7984375 0.35 0.79609375 0.35172413793103446 0.8015625 0.35172413793103446
0 0.6921875 0.34921875 0.00078125 0.00546875
0 0.8078125 0.3396551724137931 0.80234375 0.33620689655172414 0.8 0.33793103448275863 0.8078125 0.3396551724137931
0 0.7921875 0.33671875 0.00390625 0.0015625
0 0.79375 0.3265625 0.00078125 0.0015625
0 0.80703125 0.32413793103448274 0.80703125 0.31724137931034485 0.79921875 0.32068965517241377 0.79609375 0.32413793103448274 0.80703125 0.32413793103448274
0 0.69375 0.31896551724137934 0.69140625 0.31724137931034485 0.6921875 0.32413793103448274 0.69375 0.31896551724137934
0 0.79140625 0.3103448275862069 0.7984375 0.3120689655172414 0.79921875 0.3017241379310345 0.80390625 0.30517241379310345 0.803125 0.3120689655172414 0.80546875 0.30689655172413793 0.8140625 0.3103448275862069 0.8140625 0.3017241379310345 0.81015625 0.29137931034482756 0.79453125 0.30344827586206896 0.79609375 0.30689655172413793 0.79140625 0.3103448275862069
0 0.6703125 0.3275862068965517 0.66640625 0.33793103448275863 0.66796875 0.36379310344827587 0.67265625 0.34655172413793106 0.6765625 0.35172413793103446 0.68359375 0.34827586206896555 0.68203125 0.33275862068965517 0.67734375 0.3413793103448276 0.67265625 0.33448275862068966 0.67265625 0.32241379310344825 0.67734375 0.31896551724137934 0.6796875 0.30517241379310345 0.69609375 0.3086206896551724 0.696875 0.3017241379310345 0.68984375 0.29137931034482756 0.6890625 0.2982758620689655 0.68515625 0.29137931034482756 0.68203125 0.3 0.68046875 0.29137931034482756 0.66875 0.29655172413793107 0.6671875 0.30517241379310345 0.6671875 0.32068965517241377 0.6703125 0.3275862068965517
0 0.80703125 0.2896551724137931 0.81015625 0.28620689655172415 0.80859375 0.2827586206896552 0.80234375 0.2827586206896552 0.80703125 0.2896551724137931
0 0.6828125 0.28203125 0.00234375 0.0015625
0 0.69609375 0.2827586206896552 0.6953125 0.27413793103448275 0.6875 0.2775862068965517 0.69140625 0.2844827586206896 0.69609375 0.2827586206896552
0 0.67421875 0.2689655172413793 0.68203125 0.27241379310344827 0.68515625 0.26206896551724135 0.68828125 0.27241379310344827 0.6921875 0.2689655172413793 0.6921875 0.26206896551724135 0.6890625 0.2603448275862069 0.67578125 0.2603448275862069 0.6734375 0.26206896551724135 0.67421875 0.2689655172413793
0 0.7046875 0.3586206896551724 0.7015625 0.3706896551724138 0.70390625 0.38620689655172413 0.69921875 0.42931034482758623 0.69921875 0.5310344827586206 0.72109375 0.5327586206896552 0.72734375 0.5241379310344827 0.728125 0.5327586206896552 0.76875 0.5327586206896552 0.7765625 0.49482758620689654 0.7734375 0.47586206896551725 0.77421875 0.4672413793103448 0.77890625 0.45862068965517244 0.77265625 0.44827586206896547 0.778125 0.43275862068965515 0.77734375 0.4224137931034483 0.7828125 0.41206896551724137 0.8 0.41206896551724137 0.80625 0.4051724137931035 0.80859375 0.39827586206896554 0.80625 0.3879310344827586 0.8109375 0.37241379310344824 0.81015625 0.35517241379310344 0.80546875 0.3655172413793103 0.78984375 0.3586206896551724 0.78515625 0.3655172413793103 0.78359375 0.3793103448275862 0.77890625 0.3793103448275862 0.7765625 0.3603448275862069 0.77890625 0.3413793103448276 0.7765625 0.3275862068965517 0.78359375 0.3017241379310345 0.77578125 0.2793103448275862 0.778125 0.2689655172413793 0.77578125 0.25862068965517243 0.7515625 0.25689655172413794 0.74453125 0.26206896551724135 0.74140625 0.27586206896551724 0.7375 0.27586206896551724 0.73671875 0.2655172413793103 0.73203125 0.25862068965517243 0.70625 0.25862068965517243 0.7046875 0.3 0.7015625 0.30689655172413793 0.7046875 0.32413793103448274 0.7046875 0.3586206896551724
0 0.66796875 0.3137931034482758 0.68203125 0.3103448275862069 0.68515625 0.30344827586206896 0.68828125 0.3086206896551724 0.7 0.30517241379310345 0.70390625 0.2982758620689655 0.7046875 0.26724137931034486 0.69921875 0.25689655172413794 0.67265625 0.2551724137931034 0.6671875 0.2603448275862069 0.665625 0.2810344827586207 0.66484375 0.3086206896551724 0.66796875 0.3137931034482758
0 0.778125 0.39827586206896554 0.80078125 0.3931034482758621 0.80703125 0.39655172413793105 0.8140625 0.38448275862068965 0.81328125 0.31896551724137934 0.80078125 0.3120689655172414 0.784375 0.3120689655172414 0.77890625 0.3310344827586207 0.7765625 0.35517241379310344 0.778125 0.39827586206896554
0 0.95390625 0.5706896551724138 0.94921875 0.5672413793103448 0.94921875 0.5741379310344827 0.95390625 0.5706896551724138
0 0.94375 0.6224137931034484 0.95625 0.6413793103448275 0.96640625 0.646551724137931 0.96640625 0.6362068965517241 0.9625 0.6344827586206897 0.959375 0.6396551724137931 0.95859375 0.6258620689655172 0.95390625 0.6189655172413793 0.95390625 0.6086206896551725 0.95859375 0.5982758620689654 0.9421875 0.5931034482758621 0.94296875 0.5637931034482759 0.9375 0.5655172413793104 0.9375 0.5741379310344827 0.93515625 0.5724137931034483 0.93203125 0.5827586206896551 0.9328125 0.6155172413793103 0.94375 0.6224137931034484
0 0.96640625 0.5586206896551724 0.96484375 0.5551724137931034 0.96171875 0.5568965517241379 0.96640625 0.5586206896551724
0 0.94140625 0.5534482758620689 0.94765625 0.55 0.946875 0.5568965517241379 0.94921875 0.5603448275862069 0.95703125 0.5568965517241379 0.9578125 0.5534482758620689 0.95390625 0.55 0.95546875 0.5465517241379311 0.96328125 0.539655172413793 0.9671875 0.5431034482758621 0.97109375 0.5362068965517242 0.9734375 0.5241379310344827 0.97109375 0.5 0.97421875 0.48793103448275865 0.9703125 0.48275862068965514 0.97421875 0.4793103448275862 0.96484375 0.4775862068965517 0.9625 0.47241379310344833 0.96328125 0.4344827586206897 0.96015625 0.41896551724137926 0.93984375 0.4224137931034483 0.93515625 0.42931034482758623 0.934375 0.4413793103448276 0.93359375 0.5379310344827586 0.94140625 0.5534482758620689
0 0.31796875 0.45862068965517244 0.30859375 0.45517241379310347 0.30703125 0.4568965517241379 0.31796875 0.45862068965517244
0 0.3123046875 0.4435344827586206 0.31015625 0.4431034482758621 0.31015625 0.44827586206896547 0.3123046875 0.4435344827586206
0 0.31875 0.44482758620689655 0.31302083333333336 0.44367816091954015 0.3171875 0.44827586206896547 0.31875 0.44482758620689655
0 0.32578125 0.26379310344827583 0.3265625 0.3310344827586207 0.3296875 0.3448275862068965 0.3296875 0.48793103448275865 0.3328125 0.5 0.33125 0.5155172413793103 0.3359375 0.539655172413793 0.36328125 0.5379310344827586 0.36640625 0.5224137931034483 0.36640625 0.47586206896551725 0.36328125 0.44482758620689655 0.365625 0.38620689655172413 0.36015625 0.24655172413793106 0.3484375 0.23793103448275862 0.328125 0.24310344827586206 0.32578125 0.24482758620689654 0.32578125 0.26379310344827583
0 0.55078125 0.2551724137931034 0.55703125 0.26206896551724135 0.578125 0.25862068965517243 0.5859375 0.2655172413793103 0.59375 0.25 0.58984375 0.23448275862068962 0.5828125 0.23103448275862068 0.55625 0.23275862068965517 0.55 0.23793103448275862 0.5484375 0.24310344827586206 0.55078125 0.2551724137931034
0 0.2640625 0.5448275862068965 0.29609375 0.5413793103448276 0.29296875 0.45 0.28984375 0.44482758620689655 0.25859375 0.45 0.2578125 0.539655172413793 0.2640625 0.5448275862068965
0 0.81171875 0.4431034482758621 0.8140625 0.4568965517241379 0.82109375 0.45344827586206893 0.82421875 0.46551724137931033 0.83828125 0.46896551724137925 0.846875 0.4568965517241379 0.8484375 0.4 0.8171875 0.3931034482758621 0.8125 0.4086206896551724 0.8140625 0.43103448275862066 0.81171875 0.4431034482758621
0 0.696875 0.5310344827586206 0.71171875 0.5362068965517242 0.734375 0.5327586206896552 0.73359375 0.5086206896551724 0.7390625 0.39827586206896554 0.73828125 0.32413793103448274 0.74140625 0.30689655172413793 0.74140625 0.26206896551724135 0.7390625 0.25689655172413794 0.709375 0.2551724137931034 0.7046875 0.2603448275862069 0.70390625 0.33793103448275863 0.70078125 0.3586206896551724 0.7015625 0.41034482758620683 0.696875 0.5310344827586206
0 0.69296875 0.5327586206896552 0.696875 0.5086206896551724 0.69921875 0.4 0.68515625 0.3896551724137931 0.66484375 0.3879310344827586 0.6609375 0.46896551724137925 0.6609375 0.5327586206896552 0.69296875 0.5327586206896552
0 0.33125 0.4431034482758621 0.33125 0.4862068965517241 0.33515625 0.5379310344827586 0.36640625 0.539655172413793 0.36875 0.5086206896551724 0.36796875 0.47586206896551725 0.3625 0.4241379310344827 0.35703125 0.41896551724137926 0.35234375 0.4241379310344827 0.33359375 0.4241379310344827 0.334375 0.4344827586206897 0.33125 0.4431034482758621
0 0.3609375 0.41796875 0.00234375 0.0015625
0 0.334375 0.41896551724137926 0.33671875 0.41206896551724137 0.334375 0.41206896551724137 0.334375 0.41896551724137926
0 0.35546875 0.2206896551724138 0.34296875 0.2206896551724138 0.3546875 0.22586206896551725 0.36640625 0.24482758620689654 0.3859375 0.24482758620689654 0.39921875 0.25862068965517243 0.403125 0.2517241379310345 0.42578125 0.24482758620689654 0.41953125 0.23793103448275862 0.41640625 0.22586206896551725 0.38359375 0.21724137931034485 0.37421875 0.22413793103448273 0.36953125 0.21724137931034485 0.35859375 0.21379310344827585 0.35546875 0.21551724137931033 0.35546875 0.2206896551724138