0 0.6258620689655172 0.7734375 0.65 0.7703125 0.6879310344827586 0.771875 0.6965517241379311 0.76953125 0.7086206896551724 0.7703125 0.7172413793103448 0.76640625 0.7655172413793103 0.76796875 0.8344827586206897 0.76328125 0.8482758620689654 0.76640625 0.8637931034482758 0.76640625 0.8965517241379309 0.76328125 0.9051724137931034 0.75859375 0.9172413793103449 0.76015625 0.9241379310344827 0.76484375 0.9482758620689655 0.76328125 0.939655172413793 0.74609375 0.9448275862068967 0.7296875 0.9327586206896552 0.7203125 0.9275862068965518 0.71015625 0.9155172413793103 0.70625 0.9068965517241379 0.7078125 0.903448275862069 0.71171875 0.8931034482758621 0.70703125 0.8706896551724137 0.70703125 0.8603448275862069 0.71015625 0.8517241379310345 0.70703125 0.8379310344827585 0.71015625 0.8224137931034482 0.71015625 0.7810344827586206 0.70625 0.7775862068965517 0.71015625 0.7413793103448276 0.7140625 0.7275862068965517 0.71171875 0.7224137931034483 0.70703125 0.7120689655172414 0.71328125 0.6844827586206896 0.7171875 0.6637931034482759 0.715625 0.6189655172413793 0.71796875 0.6137931034482759 0.7203125 0.5879310344827586 0.71953125 0.5948275862068966 0.7734375 0.6258620689655172 0.7734375
0 0.646551724137931 0.4703125 0.6431034482758621 0.46875 0.6413793103448275 0.4703125 0.646551724137931 0.4703125
0 0.7706896551724138 0.46328125 0.7655172413793103 0.4625 0.7620689655172413 0.46328125 0.7706896551724138 0.46328125
0 0.8224137931034482 0.4609375 0.8310344827586207 0.46328125 0.8206896551724137 0.459375 0.8155172413793104 0.46328125 0.8224137931034482 0.4609375
0 0.81875 0.4046875 0.003125 0.00078125
0 0.5465517241379311 0.44609375 0.5620689655172414 0.44765625 0.6103448275862069 0.44453125 0.6206896551724138 0.446875 0.6344827586206897 0.44375 0.6586206896551724 0.44453125 0.6637931034482759 0.44140625 0.6741379310344827 0.446875 0.6913793103448276 0.44296875 0.7948275862068965 0.44296875 0.8379310344827585 0.43828125 0.8448275862068966 0.43515625 0.8689655172413794 0.4390625 0.8896551724137931 0.4359375 0.9051724137931034 0.43046875 0.8965517241379309 0.41640625 0.8793103448275861 0.41328125 0.8655172413793103 0.40546875 0.8379310344827585 0.4078125 0.8258620689655173 0.40625 0.8241379310344827 0.4109375 0.8172413793103448 0.4125 0.8051724137931033 0.40234375 0.7913793103448276 0.4078125 0.7758620689655172 0.4078125 0.7603448275862068 0.4125 0.7448275862068965 0.41171875 0.7413793103448276 0.409375 0.7051724137931035 0.4125 0.6862068965517241 0.41015625 0.6603448275862068 0.41328125 0.6224137931034484 0.4109375 0.6120689655172413 0.415625 0.5931034482758621 0.415625 0.5844827586206897 0.41328125 0.5775862068965517 0.41640625 0.5603448275862069 0.415625 0.55 0.41796875 0.5448275862068965 0.44375 0.5465517241379311 0.44609375
0 0.8310344827586207 0.3921875 0.8258620689655173 0.39453125 0.8241379310344827 0.4 0.8310344827586207 0.3921875
0 0.5810344827586207 0.6578125 0.5982758620689654 0.65703125 0.6086206896551725 0.653125 0.6275862068965516 0.65625 0.6379310344827587 0.65 0.65 0.64921875 0.6706896551724137 0.64921875 0.6931034482758621 0.6546875 0.7103448275862069 0.65390625 0.7224137931034483 0.64921875 0.7724137931034483 0.65078125 0.7775862068965517 0.64765625 0.7879310344827586 0.64765625 0.8241379310344827 0.65078125 0.8362068965517242 0.646875 0.8655172413793103 0.6484375 0.8965517241379309 0.64296875 0.9224137931034482 0.6484375 0.9327586206896552 0.64375 0.9310344827586207 0.62578125 0.9379310344827585 0.621875 0.9379310344827585 0.61640625 0.9172413793103449 0.603125 0.9172413793103449 0.59453125 0.9103448275862069 0.59140625 0.8948275862068966 0.590625 0.8879310344827586 0.58671875 0.8775862068965518 0.59140625 0.8293103448275861 0.5890625 0.8120689655172413 0.59296875 0.7706896551724138 0.5921875 0.7293103448275862 0.59609375 0.7051724137931035 0.59375 0.6862068965517241 0.596875 0.6706896551724137 0.59375 0.65 0.59453125 0.6431034482758621 0.59765625 0.6189655172413793 0.6 0.6120689655172413 0.59765625 0.5948275862068966 0.5984375 0.5706896551724138 0.603125 0.5706896551724138 0.63203125 0.5810344827586207 0.6578125
0 0.55 0.4203125 0.5551724137931034 0.41953125 0.5672413793103448 0.4265625 0.5775862068965517 0.42578125 0.5948275862068966 0.415625 0.6189655172413793 0.4171875 0.6224137931034484 0.41484375 0.6431034482758621 0.41484375 0.646551724137931 0.4171875 0.6586206896551724 0.41328125 0.6862068965517241 0.41171875 0.7017241379310344 0.4171875 0.7086206896551724 0.4125 0.743103448275862 0.4109375 0.7517241379310344 0.4171875 0.7586206896551724 0.4171875 0.7706896551724138 0.4109375 0.8017241379310345 0.4078125 0.8086206896551724 0.409375 0.8155172413793104 0.41796875 0.8275862068965518 0.41796875 0.8362068965517242 0.41015625 0.85 0.40703125 0.8637931034482758 0.4078125 0.8810344827586206 0.41640625 0.8948275862068966 0.41484375 0.8982758620689655 0.41015625 0.9189655172413793 0.40390625 0.9103448275862069 0.390625 0.9068965517241379 0.371875 0.8931034482758621 0.37265625 0.8862068965517242 0.3765625 0.8793103448275861 0.37421875 0.8586206896551725 0.3765625 0.8413793103448276 0.37421875 0.8310344827586207 0.37734375 0.7724137931034483 0.37578125 0.7655172413793103 0.378125 0.7206896551724138 0.38046875 0.6689655172413793 0.38046875 0.6482758620689655 0.37578125 0.6310344827586206 0.3828125 0.5982758620689654 0.38125 0.5810344827586207 0.38203125 0.5706896551724138 0.38515625 0.5362068965517242 0.38359375 0.5362068965517242 0.415625 0.55 0.4203125
0 0.5775862068965517 0.659375 0.6120689655172413 0.65625 0.6258620689655172 0.65859375 0.6637931034482759 0.65234375 0.6948275862068966 0.65625 0.7758620689655172 0.6515625 0.9379310344827585 0.65 0.9327586206896552 0.634375 0.9379310344827585 0.61640625 0.9103448275862069 0.5953125 0.8982758620689655 0.596875 0.8896551724137931 0.59140625 0.8655172413793103 0.5921875 0.8517241379310345 0.59609375 0.8482758620689654 0.59296875 0.8310344827586207 0.59140625 0.8258620689655173 0.59375 0.7862068965517242 0.5953125 0.7741379310344827 0.6 0.7551724137931035 0.59453125 0.753448275862069 0.59921875 0.7413793103448276 0.5953125 0.7293103448275862 0.60078125 0.7224137931034483 0.59765625 0.7051724137931035 0.59609375 0.6741379310344827 0.59921875 0.6482758620689655 0.5984375 0.6431034482758621 0.603125 0.653448275862069 0.609375 0.6431034482758621 0.62109375 0.6362068965517241 0.6234375 0.6275862068965516 0.6234375 0.6206896551724138 0.6203125 0.6224137931034484 0.6109375 0.6120689655172413 0.61328125 0.6086206896551725 0.61015625 0.5948275862068966 0.61015625 0.5844827586206897 0.6046875 0.5689655172413792 0.6046875 0.5706896551724138 0.6390625 0.5775862068965517 0.659375
0 0.7413793103448276 0.49765625 0.7310344827586206 0.49609375 0.7293103448275862 0.4984375 0.7413793103448276 0.49765625
0 0.8120689655172413 0.49453125 0.8 0.49375 0.8 0.49609375 0.8120689655172413 0.49453125
0 0.6086206896551725 0.503125 0.6189655172413793 0.50234375 0.6189655172413793 0.49921875 0.6258620689655172 0.4984375 0.6275862068965516 0.49140625 0.6224137931034484 0.4875 0.603448275862069 0.4859375 0.6017241379310344 0.4984375 0.6086206896551725 0.503125
0 0.63515625 0.48359375 0.0015625 0.0015625
0 0.5706896551724138 0.48046875 0.5810344827586207 0.47734375 0.5879310344827586 0.4796875 0.5948275862068966 0.478125 0.6051724137931035 0.48203125 0.6086206896551725 0.4796875 0.6275862068965516 0.48046875 0.6327586206896552 0.4765625 0.646551724137931 0.48515625 0.6637931034482759 0.47734375 0.6948275862068966 0.47734375 0.7 0.48203125 0.7189655172413792 0.4796875 0.7155172413793103 0.4875 0.7224137931034483 0.49140625 0.7258620689655173 0.48828125 0.7362068965517241 0.4875 0.7327586206896551 0.48359375 0.7206896551724138 0.4828125 0.7206896551724138 0.48046875 0.743103448275862 0.4734375 0.7517241379310344 0.4765625 0.7620689655172413 0.47421875 0.7655172413793103 0.48046875 0.7931034482758621 0.4953125 0.7913793103448276 0.49140625 0.7965517241379311 0.48828125 0.8120689655172413 0.48671875 0.8137931034482758 0.49140625 0.8137931034482758 0.4875 0.8172413793103448 0.48828125 0.8155172413793104 0.48359375 0.8206896551724137 0.48046875 0.8120689655172413 0.4734375 0.8172413793103448 0.46875 0.8448275862068966 0.47265625 0.8517241379310345 0.46953125 0.8793103448275861 0.4703125 0.8879310344827586 0.4671875 0.9137931034482758 0.4703125 0.9241379310344827 0.46640625 0.9137931034482758 0.44609375 0.9224137931034482 0.43515625 0.9 0.4265625 0.8931034482758621 0.41796875 0.8862068965517242 0.41796875 0.8844827586206897 0.42265625 0.8948275862068966 0.425 0.8758620689655172 0.42734375 0.8724137931034482 0.4328125 0.8482758620689654 0.43671875 0.8310344827586207 0.4328125 0.8241379310344827 0.43828125 0.8155172413793104 0.4375 0.810344827586207 0.43984375 0.7948275862068965 0.43984375 0.7862068965517242 0.4359375 0.7706896551724138 0.434375 0.75 0.440625 0.7189655172413792 0.44140625 0.7120689655172414 0.44375 0.7051724137931035 0.44296875 0.7017241379310344 0.4390625 0.6965517241379311 0.44296875 0.6603448275862068 0.44140625 0.6551724137931034 0.44375 0.646551724137931 0.4375 0.6362068965517241 0.43671875 0.6224137931034484 0.4453125 0.6155172413793103 0.44296875 0.6017241379310344 0.4453125 0.5913793103448276 0.44140625 0.5431034482758621 0.44453125 0.55 0.48046875 0.5706896551724138 0.48046875
0 0.5982758620689654 0.79921875 0.6172413793103448 0.79140625 0.6327586206896552 0.79296875 0.6224137931034484 0.8 0.646551724137931 0.8 0.6706896551724137 0.7875 0.6827586206896552 0.79296875 0.6827586206896552 0.79609375 0.6965517241379311 0.79609375 0.7034482758620689 0.79296875 0.7155172413793103 0.7953125 0.7293103448275862 0.790625 0.7362068965517241 0.79609375 0.7413793103448276 0.79609375 0.746551724137931 0.7921875 0.7603448275862068 0.78984375 0.7844827586206897 0.7890625 0.7948275862068965 0.7921875 0.8413793103448276 0.790625 0.846551724137931 0.79296875 0.8517241379310345 0.79296875 0.8551724137931034 0.7890625 0.8741379310344828 0.790625 0.903448275862069 0.7875 0.9172413793103449 0.790625 0.9448275862068967 0.78984375 0.9413793103448276 0.77890625 0.9293103448275861 0.76875 0.95 0.76484375 0.939655172413793 0.7421875 0.9482758620689655 0.73359375 0.9241379310344827 0.71171875 0.9206896551724137 0.71328125 0.9103448275862069 0.709375 0.9 0.7109375 0.8931034482758621 0.70859375 0.8758620689655172 0.70859375 0.8586206896551725 0.71171875 0.7724137931034483 0.71171875 0.7448275862068965 0.71484375 0.7172413793103448 0.71328125 0.689655172413793 0.71875 0.6672413793103449 0.71640625 0.6172413793103448 0.71953125 0.6051724137931035 0.72265625 0.5913793103448276 0.7203125 0.5879310344827586 0.73671875 0.5982758620689654 0.79921875
0 0.6965517241379311 0.40703125 0.6948275862068966 0.40234375 0.6862068965517241 0.4046875 0.6810344827586207 0.403125 0.6810344827586207 0.40703125 0.6965517241379311 0.40703125
0 0.8793103448275861 0.40078125 0.8724137931034482 0.39921875 0.8706896551724137 0.40078125 0.8793103448275861 0.40078125
0 0.6948275862068966 0.3984375 0.689655172413793 0.39453125 0.6965517241379311 0.39296875 0.6931034482758621 0.38828125 0.6810344827586207 0.39140625 0.6948275862068966 0.3984375
0 0.8068965517241379 0.390625 0.8172413793103448 0.3890625 0.8137931034482758 0.384375 0.8068965517241379 0.38671875 0.8068965517241379 0.390625
0 0.5344827586206897 0.390625 0.5465517241379311 0.396875 0.5568965517241379 0.3875 0.5862068965517241 0.38828125 0.5948275862068966 0.38203125 0.6086206896551725 0.38984375 0.6189655172413793 0.38359375 0.6327586206896552 0.38359375 0.653448275862069 0.37890625 0.6603448275862068 0.38359375 0.6689655172413793 0.3828125 0.6741379310344827 0.396875 0.6741379310344827 0.38359375 0.6810344827586207 0.38125 0.7103448275862069 0.3859375 0.7155172413793103 0.3828125 0.753448275862069 0.37890625 0.7672413793103449 0.3796875 0.7827586206896552 0.3765625 0.8310344827586207 0.37890625 0.8379310344827585 0.37578125 0.8517241379310345 0.37578125 0.8551724137931034 0.3796875 0.8655172413793103 0.375 0.8775862068965518 0.375 0.8862068965517242 0.3796875 0.8965517241379309 0.3796875 0.8982758620689655 0.3765625 0.9120689655172413 0.37265625 0.8862068965517242 0.34765625 0.8724137931034482 0.34921875 0.8534482758620691 0.3421875 0.8120689655172413 0.34140625 0.8 0.3453125 0.7706896551724138 0.34453125 0.7396551724137931 0.34765625 0.7155172413793103 0.34609375 0.6913793103448276 0.3484375 0.646551724137931 0.34765625 0.6362068965517241 0.3453125 0.603448275862069 0.35078125 0.5517241379310345 0.3515625 0.5362068965517242 0.3578125 0.5413793103448276 0.38125 0.5344827586206897 0.390625
0 0.8359375 0.6328125 0.003125 0.00078125
0 0.5879310344827586 0.63046875 0.6068965517241379 0.6265625 0.6327586206896552 0.628125 0.6741379310344827 0.625 0.6879310344827586 0.628125 0.6931034482758621 0.6234375 0.7051724137931035 0.621875 0.753448275862069 0.621875 0.7758620689655172 0.62421875 0.803448275862069 0.6203125 0.810344827586207 0.62265625 0.8172413793103448 0.61953125 0.8241379310344827 0.62578125 0.8293103448275861 0.621875 0.8517241379310345 0.6203125 0.8586206896551725 0.6140625 0.8655172413793103 0.61953125 0.8879310344827586 0.6140625 0.9068965517241379 0.61328125 0.9086206896551724 0.6046875 0.9189655172413793 0.59453125 0.9327586206896552 0.5921875 0.9362068965517242 0.58828125 0.9293103448275861 0.58203125 0.9172413793103449 0.58984375 0.9103448275862069 0.5859375 0.8948275862068966 0.58671875 0.8827586206896552 0.58125 0.8810344827586206 0.5875 0.8724137931034482 0.590625 0.8551724137931034 0.58984375 0.8413793103448276 0.58515625 0.8172413793103448 0.5875 0.8172413793103448 0.59140625 0.810344827586207 0.59296875 0.803448275862069 0.584765625 0.7982758620689655 0.584375 0.8017241379310345 0.58046875 0.7948275862068965 0.58515625 0.7879310344827586 0.5828125 0.7551724137931035 0.5921875 0.7275862068965517 0.59296875 0.7224137931034483 0.58828125 0.7241379310344828 0.590625 0.7120689655172414 0.58828125 0.6879310344827586 0.59609375 0.6724137931034483 0.59140625 0.646551724137931 0.59375 0.6327586206896552 0.59765625 0.6224137931034484 0.59765625 0.6155172413793103 0.59453125 0.5879310344827586 0.59453125 0.5706896551724138 0.60390625 0.5706896551724138 0.61796875 0.5879310344827586 0.63046875
0 0.8265625 0.5765625 0.0015625 0.00078125
0 0.756896551724138 0.578125 0.7620689655172413 0.57890625 0.7637931034482759 0.57578125 0.756896551724138 0.57421875 0.756896551724138 0.578125
0 0.8017241379310345 0.57578125 0.8017241379310345 0.5734375 0.7965517241379311 0.57421875 0.8017241379310345 0.57578125
0 0.73203125 0.575 0.0015625 0.00234375
0 0.6982758620689655 0.578125 0.6913793103448276 0.58125 0.7051724137931035 0.578125 0.7189655172413792 0.58125 0.7155172413793103 0.57734375 0.7051724137931035 0.57578125 0.7034482758620689 0.57109375 0.7 0.5734375 0.6948275862068966 0.57265625 0.6913793103448276 0.57421875 0.6982758620689655 0.578125
0 0.88359375 0.5703125 0.0015625 0.00078125
0 0.7258620689655173 0.57109375 0.7224137931034483 0.56953125 0.7206896551724138 0.57421875 0.7258620689655173 0.57109375
0 0.8206896551724137 0.57421875 0.8172413793103448 0.578125 0.8241379310344827 0.57421875 0.8241379310344827 0.5671875 0.8155172413793104 0.571875 0.8206896551724137 0.57421875
0 0.9068965517241379 0.56875 0.903448275862069 0.56640625 0.9 0.575 0.9068965517241379 0.56875
0 0.8551724137931034 0.575 0.8551724137931034 0.56875 0.8482758620689654 0.56484375 0.846551724137931 0.56796875 0.8551724137931034 0.575
0 0.8413793103448276 0.56484375 0.8344827586206897 0.56328125 0.8310344827586207 0.56484375 0.8413793103448276 0.56484375
0 0.68359375 0.5390625 0.0015625 0.00078125
0 0.8586206896551725 0.4359375 0.85 0.4390625 0.8448275862068966 0.4359375 0.8224137931034482 0.44140625 0.7913793103448276 0.4421875 0.7724137931034483 0.43984375 0.7655172413793103 0.44375 0.756896551724138 0.44296875 0.753448275862069 0.44609375 0.7379310344827587 0.44296875 0.6603448275862068 0.44453125 0.653448275862069 0.44765625 0.646551724137931 0.44453125 0.6017241379310344 0.4484375 0.5913793103448276 0.4453125 0.5844827586206897 0.4484375 0.5431034482758621 0.44609375 0.5482758620689655 0.46015625 0.5465517241379311 0.47734375 0.5534482758620689 0.48203125 0.5741379310344827 0.48203125 0.5879310344827586 0.4890625 0.6 0.4890625 0.5982758620689654 0.49453125 0.6086206896551725 0.5046875 0.6258620689655172 0.50078125 0.6327586206896552 0.48671875 0.6396551724137931 0.4859375 0.646551724137931 0.48671875 0.6620689655172414 0.4984375 0.6706896551724137 0.5 0.6827586206896552 0.49765625 0.6758620689655173 0.49453125 0.6793103448275862 0.48828125 0.689655172413793 0.4859375 0.6913793103448276 0.49140625 0.7034482758620689 0.48515625 0.7224137931034483 0.503125 0.7258620689655173 0.5 0.743103448275862 0.5 0.7482758620689655 0.49765625 0.7620689655172413 0.484375 0.7741379310344827 0.48671875 0.7741379310344827 0.49140625 0.7879310344827586 0.496875 0.8051724137931033 0.49765625 0.8155172413793104 0.49453125 0.8224137931034482 0.4828125 0.8344827586206897 0.4796875 0.846551724137931 0.4921875 0.8620689655172413 0.49609375 0.8793103448275861 0.4875 0.8844827586206897 0.48046875 0.8810344827586206 0.4734375 0.8862068965517242 0.4703125 0.9068965517241379 0.47265625 0.9258620689655173 0.4671875 0.9137931034482758 0.44609375 0.9224137931034482 0.4359375 0.9068965517241379 0.43125 0.8706896551724137 0.43984375 0.8586206896551725 0.4359375
0 0.6327586206896552 0.61796875 0.6431034482758621 0.60859375 0.6396551724137931 0.60625 0.6327586206896552 0.609375 0.6258620689655172 0.60859375 0.6258620689655172 0.615625 0.6327586206896552 0.61796875
0 0.7517241379310344 0.6109375 0.756896551724138 0.61015625 0.756896551724138 0.60625 0.7637931034482759 0.60625 0.7362068965517241 0.6015625 0.7344827586206897 0.60546875 0.7517241379310344 0.6109375
0 0.6327586206896552 0.553125 0.6293103448275862 0.54140625 0.6258620689655172 0.55390625 0.6327586206896552 0.553125
0 0.5603448275862069 0.56875 0.5603448275862069 0.5734375 0.5672413793103448 0.6015625 0.6086206896551725 0.60859375 0.6172413793103448 0.6015625 0.6310344827586206 0.59765625 0.646551724137931 0.60078125 0.6620689655172414 0.596875 0.6724137931034483 0.5984375 0.7086206896551724 0.5953125 0.7258620689655173 0.59765625 0.7637931034482759 0.59375 0.7793103448275862 0.59609375 0.7862068965517242 0.59296875 0.8293103448275861 0.59140625 0.8879310344827586 0.59140625 0.9103448275862069 0.59609375 0.9362068965517242 0.58984375 0.9258620689655173 0.56953125 0.9258620689655173 0.56484375 0.9344827586206896 0.5609375 0.9327586206896552 0.55703125 0.9206896551724137 0.55234375 0.9051724137931034 0.5390625 0.8931034482758621 0.5421875 0.8724137931034482 0.5328125 0.8448275862068966 0.5359375 0.8431034482758621 0.540625 0.8310344827586207 0.54296875 0.8258620689655173 0.5390625 0.8137931034482758 0.53828125 0.8155172413793104 0.53671875 0.8086206896551724 0.53515625 0.7724137931034483 0.5375 0.7327586206896551 0.5359375 0.7120689655172414 0.540625 0.7 0.5359375 0.6810344827586207 0.5359375 0.6637931034482759 0.54140625 0.6568965517241379 0.5390625 0.653448275862069 0.54375 0.6603448275862068 0.54609375 0.6586206896551724 0.5578125 0.646551724137931 0.5578125 0.6396551724137931 0.56171875 0.6362068965517241 0.56015625 0.6258620689655172 0.565625 0.6155172413793103 0.5640625 0.6086206896551725 0.56640625 0.5827586206896551 0.55625 0.5862068965517241 0.55390625 0.5706896551724138 0.55078125 0.5655172413793104 0.553125 0.5689655172413792 0.5640625 0.5603448275862069 0.56875
0 0.9017241379310346 0.7453125 0.9137931034482758 0.74609375 0.9137931034482758 0.7421875 0.9017241379310346 0.74296875 0.9017241379310346 0.7453125
0 0.6086206896551725 0.7609375 0.6258620689655172 0.7625 0.6362068965517241 0.75703125 0.6275862068965516 0.7515625 0.6379310344827587 0.746875 0.6603448275862068 0.74921875 0.6603448275862068 0.7546875 0.6793103448275862 0.759375 0.6879310344827586 0.75546875 0.6913793103448276 0.7453125 0.7655172413793103 0.74375 0.7879310344827586 0.75625 0.7948275862068965 0.75625 0.8068965517241379 0.753125 0.8120689655172413 0.74609375 0.8224137931034482 0.74296875 0.8379310344827585 0.74296875 0.8448275862068966 0.75078125 0.8620689655172413 0.7453125 0.8620689655172413 0.740625 0.9241379310344827 0.73984375 0.9482758620689655 0.734375 0.9275862068965518 0.709375 0.9017241379310346 0.70390625 0.8913793103448275 0.70703125 0.8396551724137931 0.70703125 0.8344827586206897 0.709375 0.7948275862068965 0.71171875 0.7362068965517241 0.71171875 0.7189655172413792 0.7078125 0.6982758620689655 0.7140625 0.6793103448275862 0.71328125 0.6741379310344827 0.71015625 0.653448275862069 0.71640625 0.6206896551724138 0.71484375 0.5862068965517241 0.71875 0.5896551724137931 0.746875 0.6086206896551725 0.7609375
0 0.5931034482758621 0.70234375 0.5844827586206897 0.7109375 0.5896551724137931 0.715625 0.5948275862068966 0.77265625 0.6327586206896552 0.77265625 0.6327586206896552 0.77578125 0.6362068965517241 0.77109375 0.6758620689655173 0.771875 0.6913793103448276 0.76796875 0.7120689655172414 0.7703125 0.7362068965517241 0.7671875 0.7862068965517242 0.76796875 0.8344827586206897 0.76484375 0.8551724137931034 0.76875 0.8965517241379309 0.76484375 0.9068965517241379 0.75546875 0.9172413793103449 0.765625 0.9431034482758621 0.76484375 0.9482758620689655 0.76171875 0.9379310344827585 0.746875 0.9379310344827585 0.73984375 0.946551724137931 0.7328125 0.9275862068965518 0.71484375 0.9293103448275861 0.7109375 0.9413793103448276 0.70703125 0.9362068965517242 0.684375 0.9448275862068967 0.6765625 0.9206896551724137 0.659375 0.903448275862069 0.6578125 0.8896551724137931 0.65234375 0.8482758620689654 0.65234375 0.8344827586206897 0.65625 0.8275862068965518 0.65390625 0.7965517241379311 0.65234375 0.7862068965517242 0.65546875 0.7396551724137931 0.6546875 0.6862068965517241 0.65859375 0.6689655172413793 0.65703125 0.653448275862069 0.66015625 0.5827586206896551 0.6625 0.5810344827586207 0.690625 0.5931034482758621 0.70234375
0 0.5258620689655172 0.3375 0.5241379310344827 0.35234375 0.5293103448275862 0.35703125 0.5362068965517242 0.3546875 0.5465517241379311 0.35625 0.5534482758620689 0.3515625 0.5637931034482759 0.35703125 0.5672413793103448 0.35078125 0.5827586206896551 0.35234375 0.6362068965517241 0.3453125 0.6482758620689655 0.3484375 0.6672413793103449 0.34609375 0.7017241379310344 0.34765625 0.7379310344827587 0.34375 0.7948275862068965 0.34453125 0.8120689655172413 0.340625 0.8206896551724137 0.34296875 0.8603448275862069 0.3421875 0.8672413793103448 0.34375 0.8706896551724137 0.3484375 0.8793103448275861 0.3484375 0.9120689655172413 0.33828125 0.9 0.3171875 0.9051724137931034 0.30703125 0.9 0.30390625 0.8896551724137931 0.30390625 0.8827586206896552 0.29609375 0.8758620689655172 0.31171875 0.8689655172413794 0.30859375 0.8482758620689654 0.30703125 0.8275862068965518 0.30859375 0.8206896551724137 0.3125 0.7948275862068965 0.31171875 0.7827586206896552 0.30625 0.753448275862069 0.3125 0.7258620689655173 0.309375 0.6844827586206896 0.315625 0.6724137931034483 0.31484375 0.6672413793103449 0.31015625 0.6706896551724137 0.3140625 0.6362068965517241 0.31171875 0.6310344827586206 0.315625 0.6155172413793103 0.315625 0.6120689655172413 0.31796875 0.5224137931034483 0.31796875 0.5189655172413793 0.3234375 0.5258620689655172 0.3375
0 0.5672413793103448 0.60859375 0.5793103448275863 0.65234375 0.5862068965517241 0.6578125 0.5982758620689654 0.6578125 0.603448275862069 0.6515625 0.6172413793103448 0.6546875 0.6224137931034484 0.65 0.6258620689655172 0.6515625 0.6379310344827587 0.64765625 0.6879310344827586 0.65 0.6931034482758621 0.646875 0.7051724137931035 0.646875 0.7103448275862069 0.65390625 0.7275862068965517 0.64609375 0.7379310344827587 0.64765625 0.746551724137931 0.6453125 0.7620689655172413 0.65078125 0.7655172413793103 0.64765625 0.7706896551724138 0.65078125 0.7741379310344827 0.6453125 0.7879310344827586 0.6453125 0.7931034482758621 0.64765625 0.8155172413793104 0.6453125 0.8241379310344827 0.6484375 0.8396551724137931 0.64609375 0.846551724137931 0.6484375 0.8551724137931034 0.64140625 0.8637931034482758 0.64296875 0.8655172413793103 0.646875 0.8758620689655172 0.6453125 0.8793103448275861 0.64140625 0.8844827586206897 0.64375 0.9120689655172413 0.64296875 0.9206896551724137 0.6484375 0.9344827586206896 0.64765625 0.9275862068965518 0.62578125 0.9379310344827585 0.61953125 0.9155172413793103 0.603125 0.9189655172413793 0.59609375 0.9362068965517242 0.590625 0.9241379310344827 0.5671875 0.9344827586206896 0.56015625 0.9068965517241379 0.53984375 0.8896551724137931 0.54140625 0.8724137931034482 0.5328125 0.8586206896551725 0.5328125 0.846551724137931 0.5359375 0.8413793103448276 0.540625 0.8310344827586207 0.540625 0.8206896551724137 0.5359375 0.8068965517241379 0.534375 0.7362068965517241 0.5359375 0.7137931034482758 0.540625 0.6982758620689655 0.5359375 0.6775862068965517 0.53671875 0.6637931034482759 0.54140625 0.6603448275862068 0.53828125 0.6517241379310345 0.5375 0.6431034482758621 0.53984375 0.6413793103448275 0.54453125 0.6310344827586206 0.53984375 0.6120689655172413 0.540625 0.603448275862069 0.54296875 0.5931034482758621 0.5515625 0.5879310344827586 0.55234375 0.5793103448275863 0.546875 0.5810344827586207 0.5484375 0.5637931034482759 0.55234375 0.5603448275862069 0.57265625 0.5672413793103448 0.60859375
0 0.8620689655172413 0.4953125 0.8586206896551725 0.4921875 0.8551724137931034 0.49453125 0.8620689655172413 0.4953125
0 0.8362068965517242 0.490625 0.8413793103448276 0.49296875 0.8568965517241379 0.48671875 0.8620689655172413 0.48984375 0.8672413793103448 0.48671875 0.8672413793103448 0.47734375 0.8620689655172413 0.47578125 0.8517241379310345 0.4765625 0.8551724137931034 0.48046875 0.8448275862068966 0.48203125 0.8448275862068966 0.48828125 0.8362068965517242 0.490625
0 0.539655172413793 0.44609375 0.5465517241379311 0.45390625 0.5465517241379311 0.47578125 0.5534482758620689 0.48125 0.5637931034482759 0.48125 0.5724137931034483 0.484375 0.5793103448275863 0.49375 0.5844827586206897 0.49296875 0.5879310344827586 0.496875 0.5810344827586207 0.5015625 0.5913793103448276 0.50390625 0.596551724137931 0.50078125 0.603448275862069 0.5046875 0.6258620689655172 0.50234375 0.6379310344827587 0.496875 0.6327586206896552 0.49453125 0.6431034482758621 0.48828125 0.646551724137931 0.49140625 0.6568965517241379 0.49296875 0.6603448275862068 0.50078125 0.6810344827586207 0.50078125 0.7 0.484375 0.7103448275862069 0.4890625 0.7224137931034483 0.50234375 0.746551724137931 0.49765625 0.756896551724138 0.4859375 0.7672413793103449 0.48671875 0.7741379310344827 0.49609375 0.789655172413793 0.49921875 0.803448275862069 0.4984375 0.8224137931034482 0.490625 0.8275862068965518 0.49140625 0.8275862068965518 0.480859375 0.8379310344827585 0.48046875 0.8517241379310345 0.46953125 0.8827586206896552 0.46953125 0.8896551724137931 0.47421875 0.9 0.46953125 0.9068965517241379 0.47109375 0.9224137931034482 0.4671875 0.9155172413793103 0.45 0.9224137931034482 0.43515625 0.9086206896551724 0.4296875 0.8965517241379309 0.41640625 0.8775862068965518 0.4109375 0.8758620689655172 0.40625 0.8275862068965518 0.40703125 0.8172413793103448 0.41171875 0.8 0.40546875 0.7965517241379311 0.40859375 0.7637931034482759 0.409375 0.7603448275862068 0.41171875 0.6758620689655173 0.41015625 0.6551724137931034 0.41328125 0.6413793103448275 0.4109375 0.6137931034482759 0.415625 0.5879310344827586 0.415625 0.5810344827586207 0.41796875 0.55 0.41953125 0.5482758620689655 0.421875 0.5482758620689655 0.43203125 0.539655172413793 0.44609375
0 0.5982758620689654 0.7734375 0.6241379310344828 0.7734375 0.6327586206896552 0.77578125 0.65 0.77109375 0.6724137931034483 0.77265625 0.6810344827586207 0.77578125 0.6913793103448276 0.76953125 0.7086206896551724 0.771875 0.7137931034482758 0.76875 0.7258620689655173 0.76796875 0.7948275862068965 0.76875 0.8293103448275861 0.76484375 0.85 0.76875 0.8965517241379309 0.76484375 0.903448275862069 0.76015625 0.9137931034482758 0.7625 0.9172413793103449 0.7609375 0.9241379310344827 0.76640625 0.9431034482758621 0.76484375 0.9482758620689655 0.76171875 0.939655172413793 0.7515625 0.939655172413793 0.7390625 0.946551724137931 0.73515625 0.946551724137931 0.73046875 0.9310344827586207 0.71796875 0.9275862068965518 0.70859375 0.9103448275862069 0.70234375 0.8862068965517242 0.70703125 0.8517241379310345 0.7046875 0.8379310344827585 0.70625 0.8344827586206897 0.709375 0.7948275862068965 0.71015625 0.789655172413793 0.709375 0.7862068965517242 0.70390625 0.7689655172413793 0.709375 0.7620689655172413 0.70703125 0.7482758620689655 0.7109375 0.7206896551724138 0.7046875 0.7103448275862069 0.7109375 0.6982758620689655 0.7109375 0.6948275862068966 0.71328125 0.6827586206896552 0.71328125 0.6724137931034483 0.7078125 0.653448275862069 0.71640625 0.6172413793103448 0.715625 0.5879310344827586 0.71875 0.5913793103448276 0.76875 0.5982758620689654 0.7734375
0 0.6706896551724137 0.68984375 0.6672413793103449 0.68828125 0.6655172413793103 0.69296875 0.6706896551724137 0.68984375
0 0.6953125 0.6703125 0.0015625 0.00078125
0 0.5948275862068966 0.71796875 0.6224137931034484 0.7140625 0.6551724137931034 0.71484375 0.6689655172413793 0.71015625 0.6706896551724137 0.7046875 0.6810344827586207 0.70625 0.6913793103448276 0.71171875 0.7051724137931035 0.7125 0.7758620689655172 0.71015625 0.7931034482758621 0.71171875 0.8362068965517242 0.709375 0.8448275862068966 0.70625 0.8810344827586206 0.7078125 0.8931034482758621 0.70703125 0.9017241379310346 0.703125 0.9293103448275861 0.71015625 0.9379310344827585 0.71015625 0.9448275862068967 0.70703125 0.9379310344827585 0.68984375 0.9189655172413793 0.68203125 0.8689655172413794 0.684375 0.8568965517241379 0.68203125 0.8327586206896551 0.684375 0.7965517241379311 0.68359375 0.7517241379310344 0.68671875 0.7206896551724138 0.68515625 0.7034482758620689 0.6890625 0.6775862068965517 0.6875 0.646551724137931 0.690625 0.6327586206896552 0.68828125 0.596551724137931 0.6921875 0.5844827586206897 0.69609375 0.5844827586206897 0.715625 0.5948275862068966 0.71796875
0 0.6017241379310344 0.80390625 0.9517241379310345 0.79296875 0.9362068965517242 0.77109375 0.9241379310344827 0.76640625 0.8879310344827586 0.76640625 0.8551724137931034 0.77109375 0.8224137931034482 0.7671875 0.7982758620689655 0.76953125 0.7844827586206897 0.76796875 0.7706896551724138 0.7703125 0.7482758620689655 0.76953125 0.743103448275862 0.771875 0.7206896551724138 0.7703125 0.6879310344827586 0.77578125 0.6482758620689655 0.77421875 0.5948275862068966 0.77734375 0.5931034482758621 0.79921875 0.6017241379310344 0.80390625
0 0.8344827586206897 0.484375 0.8258620689655173 0.48359375 0.8327586206896551 0.48828125 0.8344827586206897 0.484375
0 0.5655172413793104 0.54140625 0.5741379310344827 0.54140625 0.5810344827586207 0.5359375 0.6275862068965516 0.53828125 0.6431034482758621 0.53359375 0.6758620689655173 0.53515625 0.6948275862068966 0.534375 0.7 0.53203125 0.7137931034482758 0.53515625 0.7396551724137931 0.53515625 0.7741379310344827 0.5296875 0.7879310344827586 0.5328125 0.810344827586207 0.53203125 0.8172413793103448 0.5296875 0.8344827586206897 0.5296875 0.8517241379310345 0.53359375 0.8724137931034482 0.53125 0.8913793103448275 0.5375 0.9017241379310346 0.53203125 0.9068965517241379 0.534375 0.9293103448275861 0.5296875 0.9206896551724137 0.51171875 0.9206896551724137 0.5046875 0.9275862068965518 0.4984375 0.9 0.47890625 0.8844827586206897 0.48359375 0.8793103448275861 0.4984375 0.8482758620689654 0.4984375 0.8379310344827585 0.49375 0.8310344827586207 0.496875 0.8241379310344827 0.49453125 0.8206896551724137 0.4875 0.8068965517241379 0.49765625 0.7827586206896552 0.49609375 0.7793103448275862 0.50234375 0.7637931034482759 0.5 0.7293103448275862 0.5 0.7224137931034483 0.50625 0.7034482758620689 0.50234375 0.6982758620689655 0.49765625 0.6879310344827586 0.49765625 0.6793103448275862 0.5015625 0.6655172413793103 0.5015625 0.6517241379310345 0.48828125 0.6431034482758621 0.48515625 0.6362068965517241 0.4859375 0.6241379310344828 0.4796875 0.6017241379310344 0.48046875 0.5913793103448276 0.4890625 0.5810344827586207 0.4890625 0.5706896551724138 0.48203125 0.5637931034482759 0.4828125 0.5517241379310345 0.49140625 0.5568965517241379 0.5390625 0.5655172413793104 0.54140625
0 0.5086206896551724 0.2515625 0.5155172413793103 0.2671875 0.5155172413793103 0.28828125 0.5224137931034483 0.28984375 0.5431034482758621 0.2890625 0.5534482758620689 0.284375 0.5706896551724138 0.2859375 0.5948275862068966 0.28125 0.6551724137931034 0.28125 0.6637931034482759 0.278125 0.6931034482758621 0.28125 0.7206896551724138 0.27578125 0.7379310344827587 0.27890625 0.746551724137931 0.2765625 0.7948275862068965 0.275 0.8120689655172413 0.27109375 0.8258620689655173 0.275 0.8482758620689654 0.275 0.8844827586206897 0.2796875 0.903448275862069 0.27265625 0.8965517241379309 0.259375 0.8965517241379309 0.24453125 0.903448275862069 0.2375 0.8741379310344828 0.228125 0.8689655172413794 0.21640625 0.8603448275862069 0.2171875 0.8448275862068966 0.22578125 0.8293103448275861 0.2203125 0.8344827586206897 0.2234375 0.8310344827586207 0.22734375 0.8206896551724137 0.22734375 0.8120689655172413 0.21953125 0.8 0.21796875 0.7827586206896552 0.2234375 0.7655172413793103 0.21875 0.753448275862069 0.221875 0.7293103448275862 0.21953125 0.7189655172413792 0.225 0.6948275862068966 0.22265625 0.6879310344827586 0.22734375 0.6775862068965517 0.221875 0.6672413793103449 0.221875 0.6568965517241379 0.2265625 0.6396551724137931 0.221875 0.6224137931034484 0.221875 0.6 0.2234375 0.5879310344827586 0.23046875 0.5517241379310345 0.23046875 0.5379310344827586 0.22734375 0.5293103448275862 0.23125 0.5224137931034483 0.2453125 0.5086206896551724 0.2515625
0 0.6948275862068966 0.60859375 0.7034482758620689 0.60546875 0.6810344827586207 0.60546875 0.6775862068965517 0.6078125 0.6775862068965517 0.6140625 0.6879310344827586 0.61171875 0.6926028921023358 0.6131300403225806 0.6948275862068966 0.60859375
0 0.8741379310344828 0.6125 0.8741379310344828 0.60390625 0.8827586206896552 0.60390625 0.8862068965517242 0.60703125 0.8862068965517242 0.60234375 0.8620689655172413 0.6015625 0.8586206896551725 0.60625 0.8741379310344828 0.6125
0 0.6578125 0.5390625 0.0015625 0.00078125
0 0.5672413793103448 0.58359375 0.5672413793103448 0.60078125 0.5741379310344827 0.6046875 0.5844827586206897 0.6046875 0.5931034482758621 0.6109375 0.6068965517241379 0.6125 0.6 0.6171875 0.6068965517241379 0.61875 0.6017241379310344 0.621875 0.6086206896551725 0.61875 0.6258620689655172 0.6234375 0.6362068965517241 0.6234375 0.65 0.61953125 0.65 0.6078125 0.653448275862069 0.609375 0.6741379310344827 0.6 0.6931034482758621 0.596875 0.7206896551724138 0.59921875 0.7396551724137931 0.6171875 0.7586206896551724 0.61953125 0.7724137931034483 0.609375 0.7637931034482759 0.5984375 0.7672413793103449 0.59609375 0.7775862068965517 0.59921875 0.7862068965517242 0.596875 0.7931034482758621 0.603125 0.8017241379310345 0.60234375 0.8051724137931033 0.615625 0.8172413793103448 0.6171875 0.8206896551724137 0.60859375 0.8275862068965518 0.60703125 0.8189655172413793 0.6 0.8224137931034482 0.5984375 0.8275862068965518 0.60078125 0.8396551724137931 0.59921875 0.8551724137931034 0.59140625 0.8862068965517242 0.59140625 0.8948275862068966 0.5984375 0.903448275862069 0.59921875 0.9362068965517242 0.59140625 0.9241379310344827 0.56796875 0.9275862068965518 0.56015625 0.9189655172413793 0.5578125 0.9206896551724137 0.553125 0.9103448275862069 0.54140625 0.9017241379310346 0.5390625 0.8931034482758621 0.54296875 0.8724137931034482 0.5328125 0.8448275862068966 0.53515625 0.8379310344827585 0.5390625 0.8344827586206897 0.53671875 0.8293103448275861 0.53828125 0.8068965517241379 0.53359375 0.7362068965517241 0.53515625 0.7120689655172414 0.53984375 0.7 0.53515625 0.6793103448275862 0.53515625 0.6620689655172414 0.5421875 0.6637931034482759 0.55859375 0.6586206896551724 0.56953125 0.6379310344827587 0.56953125 0.6448275862068965 0.57421875 0.6413793103448275 0.5765625 0.6362068965517241 0.57578125 0.6310344827586206 0.58046875 0.6241379310344828 0.5796875 0.6189655172413793 0.5734375 0.6051724137931035 0.5703125 0.6017241379310344 0.57265625 0.5913793103448276 0.571875 0.5775862068965517 0.5640625 0.5655172413793104 0.56796875 0.5603448275862069 0.57109375 0.5672413793103448 0.58359375
0 0.6 0.8 0.6 0.796875 0.6068965517241379 0.7953125 0.6103448275862069 0.8 0.6224137931034484 0.8015625 0.6310344827586206 0.796875 0.6379310344827587 0.8 0.6672413793103449 0.8 0.689655172413793 0.796875 0.7793103448275862 0.796875 0.8155172413793104 0.79375 0.8206896551724137 0.79140625 0.8275862068965518 0.79375 0.8362068965517242 0.79140625 0.8482758620689654 0.79375 0.8965517241379309 0.79375 0.9068965517241379 0.79140625 0.9413793103448276 0.79296875 0.946551724137931 0.78671875 0.9327586206896552 0.76875 0.9517241379310345 0.76484375 0.9379310344827585 0.74921875 0.9103448275862069 0.75703125 0.8931034482758621 0.75703125 0.8896551724137931 0.75390625 0.8793103448275861 0.7578125 0.8758620689655172 0.7546875 0.8758620689655172 0.7609375 0.8655172413793103 0.76328125 0.85 0.7625 0.8482758620689654 0.75859375 0.8448275862068966 0.76015625 0.8293103448275861 0.75390625 0.803448275862069 0.76171875 0.7844827586206897 0.759375 0.7741379310344827 0.76484375 0.7551724137931035 0.76640625 0.743103448275862 0.76015625 0.7293103448275862 0.759375 0.7241379310344828 0.7546875 0.7172413793103448 0.75390625 0.7086206896551724 0.75546875 0.6982758620689655 0.76875 0.6672413793103449 0.76875 0.653448275862069 0.76640625 0.6431034482758621 0.771875 0.6258620689655172 0.7703125 0.6086206896551725 0.77421875 0.5948275862068966 0.7703125 0.5948275862068966 0.796875 0.6 0.8
0 0.5734375 0.5390625 0.0015625 0.0015625
0 0.5793103448275863 0.5375 0.6051724137931035 0.5359375 0.6172413793103448 0.53125 0.6224137931034484 0.5359375 0.6293103448275862 0.53671875 0.6568965517241379 0.53125 0.6724137931034483 0.5328125 0.6879310344827586 0.528125 0.6931034482758621 0.53203125 0.7 0.5296875 0.7155172413793103 0.5328125 0.7224137931034483 0.52890625 0.7258620689655173 0.5328125 0.7482758620689655 0.528125 0.753448275862069 0.53203125 0.7741379310344827 0.5296875 0.7827586206896552 0.528125 0.789655172413793 0.51796875 0.7879310344827586 0.51171875 0.8017241379310345 0.50546875 0.8086206896551724 0.509375 0.8155172413793104 0.52890625 0.8413793103448276 0.52890625 0.8517241379310345 0.52265625 0.8482758620689654 0.51171875 0.8637931034482758 0.50390625 0.8689655172413794 0.50625 0.8689655172413794 0.51796875 0.8775862068965518 0.521875 0.8724137931034482 0.5234375 0.8724137931034482 0.52890625 0.9103448275862069 0.53125 0.9120689655172413 0.5078125 0.9224137931034482 0.49765625 0.9068965517241379 0.4859375 0.903448275862069 0.47578125 0.9224137931034482 0.46640625 0.9068965517241379 0.46328125 0.8896551724137931 0.46640625 0.8741379310344828 0.465625 0.8672413793103448 0.46875 0.8172413793103448 0.4671875 0.8068965517241379 0.47109375 0.7948275862068965 0.471875 0.7706896551724138 0.47265625 0.7551724137931035 0.46953125 0.7517241379310344 0.47265625 0.7448275862068965 0.47109375 0.7120689655172414 0.47578125 0.6620689655172414 0.47578125 0.653448275862069 0.471875 0.65 0.47421875 0.6293103448275862 0.47421875 0.6120689655172413 0.46484375 0.6086206896551725 0.46796875 0.5982758620689654 0.4671875 0.5931034482758621 0.475 0.5810344827586207 0.4734375 0.5741379310344827 0.4765625 0.5603448275862069 0.47734375 0.5655172413793104 0.48046875 0.5568965517241379 0.4828125 0.5517241379310345 0.49140625 0.5568965517241379 0.51640625 0.5793103448275863 0.5375
0 0.5862068965517241 0.453125 0.5810344827586207 0.45234375 0.5810344827586207 0.4546875 0.5862068965517241 0.453125
0 0.5224137931034483 0.29296875 0.5275862068965517 0.2921875 0.5275862068965517 0.296875 0.5224137931034483 0.29765625 0.5293103448275862 0.3015625 0.5275862068965517 0.30625 0.5362068965517242 0.29453125 0.5620689655172414 0.29296875 0.5741379310344827 0.28671875 0.5948275862068966 0.2859375 0.6051724137931035 0.290625 0.6120689655172413 0.2890625 0.6258620689655172 0.29140625 0.6431034482758621 0.2828125 0.6586206896551724 0.28359375 0.6672413793103449 0.28046875 0.6706896551724137 0.2859375 0.689655172413793 0.2875 0.7086206896551724 0.28046875 0.7189655172413792 0.2796875 0.7379310344827587 0.2859375 0.753448275862069 0.28046875 0.7758620689655172 0.27734375 0.7948275862068965 0.2796875 0.803448275862069 0.27421875 0.8206896551724137 0.27734375 0.8448275862068966 0.27578125 0.8586206896551725 0.28203125 0.8741379310344828 0.2828125 0.9051724137931034 0.2734375 0.8948275862068966 0.24765625 0.8844827586206897 0.24140625 0.8344827586206897 0.246875 0.8275862068965518 0.24453125 0.8155172413793104 0.2453125 0.810344827586207 0.24140625 0.7948275862068965 0.24375 0.7724137931034483 0.24140625 0.7551724137931035 0.246875 0.7241379310344828 0.24609375 0.7017241379310344 0.2421875 0.6948275862068966 0.2453125 0.6810344827586207 0.24453125 0.6586206896551724 0.24921875 0.65 0.24375 0.6396551724137931 0.246875 0.6327586206896552 0.24453125 0.6258620689655172 0.2484375 0.6086206896551725 0.25078125 0.5741379310344827 0.24921875 0.5568965517241379 0.25390625 0.5362068965517242 0.25390625 0.5327586206896552 0.25625 0.5258620689655172 0.25390625 0.5258620689655172 0.259375 0.5327586206896552 0.26015625 0.5172413793103449 0.2640625 0.5155172413793103 0.2890625 0.5224137931034483 0.29296875
0 0.5293103448275862 0.32421875 0.5362068965517242 0.33046875 0.5293103448275862 0.334375 0.5293103448275862 0.33984375 0.5431034482758621 0.33984375 0.5344827586206897 0.3484375 0.5258620689655172 0.35078125 0.5258620689655172 0.35625 0.5482758620689655 0.38125 0.5844827586206897 0.38203125 0.5931034482758621 0.37890625 0.6155172413793103 0.3796875 0.6258620689655172 0.3765625 0.6327586206896552 0.3796875 0.6672413793103449 0.37578125 0.6724137931034483 0.378125 0.7086206896551724 0.378125 0.7206896551724138 0.375 0.7517241379310344 0.3765625 0.7603448275862068 0.37265625 0.7741379310344827 0.37578125 0.7844827586206897 0.371875 0.7965517241379311 0.37421875 0.810344827586207 0.371875 0.8275862068965518 0.37421875 0.8517241379310345 0.371875 0.8603448275862069 0.37421875 0.8758620689655172 0.37265625 0.8793103448275861 0.36640625 0.8931034482758621 0.371875 0.9051724137931034 0.36953125 0.8896551724137931 0.35390625 0.8896551724137931 0.34765625 0.9103448275862069 0.33671875 0.9 0.3203125 0.8844827586206897 0.3140625 0.8827586206896552 0.30859375 0.8758620689655172 0.31171875 0.8689655172413794 0.3078125 0.8568965517241379 0.3078125 0.8431034482758621 0.3125 0.8413793103448276 0.31796875 0.8344827586206897 0.3203125 0.8155172413793104 0.31171875 0.7948275862068965 0.31171875 0.789655172413793 0.309375 0.7775862068965517 0.3171875 0.7655172413793103 0.31484375 0.756896551724138 0.31640625 0.7362068965517241 0.30859375 0.7275862068965517 0.315625 0.7189655172413792 0.31484375 0.7155172413793103 0.3171875 0.7051724137931035 0.3171875 0.6982758620689655 0.31328125 0.6775862068965517 0.315625 0.6689655172413793 0.31015625 0.6413793103448275 0.31640625 0.6206896551724138 0.3140625 0.6189655172413793 0.31015625 0.6051724137931035 0.31640625 0.5913793103448276 0.31796875 0.5879310344827586 0.321875 0.5775862068965517 0.3171875 0.5534482758620689 0.32109375 0.5482758620689655 0.3171875 0.539655172413793 0.3203125 0.5224137931034483 0.3203125 0.5224137931034483 0.32421875 0.5293103448275862 0.32421875
0 0.8965517241379309 0.31171875 0.9 0.30546875 0.8931034482758621 0.3 0.8913793103448275 0.3109375 0.8965517241379309 0.31171875
0 0.8827586206896552 0.3046875 0.8793103448275861 0.3 0.8775862068965518 0.30390625 0.8827586206896552 0.3046875
0 0.8344827586206897 0.584375 0.8275862068965518 0.58203125 0.8258620689655173 0.584375 0.8344827586206897 0.584375
0 0.903448275862069 0.58125 0.8982758620689655 0.57734375 0.8948275862068966 0.58125 0.903448275862069 0.58125
0 0.77578125 0.575 0.003125 0.00078125
0 0.73671875 0.54375 0.0015625 0.00078125
0 0.5672413793103448 0.54296875 0.5810344827586207 0.5375 0.6293103448275862 0.5390625 0.6413793103448275 0.534375 0.6672413793103449 0.5375 0.7 0.53671875 0.7068965517241379 0.534375 0.7362068965517241 0.5375 0.753448275862069 0.5359375 0.7603448275862068 0.53046875 0.7741379310344827 0.5296875 0.789655172413793 0.53515625 0.8172413793103448 0.53125 0.8241379310344827 0.534375 0.8224137931034482 0.53203125 0.8396551724137931 0.5296875 0.85 0.53203125 0.8448275862068966 0.5375 0.8534482758620691 0.534375 0.8741379310344828 0.53359375 0.8896551724137931 0.54140625 0.903448275862069 0.5390625 0.9137931034482758 0.5328125 0.9258620689655173 0.5328125 0.9310344827586207 0.53046875 0.9172413793103449 0.5078125 0.9241379310344827 0.49765625 0.9172413793103449 0.49609375 0.9086206896551724 0.4984375 0.9051724137931034 0.50546875 0.8913793103448275 0.5015625 0.8724137931034482 0.50390625 0.7862068965517242 0.5015625 0.7827586206896552 0.5046875 0.7327586206896551 0.5046875 0.7258620689655173 0.50703125 0.6724137931034483 0.5046875 0.6637931034482759 0.50859375 0.6603448275862068 0.50390625 0.653448275862069 0.5046875 0.653448275862069 0.5 0.6379310344827587 0.5015625 0.6396551724137931 0.496875 0.6327586206896552 0.50546875 0.6224137931034484 0.509375 0.5982758620689654 0.50546875 0.5810344827586207 0.51015625 0.5758620689655173 0.5078125 0.5672413793103448 0.51015625 0.5568965517241379 0.50859375 0.5568965517241379 0.53984375 0.5672413793103448 0.54296875
0 0.6109375 0.48125 0.00546875 0.0015625
0 0.5482758620689655 0.45625 0.5482758620689655 0.4734375 0.5534482758620689 0.47890625 0.5689655172413792 0.4765625 0.5741379310344827 0.47890625 0.5948275862068966 0.47578125 0.6051724137931035 0.47734375 0.6086206896551725 0.47421875 0.6293103448275862 0.47265625 0.646551724137931 0.475 0.6568965517241379 0.471875 0.6672413793103449 0.47421875 0.7 0.471875 0.7120689655172414 0.47421875 0.7327586206896551 0.46875 0.7586206896551724 0.47109375 0.7775862068965517 0.465625 0.7844827586206897 0.4703125 0.789655172413793 0.46640625 0.8086206896551724 0.46875 0.8344827586206897 0.465625 0.8655172413793103 0.4671875 0.8724137931034482 0.4640625 0.8896551724137931 0.46640625 0.9172413793103449 0.46015625 0.9120689655172413 0.4453125 0.9224137931034482 0.4390625 0.9224137931034482 0.43515625 0.9086206896551724 0.43046875 0.8965517241379309 0.415625 0.8810344827586206 0.41328125 0.8758620689655172 0.40703125 0.8689655172413794 0.40625 0.8258620689655173 0.4078125 0.8224137931034482 0.41171875 0.8155172413793104 0.41171875 0.8068965517241379 0.40546875 0.7948275862068965 0.40859375 0.7637931034482759 0.409375 0.7482758620689655 0.4125 0.7396551724137931 0.41015625 0.6758620689655173 0.41015625 0.6586206896551724 0.41328125 0.6431034482758621 0.4109375 0.6206896551724138 0.4125 0.6137931034482759 0.415625 0.5862068965517241 0.415625 0.5810344827586207 0.41796875 0.5482758620689655 0.4203125 0.5413793103448276 0.4484375 0.5482758620689655 0.45625
0 0.89765625 0.7921875 0.0015625 0.0015625
0 0.8517241379310345 0.79296875 0.8482758620689654 0.790625 0.846551724137931 0.79296875 0.8517241379310345 0.79296875
0 0.7103448275862069 0.76328125 0.7051724137931035 0.7609375 0.7 0.76875 0.6603448275862068 0.76796875 0.65 0.76875 0.6431034482758621 0.77265625 0.6241379310344828 0.77109375 0.6155172413793103 0.77421875 0.5948275862068966 0.771875 0.5948275862068966 0.78671875 0.6017241379310344 0.790625 0.5982758620689654 0.79296875 0.6086206896551725 0.7890625 0.6206896551724138 0.78828125 0.6189655172413793 0.79375 0.6344827586206897 0.78828125 0.6482758620689655 0.7953125 0.6637931034482759 0.79375 0.6741379310344827 0.79765625 0.6793103448275862 0.79296875 0.689655172413793 0.796875 0.7137931034482758 0.79609375 0.7172413793103448 0.7921875 0.7327586206896551 0.790625 0.7344827586206897 0.79609375 0.7413793103448276 0.796875 0.75 0.79375 0.7528741379310344 0.79609375 0.7724137931034483 0.79609375 0.7706896551724138 0.79140625 0.7793103448275862 0.790625 0.8068965517241379 0.7921875 0.8206896551724137 0.7890625 0.8275862068965518 0.7921875 0.8396551724137931 0.78828125 0.8586206896551725 0.7875 0.8827586206896552 0.7921875 0.8879310344827586 0.7890625 0.9086206896551724 0.7859375 0.9241379310344827 0.78984375 0.9448275862068967 0.78828125 0.9327586206896552 0.7703125 0.9362068965517242 0.7671875 0.9517241379310345 0.76484375 0.9413793103448276 0.7515625 0.9310344827586207 0.7515625 0.9 0.75859375 0.8879310344827586 0.75546875 0.8827586206896552 0.76328125 0.8448275862068966 0.7640625 0.8431034482758621 0.76015625 0.8293103448275861 0.7546875 0.8344827586206897 0.75703125 0.8275862068965518 0.75859375 0.8206896551724137 0.75625 0.803448275862069 0.7625 0.7862068965517242 0.759375 0.7758620689655172 0.765625 0.7655172413793103 0.76640625 0.753448275862069 0.76640625 0.7379310344827587 0.759375 0.7258620689655173 0.759375 0.7189655172413792 0.7546875 0.7189655172413792 0.7609375 0.7103448275862069 0.76328125
0 0.7241379310344828 0.66875 0.7206896551724138 0.66796875 0.7189655172413792 0.67265625 0.7241379310344828 0.66875
0 0.5879310344827586 0.66953125 0.5810344827586207 0.67221015625 0.5862068965517241 0.7171875 0.5982758620689654 0.71796875 0.6224137931034484 0.7140625 0.6551724137931034 0.715625 0.6793103448275862 0.7109375 0.6931034482758621 0.7140625 0.7258620689655173 0.7109375 0.7931034482758621 0.71171875 0.8275862068965518 0.7078125 0.8362068965517242 0.709375 0.8431034482758621 0.70625 0.8931034482758621 0.70703125 0.9 0.70390625 0.9275862068965518 0.709375 0.939655172413793 0.709375 0.9431034482758621 0.70703125 0.9362068965517242 0.68671875 0.9448275862068967 0.67890625 0.9431034482758621 0.675 0.9224137931034482 0.66015625 0.903448275862069 0.65859375 0.8896551724137931 0.653125 0.8603448275862069 0.65390625 0.8568965517241379 0.65625 0.8482758620689654 0.6546875 0.8413793103448276 0.65703125 0.8275862068965518 0.65390625 0.8258620689655173 0.65703125 0.8155172413793104 0.65703125 0.8120689655172413 0.65390625 0.8051724137931033 0.65390625 0.8068965517241379 0.65703125 0.7948275862068965 0.659375 0.7724137931034483 0.65390625 0.7517241379310344 0.6546875 0.7344827586206897 0.6578125 0.7172413793103448 0.65703125 0.7086206896551724 0.66328125 0.7034482758620689 0.66171875 0.7034482758620689 0.65703125 0.6913793103448276 0.6578125 0.689655172413793 0.66640625 0.6810344827586207 0.66484375 0.6672413793103449 0.66796875 0.6551724137931034 0.66015625 0.6293103448275862 0.66015625 0.6155172413793103 0.66796875 0.6017241379310344 0.66328125 0.5810344827586207 0.66328125 0.5793103448275863 0.6671875 0.5879310344827586 0.66953125
0 0.596551724137931 0.775 0.6431034482758621 0.77265625 0.689655172413793 0.77421875 0.6982758620689655 0.77109375 0.7086206896551724 0.771875 0.7362068965517241 0.76796875 0.7551724137931035 0.76953125 0.8413793103448276 0.76640625 0.8517241379310345 0.76953125 0.9068965517241379 0.7640625 0.9206896551724137 0.76640625 0.9517241379310345 0.76484375 0.9413793103448276 0.7390625 0.9241379310344827 0.7375 0.85 0.7390625 0.8258620689655173 0.7421875 0.7948275862068965 0.740625 0.7775862068965517 0.7453125 0.7689655172413793 0.7421875 0.746551724137931 0.74140625 0.7120689655172414 0.7453125 0.6913793103448276 0.74296875 0.6655172413793103 0.746875 0.6241379310344828 0.746875 0.6051724137931035 0.75078125 0.5913793103448276 0.7484375 0.5913793103448276 0.7734375 0.596551724137931 0.775
0 0.5086206896551724 0.2515625 0.5086206896551724 0.25546875 0.5189655172413793 0.2546875 0.5155172413793103 0.25859375 0.5206896551724138 0.25390625 0.5344827586206897 0.2546875 0.5517241379310345 0.24921875 0.5534482758620689 0.25078125 0.5586206896551724 0.246875 0.5637931034482759 0.24921875 0.5913793103448276 0.25 0.6189655172413793 0.24609375 0.6327586206896552 0.246875 0.6362068965517241 0.24375 0.6603448275862068 0.24375 0.6672413793103449 0.246875 0.6844827586206896 0.24296875 0.6931034482758621 0.2453125 0.7258620689655173 0.2421875 0.7293103448275862 0.24453125 0.7413793103448276 0.24453125 0.7482758620689655 0.24140625 0.7741379310344827 0.23984375 0.7862068965517242 0.2421875 0.8172413793103448 0.240625 0.8327586206896551 0.24453125 0.8775862068965518 0.23984375 0.8965517241379309 0.24375 0.9068965517241379 0.2375 0.8741379310344828 0.2265625 0.8724137931034482 0.215625 0.8586206896551725 0.21640625 0.846551724137931 0.221875 0.8189655172413793 0.21484375 0.7965517241379311 0.21640625 0.7827586206896552 0.22109375 0.7637931034482759 0.21640625 0.7310344827586206 0.21875 0.7155172413793103 0.22265625 0.6844827586206896 0.22265625 0.6724137931034483 0.2203125 0.653448275862069 0.22421875 0.6275862068965516 0.2203125 0.5982758620689654 0.2234375 0.5879310344827586 0.2296875 0.5517241379310345 0.2296875 0.5448275862068965 0.2265625 0.5362068965517242 0.2265625 0.5293103448275862 0.2296875 0.5206896551724138 0.246875 0.5086206896551724 0.2515625
0 0.5758620689655173 0.65625 0.5810344827586207 0.659375 0.6017241379310344 0.6578125 0.6103448275862069 0.6546875 0.6293103448275862 0.6578125 0.65 0.6515625 0.6672413793103449 0.65 0.6965517241379311 0.65546875 0.7293103448275862 0.65078125 0.8344827586206897 0.6515625 0.8379310344827585 0.6484375 0.8793103448275861 0.65 0.8862068965517242 0.646875 0.9068965517241379 0.64921875 0.9362068965517242 0.64765625 0.9310344827586207 0.6296875 0.939655172413793 0.61796875 0.9206896551724137 0.60625 0.9103448275862069 0.59375 0.8965517241379309 0.59140625 0.8517241379310345 0.59375 0.8310344827586207 0.590625 0.8258620689655173 0.59296875 0.7948275862068965 0.59296875 0.7758620689655172 0.59609375 0.7413793103448276 0.59453125 0.7275862068965517 0.59765625 0.65 0.59765625 0.5706896551724138 0.6046875 0.5706896551724138 0.6359375 0.5758620689655173 0.65625
0 0.5568965517241379 0.48359375 0.5517241379310345 0.50546875 0.5620689655172414 0.540625 0.6155172413793103 0.53671875 0.6258620689655172 0.53828125 0.646551724137931 0.53359375 0.7379310344827587 0.53359375 0.7741379310344827 0.5296875 0.7844827586206897 0.53203125 0.803448275862069 0.5296875 0.8551724137931034 0.53203125 0.8655172413793103 0.5296875 0.8948275862068966 0.5375 0.9258620689655173 0.5296875 0.9189655172413793 0.5109375 0.9258620689655173 0.49765625 0.903448275862069 0.48046875 0.9068965517241379 0.47265625 0.9241379310344827 0.46796875 0.9120689655172413 0.4453125 0.9172413793103449 0.4359375 0.9068965517241379 0.43203125 0.8948275862068966 0.43203125 0.8862068965517242 0.43671875 0.8775862068965518 0.4375 0.8689655172413794 0.4328125 0.8517241379310345 0.43984375 0.8413793103448276 0.43671875 0.7965517241379311 0.44375 0.7793103448275862 0.440625 0.7741379310344827 0.44375 0.7551724137931035 0.44140625 0.7206896551724138 0.4453125 0.6879310344827586 0.44453125 0.6758620689655173 0.4484375 0.6741379310344827 0.4453125 0.6517241379310345 0.44765625 0.6396551724137931 0.44453125 0.6120689655172413 0.4484375 0.5913793103448276 0.4453125 0.5844827586206897 0.4484375 0.5637931034482759 0.4484375 0.5568965517241379 0.4515625 0.55 0.44921875 0.5482758620689655 0.4765625 0.5568965517241379 0.48359375
0 0.8810344827586206 0.4328125 0.8844827586206897 0.43203125 0.8775862068965518 0.4265625 0.8844827586206897 0.42578125 0.8862068965517242 0.42109375 0.8793103448275861 0.4234375 0.8741379310344828 0.43203125 0.8810344827586206 0.4328125
0 0.5931034482758621 0.71953125 0.6224137931034484 0.71640625 0.6603448275862068 0.71796875 0.6810344827586207 0.70625 0.6844827586206896 0.7140625 0.6948275862068966 0.72109375 0.7068965517241379 0.71640625 0.7155172413793103 0.71953125 0.7293103448275862 0.71328125 0.7413793103448276 0.71484375 0.75 0.7125 0.7655172413793103 0.7140625 0.7827586206896552 0.71171875 0.7948275862068965 0.7140625 0.8137931034482758 0.71015625 0.8362068965517242 0.71171875 0.8482758620689654 0.7078125 0.8931034482758621 0.709375 0.9 0.70625 0.9362068965517242 0.7109375 0.9448275862068967 0.7078125 0.9362068965517242 0.6875 0.9137931034482758 0.68203125 0.9120689655172413 0.68515625 0.9206896551724137 0.68828125 0.9206896551724137 0.69296875 0.9068965517241379 0.6984375 0.8931034482758621 0.69453125 0.8844827586206897 0.68359375 0.7724137931034483 0.68515625 0.7672413793103449 0.68828125 0.7224137931034483 0.6859375 0.7034482758620689 0.690625 0.6603448275862068 0.68828125 0.6482758620689655 0.69140625 0.6362068965517241 0.68984375 0.6275862068965516 0.6921875 0.603448275862069 0.6921875 0.5982758620689654 0.69609375 0.5931034482758621 0.69453125 0.5844827586206897 0.696875 0.5844827586206897 0.7171875 0.5931034482758621 0.71953125
0 0.6844827586206896 0.75546875 0.6810344827586207 0.75078125 0.6775862068965517 0.753125 0.6775862068965517 0.7578125 0.6844827586206896 0.75546875
0 0.6103448275862069 0.75546875 0.6086206896551725 0.75859375 0.6224137931034484 0.76015625 0.6224137931034484 0.7578125 0.6310344827586206 0.75625 0.6258620689655172 0.753125 0.6310344827586206 0.75078125 0.6189655172413793 0.74765625 0.6103448275862069 0.74921875 0.6206896551724138 0.753125 0.6103448275862069 0.75546875
0 0.9155172413793103 0.74765625 0.9103448275862069 0.74375 0.9103448275862069 0.7515625 0.9155172413793103 0.74765625
0 0.7862068965517242 0.74921875 0.7948275862068965 0.75234375 0.789655172413793 0.7546875 0.8017241379310345 0.75234375 0.810344827586207 0.74609375 0.810344827586207 0.74296875 0.7982758620689655 0.740625 0.7844827586206897 0.74375 0.7827586206896552 0.75078125 0.7862068965517242 0.74921875
0 0.5913793103448276 0.71953125 0.6189655172413793 0.7171875 0.6189655172413793 0.7203125 0.6293103448275862 0.7203125 0.6275862068965516 0.72421875 0.6189655172413793 0.725 0.6172413793103448 0.73203125 0.6103448275862069 0.7328125 0.6155172413793103 0.7421875 0.6258620689655172 0.73984375 0.6327586206896552 0.74296875 0.6362068965517241 0.740625 0.6603448275862068 0.740625 0.6672413793103449 0.73828125 0.6724137931034483 0.7421875 0.6931034482758621 0.740625 0.7 0.74296875 0.7137931034482758 0.73828125 0.7310344827586206 0.740625 0.7362068965517241 0.7390625 0.743103448275862 0.74453125 0.75 0.740625 0.7689655172413793 0.7390625 0.7724137931034483 0.74140625 0.7793103448275862 0.73671875 0.7982758620689655 0.73671875 0.8068965517241379 0.7328125 0.8224137931034482 0.73671875 0.8206896551724137 0.73828125 0.8362068965517242 0.7328125 0.8448275862068966 0.73671875 0.8448275862068966 0.75078125 0.8517241379310345 0.7515625 0.8568965517241379 0.74921875 0.8586206896551725 0.7515625 0.8620689655172413 0.74375 0.85 0.740625 0.8517241379310345 0.73671875 0.8586206896551725 0.73515625 0.8689655172413794 0.7390625 0.8758620689655172 0.7375 0.8793103448275861 0.7328125 0.8896551724137931 0.73203125 0.9 0.7390625 0.9241379310344827 0.73984375 0.9327586206896552 0.734375 0.9327586206896552 0.7234375 0.9241379310344827 0.71484375 0.9431034482758621 0.70625 0.9362068965517242 0.68984375 0.9431034482758621 0.6765625 0.9103448275862069 0.65390625 0.9 0.65625 0.8827586206896552 0.65078125 0.8655172413793103 0.653125 0.8517241379310345 0.6484375 0.8344827586206897 0.65546875 0.8275862068965518 0.653125 0.810344827586207 0.653125 0.8 0.64921875 0.7827586206896552 0.653125 0.7724137931034483 0.65078125 0.7620689655172413 0.6546875 0.7396551724137931 0.6515625 0.7224137931034483 0.65546875 0.6931034482758621 0.65703125 0.6568965517241379 0.65234375 0.6431034482758621 0.65390625 0.6396551724137931 0.659375 0.6086206896551725 0.6578125 0.5810344827586207 0.66171875 0.5844827586206897 0.7140625 0.5913793103448276 0.71953125
0 0.9379310344827585 0.78671875 0.9379310344827585 0.7828125 0.9310344827586207 0.7828125 0.9379310344827585 0.78671875
0 0.8051724137931033 0.7859375 0.7982758620689655 0.78359375 0.8 0.78984375 0.8051724137931033 0.7859375
0 0.6568965517241379 0.79296875 0.6689655172413793 0.7828125 0.6620689655172414 0.78125 0.6603448275862068 0.7765625 0.653448275862069 0.7796875 0.65 0.77734375 0.6448275862068965 0.778125 0.6448275862068965 0.78984375 0.6568965517241379 0.79296875
0 0.8862068965517242 0.78671875 0.8948275862068966 0.7828125 0.9 0.784375 0.8965517241379309 0.78046875 0.9017241379310346 0.77578125 0.8965517241379309 0.77109375 0.8931034482758621 0.77265625 0.8827586206896552 0.76953125 0.8775862068965518 0.771875 0.8758620689655172 0.78359375 0.8862068965517242 0.78671875
0 0.625 0.690625 0.0015625 0.00390625
0 0.5844827586206897 0.6703125 0.5862068965517241 0.6640625 0.5810344827586207 0.6640625 0.5844827586206897 0.6703125
0 0.5810344827586207 0.67421875 0.5844827586206897 0.69140625 0.5913793103448276 0.6921875 0.5931034482758621 0.6859375 0.6 0.68515625 0.6017241379310344 0.68046875 0.6137931034482759 0.6875 0.6068965517241379 0.690625 0.6086206896551725 0.69296875 0.6206896551724138 0.69296875 0.6327586206896552 0.68828125 0.6431034482758621 0.6890625 0.653448275862069 0.6859375 0.6637931034482759 0.7046875 0.6568965517241379 0.7140625 0.65 0.71640625 0.6241379310344828 0.71640625 0.6189655172413793 0.71015625 0.6189655172413793 0.71640625 0.6103448275862069 0.71953125 0.6017241379310344 0.71875 0.5982758620689654 0.715625 0.5896551724137931 0.71796875 0.5948275862068966 0.77421875 0.6120689655172413 0.775 0.6258620689655172 0.7828125 0.6327586206896552 0.7828125 0.6396551724137931 0.775 0.6672413793103449 0.7734375 0.6758620689655173 0.7796875 0.6913793103448276 0.778125 0.7017241379310344 0.78125 0.6982758620689655 0.7890625 0.7137931034482758 0.79375 0.7275862068965517 0.78671875 0.7275862068965517 0.7828125 0.753448275862069 0.7828125 0.7586206896551724 0.7875 0.7741379310344827 0.7890625 0.7793103448275862 0.78515625 0.7827586206896552 0.7859375 0.7810344827586206 0.778125 0.8 0.7703125 0.8293103448275861 0.78984375 0.846551724137931 0.784375 0.8448275862068966 0.77890625 0.8534482758620691 0.775 0.8586206896551725 0.77578125 0.8637931034482758 0.77265625 0.8689655172413794 0.775 0.8741379310344828 0.7671875 0.9017241379310346 0.765625 0.9086206896551724 0.76953125 0.9224137931034482 0.7703125 0.9293103448275861 0.76640625 0.946551724137931 0.76484375 0.9482758620689655 0.76015625 0.939655172413793 0.7484375 0.939655172413793 0.73828125 0.946551724137931 0.73203125 0.9275862068965518 0.7140625 0.9293103448275861 0.709375 0.9413793103448276 0.70625 0.9344827586206896 0.68359375 0.9448275862068967 0.678125 0.9189655172413793 0.66015625 0.903448275862069 0.659375 0.8896551724137931 0.653125 0.846551724137931 0.65390625 0.8379310344827585 0.65703125 0.8189655172413793 0.65390625 0.7965517241379311 0.65390625 0.7913793103448276 0.65703125 0.7 0.6578125 0.6827586206896552 0.66015625 0.6724137931034483 0.665625 0.6672413793103449 0.66484375 0.6672413793103449 0.66015625 0.6362068965517241 0.66015625 0.6224137931034484 0.6640625 0.6120689655172413 0.66171875 0.5931034482758621 0.66484375 0.5948275862068966 0.66953125 0.5810344827586207 0.67421875
0 0.846551724137931 0.63203125 0.8448275862068966 0.62890625 0.8344827586206897 0.63046875 0.8344827586206897 0.6359375 0.846551724137931 0.63203125
0 0.675 0.575 0.0015625 0.0015625
0 0.7448275862068965 0.57578125 0.7517241379310344 0.575 0.7551724137931035 0.5796875 0.7603448275862068 0.5796875 0.7655172413793103 0.57421875 0.756896551724138 0.57265625 0.7448275862068965 0.57265625 0.7448275862068965 0.57578125
0 0.7 0.57890625 0.7206896551724138 0.58125 0.7051724137931035 0.57109375 0.6913793103448276 0.5734375 0.6931034482758621 0.58359375 0.7 0.57890625
0 0.7275862068965517 0.57421875 0.7327586206896551 0.58125 0.7293103448275862 0.57265625 0.7344827586206897 0.5734375 0.7224137931034483 0.56953125 0.7189655172413792 0.575 0.7275862068965517 0.57421875
0 0.5879310344827586 0.62890625 0.6413793103448275 0.62578125 0.6741379310344827 0.62578125 0.6862068965517241 0.628125 0.6913793103448276 0.621875 0.753448275862069 0.621875 0.7758620689655172 0.625 0.789655172413793 0.62109375 0.8 0.62265625 0.803448275862069 0.61953125 0.810344827586207 0.62265625 0.8189655172413793 0.61953125 0.8241379310344827 0.6265625 0.8310344827586207 0.621875 0.8517241379310345 0.6203125 0.8586206896551725 0.6140625 0.8655172413793103 0.61796875 0.9017241379310346 0.6140625 0.9103448275862069 0.609375 0.9086206896551724 0.6046875 0.9206896551724137 0.59453125 0.9344827586206896 0.5921875 0.9362068965517242 0.5875 0.9241379310344827 0.57109375 0.9206896551724137 0.57265625 0.9120689655172413 0.5671875 0.9137931034482758 0.5765625 0.9068965517241379 0.58046875 0.9103448275862069 0.584375 0.8931034482758621 0.5859375 0.8827586206896552 0.58046875 0.8810344827586206 0.58671875 0.8724137931034482 0.58984375 0.8413793103448276 0.5859375 0.8155172413793104 0.5859375 0.810344827586207 0.590625 0.8051724137931033 0.58828125 0.8051724137931033 0.58203125 0.8224137931034482 0.578125 0.8241379310344827 0.56640625 0.8120689655172413 0.5734375 0.8068965517241379 0.5703125 0.7965517241379311 0.5734375 0.8051724137931033 0.5796875 0.7965517241379311 0.58359375 0.789655172413793 0.58125 0.7827586206896552 0.5859375 0.7706896551724138 0.5859375 0.7655172413793103 0.5890625 0.7396551724137931 0.59140625 0.7275862068965517 0.590625 0.7224137931034483 0.5875 0.7051724137931035 0.58828125 0.689655172413793 0.59453125 0.6706896551724137 0.590625 0.6637931034482759 0.59296875 0.646551724137931 0.59296875 0.6362068965517241 0.596875 0.5775862068965517 0.59375 0.5706896551724138 0.6015625 0.5706896551724138 0.61875 0.5879310344827586 0.62890625
0 0.8982758620689655 0.56796875 0.9086206896551724 0.5671875 0.8931034482758621 0.56640625 0.9 0.57421875 0.8982758620689655 0.56796875
0 0.8620689655172413 0.57578125 0.8655172413793103 0.58203125 0.8741379310344828 0.58125 0.8775862068965518 0.578125 0.8706896551724137 0.57578125 0.8775862068965518 0.57421875 0.8724137931034482 0.57265625 0.8758620689655172 0.56796875 0.8724137931034482 0.5671875 0.8655172413793103 0.57578125 0.8482758620689654 0.565625 0.8534482758620691 0.57578125 0.8620689655172413 0.57578125
0 0.8379310344827585 0.5671875 0.8413793103448276 0.5640625 0.8344827586206897 0.56328125 0.8310344827586207 0.565625 0.8379310344827585 0.5671875
0 0.5241379310344827 0.31015625 0.5344827586206897 0.315625 0.5534482758620689 0.31171875 0.5844827586206897 0.31328125 0.6051724137931035 0.30625 0.6137931034482759 0.309375 0.6327586206896552 0.30703125 0.646551724137931 0.3109375 0.6568965517241379 0.30859375 0.6706896551724137 0.3109375 0.6879310344827586 0.31015625 0.7017241379310344 0.30703125 0.7258620689655173 0.30703125 0.7344827586206897 0.30234375 0.7586206896551724 0.3078125 0.7931034482758621 0.30078125 0.810344827586207 0.3015625 0.8189655172413793 0.30390625 0.8206896551724137 0.3078125 0.8344827586206897 0.30625 0.8396551724137931 0.30234375 0.8534482758620691 0.30078125 0.8655172413793103 0.2953125 0.8775862068965518 0.29921875 0.8810344827586206 0.29765625 0.8706896551724137 0.2953125 0.8741379310344828 0.290625 0.8827586206896552 0.29140625 0.8827586206896552 0.28125 0.9051724137931034 0.271875 0.8965517241379309 0.2671875 0.8965517241379309 0.26328125 0.8896551724137931 0.271875 0.8793103448275861 0.26953125 0.8655172413793103 0.27265625 0.8517241379310345 0.27109375 0.8310344827586207 0.27421875 0.8310344827586207 0.2671875 0.8258620689655173 0.2703125 0.803448275862069 0.26875 0.8 0.27265625 0.789655172413793 0.271875 0.7844827586206897 0.26875 0.7775862068965517 0.2765625 0.7603448275862068 0.2765625 0.756896551724138 0.2734375 0.75 0.2734375 0.743103448275862 0.27578125 0.7275862068965517 0.275 0.7224137931034483 0.278125 0.7155172413793103 0.275 0.7051724137931035 0.278125 0.6775862068965517 0.27734375 0.6637931034482759 0.2796875 0.65 0.2640625 0.6413793103448275 0.2671875 0.6431034482758621 0.2734375 0.6189655172413793 0.28046875 0.5948275862068966 0.28203125 0.5913793103448276 0.2765625 0.5758620689655173 0.27890625 0.5706896551724138 0.27578125 0.5637931034482759 0.28125 0.5189655172413793 0.2875 0.5172413793103449 0.30078125 0.5241379310344827 0.31015625
0 0.8620689655172413 0.2515625 0.8603448275862069 0.24765625 0.8517241379310345 0.2484375 0.8620689655172413 0.2515625
0 0.7879310344827586 0.25625 0.7982758620689655 0.253125 0.8137931034482758 0.2546875 0.810344827586207 0.24765625 0.7862068965517242 0.25078125 0.7827586206896552 0.2546875 0.7879310344827586 0.25625
0 0.5827586206896551 0.4734375 0.5844827586206897 0.471875 0.5775862068965517 0.4703125 0.5844827586206897 0.46796875 0.5724137931034483 0.46953125 0.5758620689655173 0.4734375 0.5827586206896551 0.4734375
0 0.7609375 0.453125 0.0015625 0.00078125
0 0.8206896551724137 0.45625 0.8137931034482758 0.46328125 0.8275862068965518 0.46328125 0.8206896551724137 0.45546875 0.8258620689655173 0.44921875 0.8155172413793104 0.4484375 0.8120689655172413 0.44921875 0.8206896551724137 0.45625
0 0.5482758620689655 0.42109375 0.5465517241379311 0.44140625 0.55 0.4453125 0.5568965517241379 0.440625 0.5637931034482759 0.44609375 0.5758620689655173 0.44609375 0.5844827586206897 0.440625 0.5879310344827586 0.44375 0.6120689655172413 0.44375 0.6189655172413793 0.44609375 0.6413793103448275 0.44140625 0.65 0.4453125 0.6603448275862068 0.44296875 0.7068965517241379 0.4421875 0.7120689655172414 0.43984375 0.7189655172413792 0.44296875 0.7517241379310344 0.44296875 0.7706896551724138 0.44140625 0.7758620689655172 0.4359375 0.7931034482758621 0.44140625 0.8068965517241379 0.440625 0.8120689655172413 0.43359375 0.8189655172413793 0.4359375 0.8448275862068966 0.43359375 0.8551724137931034 0.43671875 0.8655172413793103 0.4328125 0.8689655172413794 0.43671875 0.8758620689655172 0.4375 0.8706896551724137 0.428125 0.8775862068965518 0.421875 0.8965517241379309 0.41875 0.8982758620689655 0.4109375 0.9189655172413793 0.40390625 0.9086206896551724 0.3859375 0.9137931034482758 0.37265625 0.9 0.36796875 0.8913793103448275 0.36953125 0.8827586206896552 0.3671875 0.8603448275862069 0.375 0.8413793103448276 0.37109375 0.8172413793103448 0.375 0.8051724137931033 0.37109375 0.789655172413793 0.37578125 0.7706896551724138 0.37421875 0.75 0.378125 0.7224137931034483 0.37578125 0.6948275862068966 0.37890625 0.6448275862068965 0.375 0.6379310344827587 0.37890625 0.6327586206896552 0.37734375 0.6310344827586206 0.38046875 0.6086206896551725 0.37890625 0.5913793103448276 0.38203125 0.5775862068965517 0.38046875 0.5344827586206897 0.384375 0.5362068965517242 0.41640625 0.5482758620689655 0.42109375
0 0.8931034482758621 0.3640625 0.8965517241379309 0.36171875 0.8931034482758621 0.359375 0.8931034482758621 0.3640625
0 0.88359375 0.359375 0.0015625 0.00234375
0 0.5379310344827586 0.39375 0.5448275862068965 0.4046875 0.5379310344827586 0.41484375 0.55 0.421875 0.55 0.43177109375 0.5568965517241379 0.43203125 0.55 0.43671875 0.5672413793103448 0.4375 0.5706896551724138 0.4421875 0.5724137931034483 0.4375 0.5844827586206897 0.4375 0.5948275862068966 0.44296875 0.6189655172413793 0.440625 0.6293103448275862 0.4359375 0.6431034482758621 0.4359375 0.653448275862069 0.440625 0.6706896551724137 0.43984375 0.6827586206896552 0.4359375 0.6879310344827586 0.43828125 0.7206896551724138 0.43984375 0.743103448275862 0.43671875 0.7517241379310344 0.4390625 0.7551724137931035 0.43671875 0.7689655172413793 0.43671875 0.7758620689655172 0.4328125 0.7879310344827586 0.4359375 0.8 0.4359375 0.810344827586207 0.43203125 0.8551724137931034 0.4328125 0.8689655172413794 0.42890625 0.8775862068965518 0.41953125 0.8965517241379309 0.415625 0.8982758620689655 0.409375 0.9155172413793103 0.4046875 0.9068965517241379 0.390625 0.9068965517241379 0.37890625 0.8879310344827586 0.37890625 0.8758620689655172 0.375 0.8586206896551725 0.378125 0.8293103448275861 0.378125 0.8206896551724137 0.37578125 0.7965517241379311 0.378125 0.7724137931034483 0.3765625 0.7672413793103449 0.37890625 0.7344827586206897 0.3796875 0.7189655172413792 0.3828125 0.7017241379310344 0.38046875 0.6603448275862068 0.38046875 0.65 0.37578125 0.6396551724137931 0.38203125 0.6293103448275862 0.38359375 0.5465517241379311 0.38671875 0.5465517241379311 0.390625 0.5379310344827586 0.39375
0 0.61015625 0.50078125 0.003125 0.0015625
0 0.60625 0.4875 0.0015625 0.00078125
0 0.5482758620689655 0.4578125 0.5482758620689655 0.47734375 0.5534482758620689 0.4796875 0.5810344827586207 0.475 0.6051724137931035 0.47578125 0.6086206896551725 0.4703125 0.6155172413793103 0.47421875 0.6310344827586206 0.47265625 0.6879310344827586 0.475 0.7775862068965517 0.46796875 0.789655172413793 0.47109375 0.8275862068965518 0.46640625 0.8637931034482758 0.46796875 0.8965517241379309 0.46484375 0.9103448275862069 0.4671875 0.9120689655172413 0.46328125 0.9172413793103449 0.4640625 0.9137931034482758 0.44453125 0.9241379310344827 0.4359375 0.9086206896551724 0.43046875 0.8948275862068966 0.41640625 0.8793103448275861 0.41640625 0.8603448275862069 0.4078125 0.8379310344827585 0.409375 0.8258620689655173 0.4171875 0.8172413793103448 0.41796875 0.8068965517241379 0.409375 0.8 0.40859375 0.7689655172413793 0.4109375 0.7551724137931035 0.4171875 0.7396551724137931 0.41171875 0.7137931034482758 0.4125 0.6982758620689655 0.41640625 0.6879310344827586 0.4125 0.65 0.415625 0.6224137931034484 0.4140625 0.6189655172413793 0.41640625 0.5913793103448276 0.41640625 0.5775862068965517 0.42578125 0.5655172413793104 0.4265625 0.5568965517241379 0.42109375 0.55 0.421875 0.5482758620689655 0.42578125 0.5413793103448276 0.44921875 0.5482758620689655 0.4578125
0 0.6172413793103448 0.7765625 0.6310344827586206 0.78046875 0.6517241379310345 0.79375 0.6603448275862068 0.79296875 0.6724137931034483 0.7859375 0.6724137931034483 0.78203125 0.6844827586206896 0.7796875 0.6982758620689655 0.7828125 0.7034482758620689 0.790625 0.7172413793103448 0.790625 0.7275862068965517 0.7828125 0.7206896551724138 0.7796875 0.7206896551724138 0.77578125 0.7327586206896551 0.77109375 0.7517241379310344 0.7765625 0.753448275862069 0.7828125 0.7672413793103449 0.78984375 0.7810344827586206 0.7890625 0.7965517241379311 0.7734375 0.8120689655172413 0.778125 0.8241379310344827 0.78984375 0.8413793103448276 0.7859375 0.8517241379310345 0.77421875 0.8655172413793103 0.77421875 0.8793103448275861 0.7859375 0.8913793103448275 0.78671875 0.9017241379310346 0.78359375 0.9103448275862069 0.7703125 0.9241379310344827 0.77109375 0.9293103448275861 0.76796875 0.9517241379310345 0.765625 0.9413793103448276 0.740625 0.9258620689655173 0.7375 0.85 0.7390625 0.8241379310344827 0.7421875 0.789655172413793 0.740625 0.7827586206896552 0.74453125 0.7482758620689655 0.74140625 0.7137931034482758 0.7453125 0.689655172413793 0.74375 0.6637931034482759 0.746875 0.6241379310344828 0.746875 0.6051724137931035 0.75 0.5913793103448276 0.7484375 0.5931034482758621 0.775 0.6172413793103448 0.7765625
0 0.63359375 0.584375 0.0015625 0.00078125
0 0.8689655172413794 0.578125 0.8672413793103448 0.5765625 0.8637931034482758 0.57734375 0.8689655172413794 0.578125
0 0.5793103448275863 0.58125 0.5948275862068966 0.5953125 0.6051724137931035 0.59296875 0.6017241379310344 0.58125 0.5844827586206897 0.58125 0.5741379310344827 0.575 0.5741379310344827 0.58046875 0.5793103448275863 0.58125
0 0.5672413793103448 0.57265625 0.5741379310344827 0.5734375 0.5775862068965517 0.56953125 0.5844827586206897 0.571875 0.603448275862069 0.5703125 0.6189655172413793 0.5765625 0.6241379310344828 0.57265625 0.65 0.5703125 0.65 0.57578125 0.6379310344827587 0.57890625 0.6379310344827587 0.584375 0.65 0.5921875 0.6706896551724137 0.5921875 0.6913793103448276 0.58203125 0.7017241379310344 0.58671875 0.7327586206896551 0.58828125 0.7396551724137931 0.584375 0.7448275862068965 0.5859375 0.7482758620689655 0.58125 0.7586206896551724 0.578125 0.7706896551724138 0.58671875 0.7793103448275862 0.58671875 0.7931034482758621 0.58515625 0.810344827586207 0.57578125 0.8172413793103448 0.584375 0.8413793103448276 0.5859375 0.8603448275862069 0.57734375 0.8672413793103448 0.56640625 0.8793103448275861 0.56875 0.8775862068965518 0.578125 0.8827586206896552 0.5859375 0.9017241379310346 0.584375 0.9137931034482758 0.575 0.9086206896551724 0.5671875 0.9344827586206896 0.5609375 0.9189655172413793 0.5515625 0.9068965517241379 0.53671875 0.8931034482758621 0.5390625 0.8724137931034482 0.53203125 0.8534482758620691 0.534375 0.8344827586206897 0.53125 0.7793103448275862 0.5328125 0.7137931034482758 0.5375 0.7017241379310344 0.534375 0.6741379310344827 0.5375 0.65 0.534375 0.6086206896551725 0.540625 0.6 0.53828125 0.5810344827586207 0.53828125 0.5637931034482759 0.5453125 0.5620689655172414 0.56875 0.5672413793103448 0.57265625
0 0.8068965517241379 0.33828125 0.8 0.3359375 0.8 0.33828125 0.8068965517241379 0.33828125
0 0.88828125 0.328125 0.003125 0.0015625
0 0.8568965517241379 0.328125 0.8551724137931034 0.3234375 0.8517241379310345 0.325 0.8568965517241379 0.328125
0 0.6551724137931034 0.32890625 0.6551724137931034 0.32421875 0.65 0.32265625 0.6448275862068965 0.328125 0.6551724137931034 0.32890625
0 0.5206896551724138 0.3203125 0.5258620689655172 0.32890625 0.5293103448275862 0.3265625 0.5362068965517242 0.32734375 0.5431034482758621 0.32109375 0.5620689655172414 0.3203125 0.5741379310344827 0.3234375 0.5862068965517241 0.31875 0.5982758620689654 0.321875 0.6293103448275862 0.31875 0.6362068965517241 0.32421875 0.6413793103448275 0.31875 0.6568965517241379 0.31953125 0.6603448275862068 0.32265625 0.6706896551724137 0.3171875 0.6879310344827586 0.3171875 0.7017241379310344 0.32421875 0.7120689655172414 0.31796875 0.7258620689655173 0.31875 0.7379310344827587 0.3140625 0.7551724137931035 0.315625 0.7706896551724138 0.325 0.7844827586206897 0.321875 0.7827586206896552 0.3265625 0.7879310344827586 0.32734375 0.7913793103448276 0.33359375 0.7948275862068965 0.33125 0.7844827586206897 0.3171875 0.7913793103448276 0.3140625 0.8275862068965518 0.31484375 0.8310344827586207 0.3171875 0.8689655172413794 0.31015625 0.8827586206896552 0.31796875 0.8965517241379309 0.31796875 0.8982758620689655 0.31015625 0.9068965517241379 0.30703125 0.8810344827586206 0.284375 0.8620689655172413 0.28359375 0.8517241379310345 0.27734375 0.8224137931034482 0.27734375 0.8155172413793104 0.27421875 0.7982758620689655 0.27578125 0.7931034482758621 0.2796875 0.7586206896551724 0.27890625 0.743103448275862 0.2859375 0.7293103448275862 0.28046875 0.7051724137931035 0.28125 0.6844827586206896 0.28828125 0.6741379310344827 0.28203125 0.6689655172413793 0.284375 0.6396551724137931 0.2828125 0.6189655172413793 0.28984375 0.5793103448275863 0.2859375 0.5706896551724138 0.2875 0.5586206896551724 0.2953125 0.5379310344827586 0.29921875 0.5293103448275862 0.31640625 0.5206896551724138 0.3203125
0 0.5086206896551724 0.2515625 0.5155172413793103 0.2625 0.5465517241379311 0.2515625 0.5775862068965517 0.25078125 0.5844827586206897 0.25390625 0.5948275862068966 0.25 0.6172413793103448 0.2484375 0.6310344827586206 0.2515625 0.6482758620689655 0.24609375 0.6672413793103449 0.24765625 0.6844827586206896 0.24453125 0.6965517241379311 0.24765625 0.8172413793103448 0.24296875 0.8275862068965518 0.246875 0.8413793103448276 0.246875 0.8551724137931034 0.2421875 0.8758620689655172 0.2421875 0.8913793103448275 0.2484375 0.9068965517241379 0.2375 0.8741379310344828 0.22578125 0.8741379310344828 0.21640625 0.8689655172413794 0.21484375 0.8568965517241379 0.21640625 0.8482758620689654 0.22109375 0.8172413793103448 0.21484375 0.7965517241379311 0.21640625 0.7827586206896552 0.22109375 0.7637931034482759 0.21640625 0.7327586206896551 0.21796875 0.7172413793103448 0.221875 0.6862068965517241 0.22265625 0.6689655172413793 0.2203125 0.653448275862069 0.22421875 0.6275862068965516 0.2203125 0.596551724137931 0.2234375 0.5844827586206897 0.2296875 0.5534482758620689 0.2296875 0.5448275862068965 0.2265625 0.5344827586206897 0.2265625 0.5275862068965517 0.23125 0.5206896551724138 0.24609375 0.5086206896551724 0.2515625
0 0.5844827586206897 0.6953125 0.6155172413793103 0.69296875 0.6224137931034484 0.69609375 0.6086206896551725 0.70078125 0.6 0.69921875 0.6051724137931035 0.70078125 0.6 0.70234375 0.6051724137931035 0.70859375 0.6017241379310344 0.7125 0.6068965517241379 0.7078125 0.6258620689655172 0.70859375 0.6293103448275862 0.6921875 0.6362068965517241 0.68984375 0.6620689655172414 0.6921875 0.6620689655172414 0.7046875 0.6741379310344827 0.70859375 0.6931034482758621 0.70390625 0.6913793103448276 0.7015625 0.6965517241379311 0.70234375 0.6879310344827586 0.69609375 0.6965517241379311 0.69140625 0.7137931034482758 0.6921875 0.7172413793103448 0.70546875 0.7379310344827587 0.7 0.7379310344827587 0.69140625 0.75 0.6875 0.7689655172413793 0.68828125 0.7758620689655172 0.6859375 0.7810344827586206 0.6875 0.7758620689655172 0.69296875 0.7810344827586206 0.7015625 0.7913793103448276 0.70078125 0.803448275862069 0.6953125 0.8 0.6890625 0.8120689655172413 0.6859375 0.8224137931034482 0.6859375 0.8413793103448276 0.69921875 0.8551724137931034 0.69921875 0.8620689655172413 0.69609375 0.8620689655172413 0.6890625 0.8775862068965518 0.68359375 0.8879310344827586 0.68515625 0.8913793103448275 0.69453125 0.9051724137931034 0.7 0.9206896551724137 0.69609375 0.9241379310344827 0.6859375 0.9362068965517242 0.684375 0.946551724137931 0.67890625 0.9206896551724137 0.65625 0.9 0.65546875 0.8827586206896552 0.6515625 0.8482758620689654 0.6515625 0.8344827586206897 0.65546875 0.7913793103448276 0.653125 0.6965517241379311 0.6578125 0.6586206896551724 0.65703125 0.5862068965517241 0.6609375 0.5793103448275863 0.66328125 0.5810344827586207 0.69296875 0.5844827586206897 0.6953125