0 0.29765625 0.5953125 0.0015625 0.0015625
0 0.30517241379310345 0.54140625 0.30689655172413793 0.5328125 0.3 0.5296875 0.2982758620689655 0.53984375 0.30517241379310345 0.54140625
0 0.27586206896551724 0.62265625 0.28793103448275864 0.62578125 0.2827586206896552 0.63046875 0.27586206896551724 0.628125 0.2775862068965517 0.65078125 0.29655172413793107 0.6484375 0.3 0.653125 0.3103448275862069 0.65234375 0.3275862068965517 0.65859375 0.3568965517241379 0.65390625 0.37241379310344824 0.65390625 0.3896551724137931 0.6484375 0.43965517241379304 0.64375 0.47586206896551725 0.63359375 0.4931034482758621 0.63359375 0.5086206896551724 0.6296875 0.5051724137931035 0.61171875 0.5172413793103449 0.58203125 0.5172413793103449 0.5578125 0.5293103448275862 0.50859375 0.5241379310344827 0.50078125 0.5155172413793103 0.5 0.5 0.50390625 0.4603448275862069 0.5 0.4413793103448276 0.5015625 0.41206896551724137 0.5140625 0.38620689655172413 0.51328125 0.37241379310344824 0.51484375 0.3655172413793103 0.51875 0.35172413793103446 0.5171875 0.34655172413793106 0.5203125 0.3413793103448276 0.5203125 0.3413793103448276 0.51796875 0.3396551724137931 0.52265625 0.3293103448275862 0.52265625 0.3275862068965517 0.5109375 0.32068965517241377 0.51484375 0.3103448275862069 0.5125 0.31896551724137934 0.51484375 0.31724137931034485 0.51796875 0.3103448275862069 0.51875 0.3275862068965517 0.5234375 0.32068965517241377 0.52578125 0.3275862068965517 0.527734375 0.3120689655172414 0.5390625 0.3120689655172414 0.54453125 0.30689655172413793 0.5453125 0.3137931034482758 0.553125 0.3 0.5578125 0.2896551724137931 0.55546875 0.2827586206896552 0.57265625 0.2827586206896552 0.5828125 0.2896551724137931 0.5859375 0.2827586206896552 0.58671875 0.2827586206896552 0.590625 0.2982758620689655 0.6015625 0.3 0.60625 0.29482758620689653 0.609375 0.3 0.6125 0.29482758620689653 0.61484375 0.2793103448275862 0.6125 0.27586206896551724 0.615625 0.2827586206896552 0.61640625 0.27586206896551724 0.62265625
0 0.23448275862068962 0.64375 0.2603448275862069 0.64453125 0.2689655172413793 0.63671875 0.27586206896551724 0.5703125 0.28793103448275864 0.54453125 0.28793103448275864 0.51796875 0.29310344827586204 0.50859375 0.2896551724137931 0.5015625 0.27413793103448275 0.49765625 0.23103448275862068 0.49453125 0.21724137931034485 0.54453125 0.20517241379310341 0.63515625 0.23448275862068962 0.64375
0 0.04655172413793103 0.55390625 0.058620689655172406 0.5328125 0.056896551724137934 0.50625 0.06724137931034482 0.48125 0.06551724137931034 0.46328125 0.056896551724137934 0.46015625 0.03620689655172414 0.459375 0.03275862068965517 0.46328125 0.027586206896551724 0.50546875 0.025862068965517244 0.55234375 0.04655172413793103 0.55390625
0 0.09482758620689655 0.6125 0.12241379310344827 0.6203125 0.14655172413793102 0.6234375 0.16551724137931034 0.52890625 0.16724137931034483 0.490625 0.1568965517241379 0.4828125 0.11896551724137931 0.478125 0.11206896551724137 0.48046875 0.11551724137931034 0.484375 0.10517241379310345 0.50546875 0.1 0.5359375 0.10517241379310345 0.565625 0.09482758620689655 0.6125
0 0.14655172413793102 0.590625 0.14827586206896554 0.6234375 0.1810344827586207 0.6328125 0.19827586206896552 0.634375 0.2103448275862069 0.60703125 0.22931034482758622 0.49375 0.22241379310344828 0.490625 0.17413793103448277 0.484375 0.16379310344827586 0.4875 0.16206896551724137 0.53984375 0.14655172413793102 0.590625
0 0.4 0.57890625 0.39655172413793105 0.61640625 0.3879310344827586 0.6375 0.3879310344827586 0.64765625 0.3931034482758621 0.65 0.4413793103448276 0.64375 0.4517241379310345 0.63984375 0.46206896551724136 0.59375 0.4637931034482759 0.553125 0.48103448275862065 0.51640625 0.4775862068965517 0.503125 0.47241379310344833 0.50078125 0.4362068965517241 0.50234375 0.4224137931034483 0.50625 0.41034482758620683 0.5140625 0.4086206896551724 0.56328125 0.4 0.57890625
0 0.020689655172413793 0.5984375 0.043103448275862065 0.60234375 0.04827586206896552 0.596875 0.04655172413793103 0.55625 0.025862068965517244 0.55390625 0.0034482758620689655 0.56015625 0.005172413793103448 0.5921875 0.020689655172413793 0.5984375
0 0.4517241379310345 0.6296875 0.45517241379310347 0.63984375 0.5 0.63359375 0.5103448275862068 0.6296875 0.5120689655172413 0.59609375 0.5224137931034483 0.584375 0.5293103448275862 0.55859375 0.5258620689655172 0.53671875 0.5379310344827586 0.50234375 0.5327586206896552 0.49765625 0.5137931034482759 0.496875 0.4775862068965517 0.5015625 0.4793103448275862 0.515625 0.4706896551724138 0.52578125 0.46206896551724136 0.5625 0.46206896551724136 0.59296875 0.4517241379310345 0.6296875
0 0.31724137931034485 0.6609375 0.3310344827586207 0.6609375 0.37241379310344824 0.65390625 0.38448275862068965 0.64296875 0.39655172413793105 0.575 0.40344827586206894 0.5671875 0.4051724137931035 0.51171875 0.35 0.51484375 0.3258620689655172 0.5078125 0.3 0.50546875 0.29482758620689653 0.50703125 0.2896551724137931 0.51640625 0.28793103448275864 0.5484375 0.27413793103448275 0.5875 0.27241379310344827 0.65 0.31724137931034485 0.6609375
0 0.9448275862068967 0.4640625 0.9982758620689655 0.4671875 0.9948275862068966 0.45234375 0.9517241379310345 0.45234375 0.939655172413793 0.45546875 0.9379310344827585 0.46171875 0.9448275862068967 0.4640625
0 0.16034482758620688 0.6265625 0.25689655172413794 0.646875 0.26724137931034486 0.6375 0.27241379310344827 0.57421875 0.28620689655172415 0.54296875 0.2896551724137931 0.503125 0.27586206896551724 0.4984375 0.24137931034482757 0.49609375 0.21551724137931033 0.4890625 0.20344827586206896 0.49140625 0.2103448275862069 0.49453125 0.2103448275862069 0.4984375 0.20517241379310341 0.503125 0.20172413793103447 0.5234375 0.19482758620689655 0.52890625 0.17758620689655172 0.5234375 0.17413793103448277 0.525 0.1810344827586207 0.5265625 0.17413793103448277 0.52953125 0.18275862068965515 0.53359375 0.17413793103448277 0.5340625 0.17241379310344826 0.5609375 0.16379310344827586 0.565625 0.1568965517241379 0.58046875 0.15344827586206897 0.60625 0.15172413793103448 0.62265625 0.16034482758620688 0.6265625
0 0.19827586206896552 0.49453125 0.19482758620689655 0.4875 0.18620689655172412 0.4875 0.19137931034482758 0.490625 0.19137931034482758 0.49328125 0.19827586206896552 0.49453125
0 0.1896551724137931 0.49296875 0.19137931034482758 0.49765625 0.19137931034482758 0.49328125 0.1896551724137931 0.49296875
0 0.1810344827586207 0.490625 0.18275862068965515 0.4875 0.17413793103448277 0.48828125 0.1810344827586207 0.490625
0 0.04827586206896552 0.5515625 0.05 0.60234375 0.05517241379310345 0.60546875 0.09137931034482757 0.6125 0.09655172413793103 0.61015625 0.10517241379310345 0.5609375 0.10172413793103448 0.5265625 0.11206896551724137 0.4828125 0.10689655172413792 0.4765625 0.09137931034482757 0.4734375 0.06724137931034482 0.4765625 0.05 0.50546875 0.058620689655172406 0.51796875 0.04827586206896552 0.5515625
0 0.5086206896551724 0.60703125 0.5086206896551724 0.6234375 0.5137931034482759 0.6296875 0.55 0.6234375 0.5603448275862069 0.61015625 0.5620689655172414 0.584375 0.5724137931034483 0.57109375 0.5793103448275863 0.50390625 0.5758620689655173 0.49453125 0.5603448275862069 0.49453125 0.5362068965517242 0.49921875 0.5241379310344827 0.5265625 0.5206896551724138 0.571875 0.5086206896551724 0.60703125
0 0.03046875 0.5984375 0.0015625 0.00078125
0 0.017241379310344827 0.59453125 0.008620689655172414 0.58671875 0.006896551724137931 0.59140625 0.017241379310344827 0.59453125
0 0.25862068965517243 0.4828125 0.26724137931034486 0.48046875 0.253448275862069 0.48046875 0.2517241379310345 0.4765625 0.24655172413793106 0.4765625 0.24310344827586206 0.478125 0.2551724137931034 0.48125 0.2597701149425287 0.4854166666666667 0.25862068965517243 0.4828125
0 0.26724137931034486 0.4875 0.2613300492610838 0.4868303571428571 0.26379310344827583 0.4890625 0.26724137931034486 0.4875
0 0.29375 0.4671875 0.0015625 0.00078125
0 0.3137931034482758 0.47109375 0.3137931034482758 0.46640625 0.3103448275862069 0.4625 0.3137931034482758 0.47109375
0 0.056896551724137934 0.540625 0.06379310344827585 0.5484375 0.05517241379310345 0.56015625 0.058620689655172406 0.56640625 0.04482758620689655 0.57265625 0.05 0.6015625 0.09137931034482757 0.6125 0.1396551724137931 0.6203125 0.1706896551724138 0.6296875 0.2689655172413793 0.6484375 0.32241379310344825 0.66171875 0.4224137931034483 0.64453125 0.4413793103448276 0.64375 0.4793103448275862 0.634375 0.5189655172413793 0.6296875 0.5568965517241379 0.61953125 0.5706896551724138 0.61953125 0.6396551724137931 0.60625 0.653448275862069 0.60625 0.7068965517241379 0.5953125 0.743103448275862 0.59140625 0.7620689655172413 0.58515625 0.7724137931034483 0.58515625 0.8672413793103448 0.565625 0.8896551724137931 0.5640625 0.8931034482758621 0.56171875 0.9344827586206896 0.55703125 0.9637931034482758 0.55078125 0.9827586206896551 0.55 0.9982758620689655 0.5453125 0.9982758620689655 0.47890625 0.993103448275862 0.47421875 0.9844827586206897 0.4734375 0.9844827586206897 0.4703125 0.953448275862069 0.4671875 0.9379310344827585 0.47109375 0.8810344827586206 0.46328125 0.8310344827586207 0.46875 0.8086206896551724 0.46875 0.8 0.4640625 0.789655172413793 0.465625 0.7827586206896552 0.46328125 0.7758620689655172 0.46640625 0.7724137931034483 0.46328125 0.756896551724138 0.47265625 0.7517241379310344 0.47109375 0.7551724137931035 0.46640625 0.7482758620689655 0.46328125 0.7448275862068965 0.4671875 0.6931034482758621 0.4671875 0.6793103448275862 0.471875 0.6431034482758621 0.4703125 0.6396551724137931 0.47265625 0.6189655172413793 0.47421875 0.5844827586206897 0.47109375 0.5775862068965517 0.47421875 0.5741379310344827 0.4703125 0.55 0.4734375 0.5431034482758621 0.4703125 0.5258620689655172 0.471875 0.5172413793103449 0.46875 0.4862068965517241 0.46953125 0.48793103448275865 0.46640625 0.48275862068965514 0.4671875 0.4844827586206897 0.47109375 0.44827586206896547 0.46953125 0.4362068965517241 0.4671875 0.43103448275862066 0.46328125 0.3896551724137931 0.46328125 0.3896551724137931 0.459375 0.38448275862068965 0.46015625 0.3879310344827586 0.46484375 0.38275862068965516 0.4734375 0.3689655172413793 0.46796875 0.3620689655172414 0.46953125 0.35172413793103446 0.46328125 0.33620689655172414 0.46484375 0.33275862068965517 0.46015625 0.31896551724137934 0.46328125 0.32241379310344825 0.47421875 0.31724137931034485 0.478125 0.30517241379310345 0.48203125 0.2982758620689655 0.48203125 0.29655172413793107 0.4796875 0.2793103448275862 0.48125 0.3103448275862069 0.484375 0.32068965517241377 0.48125 0.32413793103448274 0.48515625 0.33275862068965517 0.4828125 0.34310344827586203 0.48515625 0.3413793103448276 0.48671875 0.3620689655172414 0.48828125 0.3689655172413793 0.49375 0.3620689655172414 0.496875 0.32068965517241377 0.49453125 0.3103448275862069 0.50546875 0.29137931034482756 0.503125 0.2793103448275862 0.496875 0.26379310344827583 0.49375 0.24482758620689654 0.49453125 0.21724137931034485 0.48671875 0.22586206896551725 0.4765625 0.22241379310344828 0.47265625 0.23275862068965517 0.46953125 0.23103448275862068 0.465625 0.22586206896551725 0.465625 0.23275862068965517 0.45625 0.22931034482758622 0.45859375 0.22586206896551725 0.45625 0.22413793103448273 0.4625 0.2189655172413793 0.46328125 0.2206896551724138 0.471875 0.21551724137931033 0.4734375 0.21379310344827585 0.4703125 0.20344827586206896 0.46875 0.20344827586206896 0.465625 0.19310344827586207 0.46328125 0.18620689655172412 0.4640625 0.18448275862068966 0.4671875 0.17413793103448277 0.4671875 0.16724137931034483 0.45859375 0.16206896551724137 0.4625 0.15344827586206897 0.4625 0.16034482758620688 0.47578125 0.1568965517241379 0.47734375 0.15517241379310345 0.4734375 0.15044977511244378 0.4748641304347826 0.15344827586206897 0.4765625 0.15 0.4796875 0.12586206896551724 0.47578125 0.12586206896551724 0.47265625 0.11896551724137931 0.47578125 0.10862068965517242 0.475 0.10517241379310345 0.46328125 0.09827586206896552 0.46328125 0.09655172413793103 0.46875 0.08620689655172413 0.471875 0.08103448275862069 0.4625 0.03793103448275862 0.4625 0.039655172413793106 0.48828125 0.03103448275862069 0.5015625 0.029310344827586203 0.5359375 0.034482758620689655 0.53671875 0.03793103448275862 0.5453125 0.056896551724137934 0.540625
0 0.18515625 0.45703125 0.0015625 0.0015625
0 0.12931034482758622 0.47109375 0.13275862068965516 0.4625 0.12586206896551724 0.45625 0.12413793103448276 0.465625 0.12931034482758622 0.47109375
0 0.25862068965517243 0.46328125 0.2706896551724138 0.46328125 0.27241379310344827 0.45859375 0.2603448275862069 0.45625 0.2551724137931034 0.46015625 0.25862068965517243 0.46328125
0 0.5448275862068965 0.62265625 0.55 0.61953125 0.5448275862068965 0.61875 0.5482758620689655 0.61328125 0.5344827586206897 0.62265625 0.5448275862068965 0.62265625
0 0.5362068965517242 0.60390625 0.539655172413793 0.60078125 0.5344827586206897 0.60078125 0.5362068965517242 0.60390625
0 0.5293103448275862 0.6046875 0.5275862068965517 0.6 0.5241379310344827 0.60234375 0.5293103448275862 0.6046875
0 0.53125 0.5953125 0.003125 0.00234375
0 0.5551724137931034 0.5984375 0.55 0.58671875 0.5465517241379311 0.5890625 0.5482758620689655 0.60859375 0.5551724137931034 0.5984375
0 0.5672413793103448 0.55 0.5672413793103448 0.5328125 0.5637931034482759 0.534375 0.5603448275862069 0.553125 0.5672413793103448 0.55
0 0.54921875 0.5265625 0.0015625 0.00234375
0 0.5551724137931034 0.5109375 0.5482758620689655 0.5140625 0.5534482758620689 0.51640625 0.5637931034482759 0.50859375 0.5706896551724138 0.50859375 0.5724137931034483 0.5 0.5620689655172414 0.49921875 0.55 0.503125 0.5482758620689655 0.51015625 0.5551724137931034 0.5109375
0 0.29310344827586204 0.65 0.2982758620689655 0.65390625 0.32413793103448274 0.65703125 0.3275862068965517 0.659375 0.43965517241379304 0.64375 0.47586206896551725 0.634375 0.496551724137931 0.63359375 0.5275862068965517 0.62578125 0.5258620689655172 0.62109375 0.5155172413793103 0.62265625 0.5103448275862068 0.61953125 0.5103448275862068 0.609375 0.5275862068965517 0.58125 0.5293103448275862 0.54921875 0.5241379310344827 0.540625 0.5275862068965517 0.525 0.5431034482758621 0.515625 0.5344827586206897 0.50546875 0.5431034482758621 0.50078125 0.5120689655172413 0.4984375 0.5017241379310345 0.5015625 0.4413793103448276 0.5015625 0.4275862068965517 0.5046875 0.41034482758620683 0.51328125 0.38620689655172413 0.51328125 0.3655172413793103 0.51875 0.33620689655172414 0.51640625 0.3275862068965517 0.51015625 0.30517241379310345 0.51015625 0.29482758620689653 0.51796875 0.29482758620689653 0.54375 0.2775862068965517 0.59140625 0.27586206896551724 0.65078125 0.29310344827586204 0.65
0 0.6603448275862068 0.60546875 0.6879310344827586 0.596875 0.7051724137931035 0.50625 0.7051724137931035 0.49140625 0.6948275862068966 0.4875 0.6775862068965517 0.48984375 0.6517241379310345 0.48671875 0.6293103448275862 0.49453125 0.6310344827586206 0.5015625 0.6241379310344828 0.5140625 0.6275862068965516 0.5203125 0.6206896551724138 0.5296875 0.6155172413793103 0.5625 0.6086206896551725 0.575 0.6086206896551725 0.61171875 0.6603448275862068 0.60546875
0 0.5706896551724138 0.61953125 0.6051724137931035 0.61328125 0.6172413793103448 0.54921875 0.6275862068965516 0.52578125 0.6293103448275862 0.4953125 0.6241379310344828 0.4921875 0.5982758620689654 0.49296875 0.5810344827586207 0.496875 0.5689655172413792 0.5515625 0.5724137931034483 0.57265625 0.5637931034482759 0.58203125 0.5603448275862069 0.6171875 0.5706896551724138 0.61953125