0 0.41847826086956524 0.5967741935483871 0.4320652173913043 0.5927419354838709 0.4429347826086956 0.6068548387096774 0.4538043478260869 0.594758064516129 0.4728260869565217 0.5967741935483871 0.4755434782608695 0.6048387096774193 0.49728260869565216 0.5887096774193548 0.5108695652173914 0.5887096774193548 0.5271739130434783 0.5987903225806451 0.532608695652174 0.5866935483870968 0.5271739130434783 0.564516129032258 0.4320652173913043 0.564516129032258 0.4130434782608695 0.5705645161290323 0.4103260869565217 0.5907258064516129 0.41847826086956524 0.5967741935483871
0 0.3777173913043478 0.4899193548387097 0.3777173913043478 0.5060483870967742 0.40489130434782605 0.625 0.5271739130434783 0.6189516129032258 0.5407608695652174 0.5141129032258064 0.5353260869565217 0.4798387096774193 0.5135869565217391 0.469758064516129 0.4429347826086956 0.469758064516129 0.42934782608695654 0.4637096774193548 0.40760869565217395 0.467741935483871 0.39402173913043476 0.4536290322580645 0.3858695652173913 0.4596774193548387 0.38858695652173914 0.4778225806451613 0.3777173913043478 0.4899193548387097
0 0.47578125 0.44453125 0.00546875 0.00234375
0 0.9103260869565217 0.2096774193548387 0.9619565217391305 0.20766129032258066 0.9701086956521738 0.2157258064516129 0.9728260869565217 0.20161290322580644 0.9864130434782608 0.19959677419354838 0.9891304347826086 0.18951612903225806 0.9619565217391305 0.16532258064516128 0.8532608695652174 0.16733870967741934 0.8369565217391305 0.17943548387096772 0.8423913043478259 0.20161290322580644 0.9103260869565217 0.2096774193548387
0 0.5733695652173914 0.5342741935483871 0.5815217391304348 0.5241935483870968 0.595108695652174 0.530241935483871 0.671195652173913 0.532258064516129 0.6820652173913043 0.502016129032258 0.6059782608695652 0.5 0.5815217391304348 0.4939516129032258 0.5489130434782609 0.5120967741935484 0.5489130434782609 0.5362903225806451 0.5733695652173914 0.5342741935483871
0 0.3559782608695652 0.1875 0.36141304347826086 0.37701612903225806 0.3695652173913043 0.3850806451612903 0.3641304347826087 0.3971774193548387 0.37228260869565216 0.4012096774193548 0.37228260869565216 0.4254032258064516 0.3804347826086957 0.41129032258064513 0.37228260869565216 0.3850806451612903 0.39402173913043476 0.36491935483870963 0.38858695652173914 0.344758064516129 0.3967391304347826 0.33870967741935487 0.3967391304347826 0.2842741935483871 0.40760869565217395 0.2782258064516129 0.40760869565217395 0.2540322580645161 0.3777173913043478 0.2096774193548387 0.3668478260869565 0.16935483870967744 0.358695652173913 0.16532258064516128 0.3695652173913043 0.1875 0.3559782608695652 0.1875
0 0.4021739130434782 0.6149193548387097 0.41847826086956524 0.6088709677419355 0.4483695652173913 0.6149193548387097 0.45652173913043476 0.6229838709677419 0.45652173913043476 0.6129032258064516 0.4755434782608695 0.6088709677419355 0.48641304347826086 0.6209677419354839 0.48641304347826086 0.6149193548387097 0.5027173913043479 0.6088709677419355 0.5244565217391304 0.6189516129032258 0.5407608695652174 0.5120967741935484 0.5353260869565217 0.4798387096774193 0.5108695652173914 0.469758064516129 0.4755434782608695 0.469758064516129 0.4157608695652174 0.4778225806451613 0.40760869565217395 0.4838709677419355 0.3967391304347826 0.4798387096774193 0.391304347826087 0.4858870967741935 0.3804347826086957 0.5161290322580645 0.4021739130434782 0.6149193548387097
0 0.5760869565217391 0.24596774193548385 0.5896739130434783 0.2701612903225806 0.5652173913043479 0.37701612903225806 0.5706521739130435 0.4314516129032258 0.5869565217391304 0.4294354838709677 0.5978260869565217 0.4375 0.608695652173913 0.4294354838709677 0.6929347826086956 0.4274193548387097 0.701086956521739 0.4193548387096774 0.6983695652173914 0.4032258064516129 0.720108695652174 0.33870967741935487 0.717391304347826 0.3165322580645161 0.7282608695652174 0.30241935483870963 0.717391304347826 0.2701612903225806 0.5760869565217391 0.1814516129032258 0.5570652173913043 0.18346774193548387 0.5597826086956521 0.1935483870967742 0.5489130434782609 0.20161290322580644 0.532608695652174 0.19153225806451613 0.5244565217391304 0.19556451612903225 0.5271739130434783 0.21169354838709675 0.5760869565217391 0.24596774193548385
0 0.54609375 0.1828125 0.00546875 0.00234375
0 0.6766304347826086 0.6108870967741935 0.7744565217391304 0.6088709677419355 0.7880434782608695 0.6048387096774193 0.7989130434782609 0.5846774193548387 0.8206521739130433 0.5040322580645161 0.7989130434782609 0.4879032258064516 0.7663043478260869 0.4959677419354839 0.7119565217391304 0.4959677419354839 0.701086956521739 0.4899193548387097 0.6875 0.5080645161290323 0.6793478260869565 0.5403225806451613 0.6684782608695652 0.5907258064516129 0.6766304347826086 0.6108870967741935
0 0.8695652173913043 0.5423387096774193 0.8777173913043479 0.5423387096774193 0.875 0.5362903225806451 0.8858695652173912 0.5282258064516129 0.9266304347826086 0.5282258064516129 0.9375 0.5383064516129032 0.9538043478260869 0.5282258064516129 0.9728260869565217 0.4798387096774193 0.9673913043478259 0.4596774193548387 0.9945652173913043 0.4435483870967742 0.9945652173913043 0.39919354838709675 0.9864130434782608 0.39314516129032256 0.9538043478260869 0.3911290322580645 0.9429347826086957 0.3709677419354839 0.9103260869565217 0.3850806451612903 0.8586956521739131 0.5120967741935484 0.8559782608695652 0.532258064516129 0.8695652173913043 0.5423387096774193
0 0.059782608695652176 0.375 0.07608695652173912 0.3689516129032258 0.07880434782608695 0.3568548387096774 0.06521739130434782 0.3346774193548387 0.03804347826086956 0.24193548387096775 0.016304347826086956 0.12298387096774192 0.002717391304347826 0.1129032258064516 0 0.3729838709677419 0.059782608695652176 0.375
0 0.7364130434782609 0.33669354838709675 0.7309782608695652 0.3870967741935484 0.7608695652173914 0.3911290322580645 0.763586956521739 0.3971774193548387 0.7880434782608695 0.3911290322580645 0.7880434782608695 0.405241935483871 0.7907608695652174 0.39314516129032256 0.8152173913043479 0.39314516129032256 0.8342391304347826 0.4213709677419355 0.8478260869565217 0.4213709677419355 0.8505434782608695 0.41129032258064513 0.8722826086956521 0.39919354838709675 0.8804347826086957 0.36491935483870963 0.8940217391304348 0.34879032258064513 0.8913043478260869 0.3286290322580645 0.8641304347826086 0.30241935483870963 0.8288043478260869 0.282258064516129 0.7418478260869565 0.282258064516129 0.75 0.3225806451612903 0.7364130434782609 0.33669354838709675
0 0.9836956521739131 0.17137096774193547 0.9836956521739131 0.16330645161290322 0.9972826086956521 0.15524193548387097 0.9918478260869564 0 0.9538043478260869 0.004032258064516129 0.951086956521739 0.024193548387096774 0.9320652173913043 0.04838709677419355 0.9266304347826086 0.08064516129032258 0.9103260869565217 0.10685483870967742 0.9076086956521738 0.1592741935483871 0.9836956521739131 0.17137096774193547
0 0.826086956521739 0.18346774193548387 0.8342391304347826 0.19959677419354838 0.9130434782608695 0.2096774193548387 0.9320652173913043 0.20564516129032256 0.9293478260869564 0.18951612903225806 0.8913043478260869 0.16733870967741934 0.8165760869565217 0.16330645161290322 0.8097826086956521 0.1754032258064516 0.7989130434782609 0.16330645161290322 0.7989130434782609 0.17338709677419356 0.826086956521739 0.18346774193548387
0 0.826086956521739 0.4233870967741935 0.8478260869565217 0.4314516129032258 0.8559782608695652 0.4133064516129032 0.8722826086956521 0.4032258064516129 0.875 0.3790322580645161 0.8940217391304348 0.344758064516129 0.8913043478260869 0.33064516129032256 0.8641304347826086 0.30241935483870963 0.8288043478260869 0.282258064516129 0.7418478260869565 0.282258064516129 0.75 0.32056451612903225 0.7364130434782609 0.3346774193548387 0.7364130434782609 0.3568548387096774 0.7228260869565217 0.3790322580645161 0.720108695652174 0.4274193548387097 0.826086956521739 0.4233870967741935
0 0.37228260869565216 0.34879032258064513 0.3668478260869565 0.3689516129032258 0.391304347826087 0.3709677419354839 0.3858695652173913 0.38911290322580644 0.4021739130434782 0.38306451612903225 0.4429347826086956 0.4012096774193548 0.5271739130434783 0.4012096774193548 0.5353260869565217 0.3911290322580645 0.5489130434782609 0.3951612903225806 0.5434782608695652 0.36693548387096775 0.5570652173913043 0.3568548387096774 0.5570652173913043 0.32056451612903225 0.5652173913043479 0.31048387096774194 0.5543478260869565 0.2620967741935484 0.5407608695652174 0.25201612903225806 0.529891304347826 0.2600806451612903 0.5217391304347826 0.2560483870967742 0.5054347826086956 0.20766129032258066 0.4538043478260869 0.16129032258064516 0.3967391304347826 0.15725806451612903 0.38858695652173914 0.16733870967741934 0.3777173913043478 0.16129032258064516 0.37228260869565216 0.17137096774193547 0.3695652173913043 0.16330645161290322 0.36141304347826086 0.16532258064516128 0.3641304347826087 0.30443548387096775 0.37228260869565216 0.34879032258064513
0 0.8668478260869564 0.5443548387096774 0.9402173913043479 0.5423387096774193 0.9565217391304348 0.530241935483871 0.9619565217391305 0.5040322580645161 0.8722826086956521 0.5040322580645161 0.8559782608695652 0.5221774193548387 0.8532608695652174 0.5342741935483871 0.8668478260869564 0.5443548387096774
0 0.671195652173913 0.16733870967741934 0.7364130434782609 0.19556451612903225 0.7934782608695652 0.20161290322580644 0.8423913043478259 0.1975806451612903 0.8994565217391305 0.20564516129032256 0.9293478260869564 0.20161290322580644 0.9184782608695652 0.1875 0.8777173913043479 0.16733870967741934 0.6929347826086956 0.15725806451612903 0.671195652173913 0.16129032258064516 0.671195652173913 0.16733870967741934
0 0.6168478260869565 0.5987903225806451 0.654891304347826 0.6108870967741935 0.6739130434782609 0.5504032258064516 0.6793478260869565 0.4959677419354839 0.6304347826086956 0.4959677419354839 0.625 0.4899193548387097 0.6005434782608695 0.4959677419354839 0.5788043478260869 0.4879032258064516 0.5543478260869565 0.502016129032258 0.546195652173913 0.5181451612903226 0.5434782608695652 0.6149193548387097 0.6168478260869565 0.5987903225806451
0 0.8288043478260869 0.23588709677419356 0.8233695652173912 0.2540322580645161 0.8369565217391305 0.2842741935483871 0.861413043478261 0.2943548387096774 0.8994565217391305 0.3286290322580645 0.923913043478261 0.32661290322580644 0.9347826086956521 0.31451612903225806 0.9565217391304348 0.24193548387096775 0.9320652173913043 0.2318548387096774 0.8777173913043479 0.2318548387096774 0.8777173913043479 0.21975806451612906 0.8695652173913043 0.2318548387096774 0.8288043478260869 0.2338709677419355 0.8206521739130433 0.21774193548387094 0.8097826086956521 0.2217741935483871 0.8288043478260869 0.23588709677419356
0 0.4538043478260869 0.38306451612903225 0.4592391304347826 0.3729838709677419 0.4483695652173913 0.3790322580645161 0.4538043478260869 0.38306451612903225
0 0.44021739130434784 0.3790322580645161 0.42934782608695654 0.3729838709677419 0.42391304347826086 0.38306451612903225 0.44021739130434784 0.3790322580645161
0 0.42119565217391297 0.36693548387096775 0.5570652173913043 0.3629032258064516 0.5625 0.3548387096774194 0.5597826086956521 0.33064516129032256 0.5434782608695652 0.32056451612903225 0.48369565217391297 0.3225806451612903 0.4646739130434782 0.3165322580645161 0.4483695652173913 0.3225806451612903 0.42119565217391297 0.32056451612903225 0.4130434782608695 0.32661290322580644 0.39945652173913043 0.34879032258064513 0.42119565217391297 0.36693548387096775
0 0.4157608695652174 0.5604838709677419 0.532608695652174 0.5564516129032258 0.5380434782608695 0.5161290322580645 0.5271739130434783 0.5040322580645161 0.44021739130434784 0.5100806451612903 0.42934782608695654 0.5060483870967742 0.4157608695652174 0.5080645161290323 0.40489130434782605 0.5221774193548387 0.4021739130434782 0.5362903225806451 0.4157608695652174 0.5604838709677419
0 0.5896739130434783 0.16935483870967744 0.654891304347826 0.21975806451612906 0.782608695652174 0.2157258064516129 0.796195652173913 0.20564516129032256 0.796195652173913 0.19959677419354838 0.717391304347826 0.19153225806451613 0.6603260869565217 0.16330645161290322 0.638586956521739 0.1592741935483871 0.5896739130434783 0.1592741935483871 0.5896739130434783 0.16935483870967744
0 0 0.3729838709677419 0.0625 0.375 0.07880434782608695 0.36693548387096775 0.07608695652173912 0.344758064516129 0.06521739130434782 0.33669354838709675 0.043478260869565216 0.2560483870967742 0.03804347826086956 0.24798387096774194 0.021739130434782608 0.24596774193548385 0 0.25 0 0.3729838709677419
0 0.010869565217391304 0.23991935483870966 0.021739130434782608 0.2379032258064516 0.021739130434782608 0.2258064516129032 0.002717391304347826 0.21975806451612906 0 0.2318548387096774 0.010869565217391304 0.23991935483870966
0 0.4578125 0.375 0.00234375 0.00390625
0 0.553125 0.3046875 0.0078125 0.00390625
0 0.40234375 0.24296875 0.00546875 0.00234375
0 0.3777173913043478 0.2096774193548387 0.39402173913043476 0.2318548387096774 0.4021739130434782 0.2379032258064516 0.4130434782608695 0.23588709677419356 0.4157608695652174 0.24596774193548385 0.40489130434782605 0.2943548387096774 0.4130434782608695 0.32056451612903225 0.40760869565217395 0.3568548387096774 0.4375 0.3629032258064516 0.5271739130434783 0.35887096774193544 0.5353260869565217 0.344758064516129 0.5407608695652174 0.3508064516129032 0.5489130434782609 0.34879032258064513 0.5353260869565217 0.33064516129032256 0.5516304347826086 0.33064516129032256 0.5489130434782609 0.3245967741935484 0.5244565217391304 0.3245967741935484 0.5217391304347826 0.3185483870967742 0.5489130434782609 0.31048387096774194 0.5407608695652174 0.30241935483870963 0.5543478260869565 0.29637096774193544 0.5570652173913043 0.28629032258064513 0.5516304347826086 0.2782258064516129 0.532608695652174 0.282258064516129 0.5244565217391304 0.27419354838709675 0.5054347826086956 0.2721774193548387 0.5135869565217391 0.2600806451612903 0.48641304347826086 0.25201612903225806 0.5135869565217391 0.22983870967741934 0.5054347826086956 0.20766129032258066 0.4782608695652174 0.1774193548387097 0.45108695652173914 0.1592741935483871 0.3641304347826087 0.1592741935483871 0.36141304347826086 0.17338709677419356 0.3777173913043478 0.2096774193548387
0 0.1983695652173913 0.10483870967741934 0.1956521739130435 0.12903225806451613 0.22010869565217392 0.1350806451612903 0.22826086956521738 0.12903225806451613 0.27989130434782605 0.13709677419354838 0.3125 0.13306451612903225 0.33695652173913043 0.13709677419354838 0.3559782608695652 0.14919354838709678 0.40760869565217395 0.1350806451612903 0.4021739130434782 0.11693548387096775 0.4103260869565217 0.10685483870967742 0.4157608695652174 0.04435483870967742 0.4103260869565217 0.012096774193548387 0.34510869565217395 0.004032258064516129 0.3152173913043478 0.020161290322580645 0.27989130434782605 0.010080645161290322 0.2717391304347826 0.0020161290322580645 0.26358695652173914 0.01411290322580645 0.19293478260869565 0.012096774193548387 0.18206521739130435 0.020161290322580645 0.19021739130434784 0.0967741935483871 0.1983695652173913 0.10483870967741934
0 0.36953125 0.3328125 0.00546875 0.00390625
0 0.38315217391304346 0.2560483870967742 0.375 0.2540322580645161 0.37228260869565216 0.26411290322580644 0.38315217391304346 0.2560483870967742
0 0.3695652173913043 0.1774193548387097 0.3668478260869565 0.16330645161290322 0.36141304347826086 0.1814516129032258 0.3695652173913043 0.1774193548387097
0 0.38858695652173914 0.2258064516129032 0.38315217391304346 0.23588709677419356 0.4021739130434782 0.26814516129032256 0.39945652173913043 0.27419354838709675 0.3858695652173913 0.2721774193548387 0.375 0.2883064516129032 0.3967391304347826 0.31048387096774194 0.3858695652173913 0.33064516129032256 0.38858695652173914 0.34879032258064513 0.37228260869565216 0.3568548387096774 0.38315217391304346 0.37701612903225806 0.3668478260869565 0.39314516129032256 0.3695652173913043 0.4254032258064516 0.3804347826086957 0.4375 0.3695652173913043 0.4516129032258064 0.391304347826087 0.4798387096774193 0.3804347826086957 0.4919354838709677 0.3804347826086957 0.5141129032258064 0.4021739130434782 0.6189516129032258 0.40760869565217395 0.625 0.5217391304347826 0.6209677419354839 0.532608695652174 0.6129032258064516 0.5543478260869565 0.35887096774193544 0.5489130434782609 0.3467741935483871 0.5543478260869565 0.3125 0.5625 0.3084677419354839 0.5543478260869565 0.26814516129032256 0.5353260869565217 0.2560483870967742 0.5190217391304348 0.2560483870967742 0.5054347826086956 0.2096774193548387 0.4538043478260869 0.16330645161290322 0.3967391304347826 0.15725806451612903 0.3858695652173913 0.16733870967741934 0.3777173913043478 0.16129032258064516 0.37228260869565216 0.18951612903225806 0.37228260869565216 0.20766129032258066 0.38858695652173914 0.2258064516129032
0 0.5788043478260869 0.4979838709677419 0.6766304347826086 0.4959677419354839 0.6956521739130435 0.4395161290322581 0.6358695652173914 0.4334677419354839 0.6331521739130435 0.4435483870967742 0.6195652173913043 0.4475806451612903 0.6168478260869565 0.4616935483870968 0.6032608695652174 0.4516129032258064 0.6059782608695652 0.4395161290322581 0.5788043478260869 0.4375 0.5597826086956521 0.4475806451612903 0.5543478260869565 0.5060483870967742 0.5788043478260869 0.4979838709677419
0 0.7880434782608695 0.4556451612903226 0.779891304347826 0.4475806451612903 0.7744565217391304 0.4798387096774193 0.7880434782608695 0.4556451612903226
0 0.7391304347826086 0.33870967741935487 0.7391304347826086 0.3629032258064516 0.7282608695652174 0.3810483870967742 0.7445652173913043 0.4032258064516129 0.7282608695652174 0.4233870967741935 0.7608695652173914 0.4213709677419355 0.7744565217391304 0.4294354838709677 0.7989130434782609 0.4254032258064516 0.8016304347826086 0.4314516129032258 0.7880434782608695 0.4435483870967742 0.7989130434782609 0.4435483870967742 0.8016304347826086 0.4536290322580645 0.7907608695652174 0.469758064516129 0.796195652173913 0.47379032258064513 0.8097826086956521 0.4657258064516129 0.8152173913043479 0.4838709677419355 0.8315217391304348 0.4879032258064516 0.826086956521739 0.4979838709677419 0.8396739130434783 0.4939516129032258 0.8423913043478259 0.502016129032258 0.8505434782608695 0.4899193548387097 0.8369565217391305 0.4838709677419355 0.8586956521739131 0.47379032258064513 0.875 0.4375 0.8641304347826086 0.4294354838709677 0.8804347826086957 0.4133064516129032 0.8940217391304348 0.33064516129032256 0.826086956521739 0.282258064516129 0.7418478260869565 0.28629032258064513 0.7527173913043479 0.3245967741935484 0.7391304347826086 0.33870967741935487
0 0.8505434782608695 0.5383064516129032 0.8478260869565217 0.5241935483870968 0.8695652173913043 0.4556451612903226 0.8532608695652174 0.4596774193548387 0.826086956521739 0.502016129032258 0.8179347826086957 0.5443548387096774 0.8505434782608695 0.5383064516129032
0 0.4945652173913043 0.17943548387096772 0.5842391304347826 0.2661290322580645 0.595108695652174 0.2923387096774194 0.5842391304347826 0.2923387096774194 0.5842391304347826 0.3084677419354839 0.6005434782608695 0.30241935483870963 0.6222826086956521 0.3064516129032258 0.6331521739130435 0.3004032258064516 0.6467391304347826 0.3064516129032258 0.6440217391304348 0.2943548387096774 0.657608695652174 0.2883064516129032 0.7228260869565217 0.2842741935483871 0.7146739130434783 0.26411290322580644 0.5788043478260869 0.1774193548387097 0.5135869565217391 0.17137096774193547 0.4945652173913043 0.17338709677419356 0.4945652173913043 0.17943548387096772
0 0.7418478260869565 0.19556451612903225 0.8233695652173912 0.1975806451612903 0.8532608695652174 0.17338709677419356 0.8505434782608695 0.16733870967741934 0.861413043478261 0.16733870967741934 0.7717391304347826 0.16330645161290322 0.7527173913043479 0.15725806451612903 0.671195652173913 0.1592741935483871 0.6739130434782609 0.16935483870967744 0.7418478260869565 0.19556451612903225
0 0.654891304347826 0.4334677419354839 0.6657608695652174 0.4274193548387097 0.6956521739130435 0.4314516129032258 0.7038043478260869 0.4254032258064516 0.701086956521739 0.39314516129032256 0.6902173913043479 0.3790322580645161 0.6793478260869565 0.3911290322580645 0.657608695652174 0.3850806451612903 0.6440217391304348 0.39314516129032256 0.592391304347826 0.38911290322580644 0.5788043478260869 0.3790322580645161 0.5760869565217391 0.38911290322580644 0.5652173913043479 0.39314516129032256 0.5652173913043479 0.4375 0.654891304347826 0.4334677419354839
0 0.8804347826086957 0.36088709677419356 0.8722826086956521 0.3689516129032258 0.8777173913043479 0.37701612903225806 0.8722826086956521 0.3911290322580645 0.8641304347826086 0.39314516129032256 0.8668478260869564 0.4032258064516129 0.826086956521739 0.5040322580645161 0.8233695652173912 0.5403225806451613 0.8396739130434783 0.5403225806451613 0.8478260869565217 0.532258064516129 0.8559782608695652 0.4979838709677419 0.875 0.4657258064516129 0.8831521739130433 0.4173387096774193 0.8967391304347826 0.405241935483871 0.9130434782608695 0.3326612903225806 0.8858695652173912 0.3185483870967742 0.8586956521739131 0.344758064516129 0.8668478260869564 0.35887096774193544 0.8804347826086957 0.36088709677419356
0 0.5027173913043479 0.4556451612903226 0.5 0.4516129032258064 0.49184782608695654 0.4516129032258064 0.5027173913043479 0.4556451612903226
0 0.4130434782608695 0.4516129032258064 0.42391304347826086 0.4435483870967742 0.49728260869565216 0.4435483870967742 0.5489130434782609 0.4354838709677419 0.546195652173913 0.4133064516129032 0.5570652173913043 0.39314516129032256 0.5543478260869565 0.3729838709677419 0.5407608695652174 0.35887096774193544 0.5190217391304348 0.36491935483870963 0.44021739130434784 0.36491935483870963 0.38858695652173914 0.3568548387096774 0.38315217391304346 0.34879032258064513 0.3858695652173913 0.36088709677419356 0.37228260869565216 0.36088709677419356 0.3695652173913043 0.375 0.37228260869565216 0.4173387096774193 0.4130434782608695 0.4516129032258064
0 0 0.3064516129032258 0 0.3729838709677419 0.07065217391304349 0.3729838709677419 0.0625 0.3286290322580645 0.05163043478260869 0.3225806451612903 0.002717391304347826 0.3165322580645161 0 0.3064516129032258
0 0.3695652173913043 0.25 0.3695652173913043 0.27620967741935487 0.3858695652173913 0.282258064516129 0.38315217391304346 0.2883064516129032 0.3967391304347826 0.3004032258064516 0.42391304347826086 0.3004032258064516 0.4130434782608695 0.31451612903225806 0.44565217391304346 0.31451612903225806 0.44565217391304346 0.2782258064516129 0.4538043478260869 0.2701612903225806 0.4592391304347826 0.27620967741935487 0.47010869565217395 0.2721774193548387 0.4619565217391305 0.2721774193548387 0.47010869565217395 0.2620967741935484 0.45652173913043476 0.24798387096774194 0.4592391304347826 0.24193548387096775 0.4728260869565217 0.22983870967741934 0.5108695652173914 0.23588709677419356 0.5054347826086956 0.2096774193548387 0.4538043478260869 0.1592741935483871 0.36141304347826086 0.15725806451612903 0.36141304347826086 0.2439516129032258 0.3695652173913043 0.25
0 0.7744565217391304 0.6068548387096774 0.7907608695652174 0.5987903225806451 0.8505434782608695 0.4435483870967742 0.8559782608695652 0.4092741935483871 0.875 0.37701612903225806 0.8804347826086957 0.3286290322580645 0.8804347826086957 0.3185483870967742 0.826086956521739 0.282258064516129 0.7418478260869565 0.282258064516129 0.7472826086956521 0.3245967741935484 0.720108695652174 0.3810483870967742 0.7146739130434783 0.4334677419354839 0.6956521739130435 0.4778225806451613 0.6766304347826086 0.5604838709677419 0.6766304347826086 0.6088709677419355 0.7744565217391304 0.6068548387096774
0 0.3875 0.27890625 0.00234375 0.00625
0 0.38858695652173914 0.29838709677419356 0.3804347826086957 0.33870967741935487 0.3967391304347826 0.3568548387096774 0.39945652173913043 0.38306451612903225 0.4782608695652174 0.3850806451612903 0.5 0.3951612903225806 0.5054347826086956 0.3850806451612903 0.5135869565217391 0.3911290322580645 0.546195652173913 0.3790322580645161 0.546195652173913 0.36693548387096775 0.5570652173913043 0.3629032258064516 0.5625 0.34879032258064513 0.5652173913043479 0.30241935483870963 0.5543478260869565 0.27620967741935487 0.4945652173913043 0.2701612903225806 0.48641304347826086 0.27620967741935487 0.44021739130434784 0.27620967741935487 0.4320652173913043 0.26814516129032256 0.4103260869565217 0.2701612903225806 0.40760869565217395 0.28024193548387094 0.38315217391304346 0.2943548387096774 0.375 0.2883064516129032 0.37228260869565216 0.2923387096774194 0.38858695652173914 0.29838709677419356
0 0.9701086956521738 0.4778225806451613 0.9782608695652174 0.4879032258064516 0.9945652173913043 0.469758064516129 0.9864130434782608 0.4536290322580645 0.8967391304347826 0.4516129032258064 0.8994565217391305 0.4798387096774193 0.9701086956521738 0.4778225806451613
0 0.8722826086956521 0.5423387096774193 0.8858695652173912 0.530241935483871 0.9266304347826086 0.530241935483871 0.923913043478261 0.5383064516129032 0.9565217391304348 0.530241935483871 0.9864130434782608 0.4395161290322581 0.9945652173913043 0.4334677419354839 0.9945652173913043 0.36693548387096775 0.9646739130434783 0.36491935483870963 0.9565217391304348 0.35887096774193544 0.9375 0.3629032258064516 0.9157608695652174 0.3790322580645161 0.8695652173913043 0.4899193548387097 0.861413043478261 0.530241935483871 0.8722826086956521 0.5423387096774193
0 0.529891304347826 0.5887096774193548 0.5380434782608695 0.5161290322580645 0.5244565217391304 0.502016129032258 0.42119565217391297 0.5040322580645161 0.40489130434782605 0.5120967741935484 0.38315217391304346 0.5080645161290323 0.39945652173913043 0.5887096774193548 0.529891304347826 0.5887096774193548
0 0.48641304347826086 0.4818548387096774 0.48097826086956524 0.4758064516129032 0.4755434782608695 0.4798387096774193 0.48641304347826086 0.4818548387096774
0 0.8967391304347826 0.5060483870967742 0.8994565217391305 0.4959677419354839 0.9103260869565217 0.5040322580645161 0.923913043478261 0.5040322580645161 0.9320652173913043 0.4919354838709677 0.9483695652173912 0.5 0.9701086956521738 0.4879032258064516 0.9972826086956521 0.4274193548387097 0.9945652173913043 0.36491935483870963 0.9701086956521738 0.3407258064516129 0.9755434782608695 0.3346774193548387 0.9701086956521738 0.33870967741935487 0.9592391304347826 0.3326612903225806 0.9619565217391305 0.34274193548387094 0.951086956521739 0.3528225806451613 0.9402173913043479 0.34879032258064513 0.9266304347826086 0.3548387096774194 0.9021739130434783 0.39919354838709675 0.8722826086956521 0.5080645161290323 0.8967391304347826 0.5060483870967742
0 0.5788043478260869 0.47379032258064513 0.5815217391304348 0.4879032258064516 0.6222826086956521 0.4818548387096774 0.625 0.4717741935483871 0.6331521739130435 0.469758064516129 0.638586956521739 0.4758064516129032 0.6413043478260869 0.467741935483871 0.6684782608695652 0.4657258064516129 0.6766304347826086 0.47379032258064513 0.6956521739130435 0.4536290322580645 0.6929347826086956 0.4334677419354839 0.6684782608695652 0.4274193548387097 0.5625 0.4375 0.5543478260869565 0.4657258064516129 0.5788043478260869 0.47379032258064513
0 0.9347826086956521 0.3850806451612903 0.9320652173913043 0.39314516129032256 0.9864130434782608 0.4153225806451613 0.9972826086956521 0.39919354838709675 0.9945652173913043 0.36088709677419356 0.9565217391304348 0.3528225806451613 0.9456521739130433 0.3568548387096774 0.9402173913043479 0.344758064516129 0.9266304347826086 0.3548387096774194 0.9211956521739131 0.36491935483870963 0.9347826086956521 0.3850806451612903
0 0.9609375 0.3359375 0.00234375 0.00234375
0 0.51796875 0.37109375 0.00234375 0.00390625
0 0.3858695652173913 0.4516129032258064 0.3858695652173913 0.469758064516129 0.39945652173913043 0.4818548387096774 0.40760869565217395 0.47379032258064513 0.45652173913043476 0.4778225806451613 0.5081521739130435 0.467741935483871 0.532608695652174 0.47379032258064513 0.5434782608695652 0.469758064516129 0.5543478260869565 0.39919354838709675 0.5489130434782609 0.37701612903225806 0.5353260869565217 0.3850806451612903 0.5108695652173914 0.3850806451612903 0.5054347826086956 0.3790322580645161 0.48641304347826086 0.3850806451612903 0.42119565217391297 0.3850806451612903 0.4130434782608695 0.3790322580645161 0.4021739130434782 0.3850806451612903 0.38858695652173914 0.3689516129032258 0.37228260869565216 0.3810483870967742 0.37228260869565216 0.4354838709677419 0.3858695652173913 0.4516129032258064
0 0.5434782608695652 0.3729838709677419 0.5380434782608695 0.36693548387096775 0.532608695652174 0.3689516129032258 0.5434782608695652 0.3729838709677419
0 0.5434782608695652 0.6088709677419355 0.5733695652173914 0.6008064516129032 0.5978260869565217 0.6048387096774193 0.6032608695652174 0.5987903225806451 0.654891304347826 0.6028225806451613 0.6657608695652174 0.5826612903225806 0.6820652173913043 0.4919354838709677 0.6820652173913043 0.469758064516129 0.671195652173913 0.467741935483871 0.6657608695652174 0.4576612903225806 0.6902173913043479 0.4475806451612903 0.6902173913043479 0.4375 0.6793478260869565 0.4455645161290322 0.671195652173913 0.4354838709677419 0.625 0.4375 0.6195652173913043 0.4516129032258064 0.6059782608695652 0.4495967741935484 0.5978260869565217 0.4395161290322581 0.5679347826086956 0.4415322580645161 0.5570652173913043 0.4516129032258064 0.5597826086956521 0.47379032258064513 0.5489130434782609 0.5 0.5407608695652174 0.5504032258064516 0.5434782608695652 0.6088709677419355
0 0.9048913043478259 0.4516129032258064 0.9891304347826086 0.4576612903225806 0.9972826086956521 0.4274193548387097 0.9375 0.4133064516129032 0.9266304347826086 0.4193548387096774 0.9103260869565217 0.4153225806451613 0.9076086956521738 0.4375 0.8913043478260869 0.4375 0.8913043478260869 0.4596774193548387 0.9048913043478259 0.4516129032258064
0 0.592391304347826 0.5806451612903226 0.6277173913043479 0.5806451612903226 0.6603260869565217 0.5887096774193548 0.6956521739130435 0.4536290322580645 0.6902173913043479 0.4334677419354839 0.6358695652173914 0.4314516129032258 0.5625 0.4415322580645161 0.5543478260869565 0.4495967741935484 0.5434782608695652 0.5463709677419355 0.5434782608695652 0.5887096774193548 0.592391304347826 0.5806451612903226
0 0.4021739130434782 0.2338709677419355 0.5108695652173914 0.23588709677419356 0.5054347826086956 0.20766129032258066 0.4538043478260869 0.1592741935483871 0.41847826086956524 0.1532258064516129 0.36141304347826086 0.15725806451612903 0.3777173913043478 0.20766129032258066 0.4021739130434782 0.2338709677419355
0 0.425 0.6078125 0.00234375 0.00234375
0 0.3804347826086957 0.502016129032258 0.3804347826086957 0.5181451612903226 0.4021739130434782 0.6028225806451613 0.4266304347826087 0.5987903225806451 0.44565217391304346 0.6088709677419355 0.44565217391304346 0.5987903225806451 0.5271739130434783 0.5987903225806451 0.5407608695652174 0.5201612903225806 0.5380434782608695 0.4798387096774193 0.5108695652173914 0.467741935483871 0.4266304347826087 0.469758064516129 0.4103260869565217 0.4778225806451613 0.4021739130434782 0.469758064516129 0.39402173913043476 0.4717741935483871 0.4021739130434782 0.4758064516129032 0.3804347826086957 0.502016129032258
0 0.391304347826087 0.344758064516129 0.40760869565217395 0.36491935483870963 0.40760869565217395 0.38306451612903225 0.5 0.38911290322580644 0.5489130434782609 0.3810483870967742 0.546195652173913 0.3709677419354839 0.5597826086956521 0.3629032258064516 0.5679347826086956 0.30241935483870963 0.5543478260869565 0.2721774193548387 0.532608695652174 0.2721774193548387 0.5108695652173914 0.24193548387096775 0.5027173913043479 0.24193548387096775 0.5054347826086956 0.25201612903225806 0.4891304347826087 0.2540322580645161 0.49728260869565216 0.26411290322580644 0.48369565217391297 0.2701612903225806 0.47010869565217395 0.2600806451612903 0.4619565217391305 0.26814516129032256 0.4538043478260869 0.2600806451612903 0.4592391304347826 0.24596774193548385 0.45108695652173914 0.24596774193548385 0.4429347826086956 0.2661290322580645 0.4157608695652174 0.2782258064516129 0.39945652173913043 0.3004032258064516 0.40489130434782605 0.3165322580645161 0.391304347826087 0.344758064516129
0 0.38315217391304346 0.4193548387096774 0.3967391304347826 0.4758064516129032 0.45652173913043476 0.4818548387096774 0.4619565217391305 0.4758064516129032 0.546195652173913 0.469758064516129 0.5570652173913043 0.3508064516129032 0.5516304347826086 0.35887096774193544 0.5407608695652174 0.344758064516129 0.5244565217391304 0.34274193548387094 0.529891304347826 0.3548387096774194 0.5163043478260869 0.3629032258064516 0.4755434782608695 0.3629032258064516 0.4592391304347826 0.3568548387096774 0.4592391304347826 0.34274193548387094 0.44021739130434784 0.34879032258064513 0.4375 0.35887096774193544 0.4266304347826087 0.3568548387096774 0.4266304347826087 0.34879032258064513 0.42391304347826086 0.3528225806451613 0.4103260869565217 0.3467741935483871 0.37228260869565216 0.3850806451612903 0.3668478260869565 0.405241935483871 0.38315217391304346 0.4193548387096774
0 0.9375 0.20161290322580644 0.9673913043478259 0.2157258064516129 0.9972826086956521 0.21975806451612906 0.9972826086956521 0.18548387096774194 0.9619565217391305 0.17943548387096772 0.9347826086956521 0.1875 0.9293478260869564 0.1935483870967742 0.9375 0.20161290322580644
0 0.20380434782608697 0.2096774193548387 0.20380434782608697 0.26411290322580644 0.22010869565217392 0.36693548387096775 0.32065217391304346 0.36693548387096775 0.34510869565217395 0.3729838709677419 0.3532608695652174 0.24798387096774194 0.33967391304347827 0.2318548387096774 0.3505434782608695 0.2258064516129032 0.3505434782608695 0.2096774193548387 0.33967391304347827 0.20766129032258066 0.3233695652173913 0.18951612903225806 0.33695652173913043 0.17943548387096772 0.34782608695652173 0.1814516129032258 0.34782608695652173 0.16935483870967744 0.3016304347826087 0.16935483870967744 0.2907608695652174 0.16330645161290322 0.26358695652173914 0.16935483870967744 0.24456521739130435 0.16129032258064516 0.23641304347826084 0.16532258064516128 0.24184782608695649 0.17943548387096772 0.22010869565217392 0.1814516129032258 0.22554347826086957 0.16733870967741934 0.20652173913043476 0.16129032258064516 0.21195652173913043 0.19153225806451613 0.20380434782608697 0.2096774193548387
0 0.3668478260869565 0.3245967741935484 0.3668478260869565 0.3689516129032258 0.3804347826086957 0.38911290322580644 0.4157608695652174 0.3911290322580645 0.4429347826086956 0.4012096774193548 0.5217391304347826 0.39919354838709675 0.5353260869565217 0.38911290322580644 0.5489130434782609 0.39314516129032256 0.546195652173913 0.36491935483870963 0.5570652173913043 0.3548387096774194 0.5489130434782609 0.3245967741935484 0.5407608695652174 0.3225806451612903 0.5353260869565217 0.3286290322580645 0.46739130434782605 0.3165322580645161 0.4483695652173913 0.3225806451612903 0.4130434782608695 0.32056451612903225 0.40760869565217395 0.2943548387096774 0.4021739130434782 0.3084677419354839 0.3967391304347826 0.30241935483870963 0.3858695652173913 0.3064516129032258 0.38858695652173914 0.3165322580645161 0.3668478260869565 0.3245967741935484
0 0.6793478260869565 0.6149193548387097 0.7744565217391304 0.6108870967741935 0.7907608695652174 0.6048387096774193 0.7989130434782609 0.5806451612903226 0.6820652173913043 0.5766129032258064 0.671195652173913 0.5887096774193548 0.6684782608695652 0.6088709677419355 0.6793478260869565 0.6149193548387097
0 0.6902173913043479 0.5443548387096774 0.6820652173913043 0.5564516129032258 0.6983695652173914 0.5443548387096774 0.7146739130434783 0.5423387096774193 0.7418478260869565 0.5483870967741935 0.7880434782608695 0.5423387096774193 0.8070652173913043 0.5463709677419355 0.8206521739130433 0.5040322580645161 0.8097826086956521 0.4959677419354839 0.7038043478260869 0.4959677419354839 0.6847826086956521 0.5120967741935484 0.6820652173913043 0.5403225806451613 0.6902173913043479 0.5443548387096774
0 0.4157608695652174 0.3165322580645161 0.5081521739130435 0.3185483870967742 0.5652173913043479 0.3125 0.5543478260869565 0.27620967741935487 0.529891304347826 0.27419354838709675 0.5108695652173914 0.25201612903225806 0.5135869565217391 0.24596774193548385 0.48369565217391297 0.27419354838709675 0.47010869565217395 0.2620967741935484 0.4728260869565217 0.2701612903225806 0.4646739130434782 0.27419354838709675 0.4592391304347826 0.26814516129032256 0.42934782608695654 0.27620967741935487 0.4103260869565217 0.3004032258064516 0.40760869565217395 0.3125 0.4157608695652174 0.3165322580645161
0 0.826086956521739 0.2318548387096774 0.8233695652173912 0.2540322580645161 0.8396739130434783 0.28629032258064513 0.861413043478261 0.2943548387096774 0.9048913043478259 0.3326612903225806 0.9320652173913043 0.3326612903225806 0.9728260869565217 0.2258064516129032 0.9375 0.2096774193548387 0.8097826086956521 0.20564516129032256 0.7989130434782609 0.21169354838709675 0.796195652173913 0.2157258064516129 0.826086956521739 0.2318548387096774
0 0.78828125 0.00078125 0.0015625 0.0015625
0 0.7717391304347826 0.1532258064516129 0.8016304347826086 0.038306451612903226 0.8016304347826086 0.018145161290322582 0.7934782608695652 0.012096774193548387 0.8016304347826086 0.008064516129032258 0.7554347826086956 0 0.671195652173913 0 0.6467391304347826 0.004032258064516129 0.625 0.016129032258064516 0.6141304347826086 0.010080645161290322 0.6195652173913043 0.004032258064516129 0.6032608695652174 0.004032258064516129 0.5869565217391304 0.07056451612903225 0.5896739130434783 0.14919354838709678 0.7717391304347826 0.1532258064516129
0 0.4782608695652174 0.4758064516129032 0.546195652173913 0.469758064516129 0.5434782608695652 0.4395161290322581 0.45108695652173914 0.4375 0.39945652173913043 0.4455645161290322 0.39945652173913043 0.47379032258064513 0.4782608695652174 0.4758064516129032
0 0.43478260869565216 0.4092741935483871 0.4592391304347826 0.4173387096774193 0.4619565217391305 0.41129032258064513 0.4266304347826087 0.407258064516129 0.4266304347826087 0.4153225806451613 0.43478260869565216 0.4092741935483871
0 0.98125 0.18828125 0.00546875 0.00625
0 0.6494565217391304 0.2157258064516129 0.7853260869565217 0.2157258064516129 0.8016304347826086 0.20161290322580644 0.826086956521739 0.1975806451612903 0.9211956521739131 0.20766129032258066 0.9375 0.1975806451612903 0.9130434782608695 0.1814516129032258 0.9103260869565217 0.17137096774193547 0.8858695652173912 0.16733870967741934 0.7690217391304348 0.16330645161290322 0.7445652173913043 0.15725806451612903 0.6902173913043479 0.15725806451612903 0.6630434782608695 0.16532258064516128 0.592391304347826 0.1592741935483871 0.5896739130434783 0.16733870967741934 0.6494565217391304 0.2157258064516129
0 0.6657608695652174 0.4556451612903226 0.6739130434782609 0.4596774193548387 0.6793478260869565 0.4516129032258064 0.671195652173913 0.4455645161290322 0.6739130434782609 0.4375 0.6657608695652174 0.4495967741935484 0.6521739130434783 0.4495967741935484 0.6521739130434783 0.4616935483870968 0.6657608695652174 0.4556451612903226
0 0.638586956521739 0.4334677419354839 0.657608695652174 0.4395161290322581 0.6630434782608695 0.4314516129032258 0.6929347826086956 0.4334677419354839 0.7038043478260869 0.4233870967741935 0.7228260869565217 0.3225806451612903 0.7119565217391304 0.3165322580645161 0.5896739130434783 0.3165322580645161 0.5652173913043479 0.3729838709677419 0.5679347826086956 0.4375 0.638586956521739 0.4334677419354839
0 0.4375 0.3407258064516129 0.44565217391304346 0.3286290322580645 0.48369565217391297 0.3407258064516129 0.49728260869565216 0.33870967741935487 0.49728260869565216 0.3286290322580645 0.5108695652173914 0.3225806451612903 0.5135869565217391 0.3326612903225806 0.5190217391304348 0.3225806451612903 0.5625 0.3185483870967742 0.5679347826086956 0.31048387096774194 0.5543478260869565 0.2620967741935484 0.5163043478260869 0.23588709677419356 0.49184782608695654 0.19556451612903225 0.4755434782608695 0.1935483870967742 0.4755434782608695 0.1774193548387097 0.46739130434782605 0.1975806451612903 0.48097826086956524 0.19959677419354838 0.4782608695652174 0.20564516129032256 0.4619565217391305 0.21370967741935484 0.4481407322654462 0.2019949066213922 0.4375 0.21975806451612906 0.42119565217391297 0.2217741935483871 0.44021739130434784 0.2379032258064516 0.4157608695652174 0.25 0.42934782608695654 0.25201612903225806 0.4375 0.26411290322580644 0.40760869565217395 0.28629032258064513 0.40489130434782605 0.31048387096774194 0.42119565217391297 0.32056451612903225 0.42934782608695654 0.3407258064516129 0.4375 0.3407258064516129
0 0.8913043478260869 0.502016129032258 0.9619565217391305 0.502016129032258 0.9755434782608695 0.469758064516129 0.9701086956521738 0.4657258064516129 0.9293478260869564 0.4798387096774193 0.9021739130434783 0.469758064516129 0.8858695652173912 0.4758064516129032 0.8831521739130433 0.4979838709677419 0.8913043478260869 0.502016129032258
0 0.19021739130434784 0.06451612903225806 0.1875 0.10483870967741934 0.2010869565217391 0.16935483870967744 0.20923913043478262 0.2540322580645161 0.20380434782608697 0.26814516129032256 0.21739130434782608 0.36088709677419356 0.22282608695652173 0.3689516129032258 0.32065217391304346 0.36693548387096775 0.34510869565217395 0.3729838709677419 0.3532608695652174 0.3508064516129032 0.34782608695652173 0.17338709677419356 0.358695652173913 0.14919354838709678 0.39402173913043476 0.1471774193548387 0.40760869565217395 0.13709677419354838 0.4157608695652174 0.024193548387096774 0.3967391304347826 0.004032258064516129 0.375 0.016129032258064516 0.3559782608695652 0.004032258064516129 0.3152173913043478 0.016129032258064516 0.3125 0.010080645161290322 0.29891304347826086 0.01411290322580645 0.27445652173913043 0.0020161290322580645 0.2608695652173913 0.010080645161290322 0.22010869565217392 0.010080645161290322 0.20652173913043476 0.0020161290322580645 0.18478260869565216 0.01411290322580645 0.1793478260869565 0.04233870967741936 0.19021739130434784 0.06451612903225806
0 0.48203125 0.4546875 0.00234375 0.00234375
0 0.5 0.45234375 0.00546875 0.00234375
0 0.4130434782608695 0.4455645161290322 0.5027173913043479 0.4455645161290322 0.5217391304347826 0.4395161290322581 0.5407608695652174 0.4435483870967742 0.5516304347826086 0.4354838709677419 0.5489130434782609 0.407258064516129 0.5407608695652174 0.4012096774193548 0.4755434782608695 0.39919354838709675 0.4592391304347826 0.3911290322580645 0.4375 0.3971774193548387 0.42391304347826086 0.38911290322580644 0.40489130434782605 0.38911290322580644 0.3858695652173913 0.39919354838709675 0.39945652173913043 0.4354838709677419 0.4130434782608695 0.4455645161290322
0 0.39945652173913043 0.4657258064516129 0.4103260869565217 0.47379032258064513 0.38315217391304346 0.502016129032258 0.3858695652173913 0.5342741935483871 0.4103260869565217 0.5463709677419355 0.4130434782608695 0.5564516129032258 0.44565217391304346 0.5604838709677419 0.48097826086956524 0.5544354838709677 0.5 0.5604838709677419 0.529891304347826 0.5544354838709677 0.5434782608695652 0.5040322580645161 0.529891304347826 0.469758064516129 0.5081521739130435 0.4616935483870968 0.4891304347826087 0.469758064516129 0.4130434782608695 0.469758064516129 0.38858695652173914 0.4556451612903226 0.38858695652173914 0.469758064516129 0.39945652173913043 0.4657258064516129
0 0.87734375 0.53359375 0.00546875 0.00234375
0 0.8734375 0.4921875 0.00234375 0.00390625
0 0.92265625 0.4890625 0.00234375 0.00234375
0 0.946875 0.48828125 0.00234375 0.00390625
0 0.8940217391304348 0.4838709677419355 0.8831521739130433 0.4899193548387097 0.8913043478260869 0.5 0.8940217391304348 0.4838709677419355
0 0.97109375 0.43984375 0.00234375 0.0078125
0 0.91875 0.43828125 0.00546875 0.00625
0 0.8546875 0.29140625 0.00234375 0.00234375
0 0.8505434782608695 0.26814516129032256 0.8396739130434783 0.282258064516129 0.8559782608695652 0.282258064516129 0.8940217391304348 0.3185483870967742 0.9157608695652174 0.3629032258064516 0.9048913043478259 0.3689516129032258 0.9157608695652174 0.3810483870967742 0.8967391304347826 0.405241935483871 0.8967391304347826 0.4415322580645161 0.9103260869565217 0.4173387096774193 0.923913043478261 0.4173387096774193 0.9347826086956521 0.4254032258064516 0.9646739130434783 0.4233870967741935 0.9728260869565217 0.4294354838709677 0.9945652173913043 0.4213709677419355 0.9945652173913043 0.34274193548387094 0.9864130434782608 0.33669354838709675 0.9945652173913043 0.3286290322580645 0.9945652173913043 0.2258064516129032 0.9293478260869564 0.21370967741935484 0.923913043478261 0.21975806451612906 0.9021739130434783 0.21774193548387094 0.8994565217391305 0.2318548387096774 0.8396739130434783 0.2318548387096774 0.8396739130434783 0.2620967741935484 0.8505434782608695 0.26814516129032256
0 0.9130434782608695 0.2096774193548387 0.9375 0.20564516129032256 0.9293478260869564 0.19153225806451613 0.8777173913043479 0.17137096774193547 0.8396739130434783 0.1774193548387097 0.8342391304347826 0.19959677419354838 0.9130434782608695 0.2096774193548387
0 0.9945652173913043 0.5423387096774193 0.9945652173913043 0.4596774193548387 0.9809782608695652 0.467741935483871 0.9619565217391305 0.5120967741935484 0.9619565217391305 0.5403225806451613 0.9945652173913043 0.5423387096774193
0 0.65859375 0.415625 0.00234375 0.00390625
0 0.5788043478260869 0.36088709677419356 0.6195652173913043 0.3548387096774194 0.7119565217391304 0.3568548387096774 0.7255434782608695 0.344758064516129 0.7228260869565217 0.3165322580645161 0.7065217391304348 0.31048387096774194 0.5869565217391304 0.31451612903225806 0.5733695652173914 0.3326612903225806 0.5706521739130435 0.3568548387096774 0.5788043478260869 0.36088709677419356
0 0.657608695652174 0.5544354838709677 0.6413043478260869 0.5564516129032258 0.6304347826086956 0.5483870967741935 0.6304347826086956 0.5383064516129032 0.635230179028133 0.5368833017077799 0.6195652173913043 0.530241935483871 0.608695652173913 0.532258064516129 0.5978260869565217 0.5383064516129032 0.6032608695652174 0.5483870967741935 0.592391304347826 0.5584677419354839 0.546195652173913 0.5625 0.546195652173913 0.5907258064516129 0.6358695652173914 0.5826612903225806 0.6630434782608695 0.5866935483870968 0.657608695652174 0.5544354838709677
0 0.8668478260869564 0.2943548387096774 0.875 0.3064516129032258 0.8940217391304348 0.30241935483870963 0.9266304347826086 0.31048387096774194 0.9456521739130433 0.2721774193548387 0.9456521739130433 0.25 0.923913043478261 0.2560483870967742 0.9130434782608695 0.25201612903225806 0.9130434782608695 0.23991935483870966 0.8967391304347826 0.24798387096774194 0.8641304347826086 0.2379032258064516 0.8532608695652174 0.2439516129032258 0.8396739130434783 0.24193548387096775 0.8396739130434783 0.28629032258064513 0.8668478260869564 0.2943548387096774
0 0.6277173913043479 0.20161290322580644 0.7364130434782609 0.27620967741935487 0.7934782608695652 0.27620967741935487 0.8097826086956521 0.2701612903225806 0.8206521739130433 0.2338709677419355 0.7880434782608695 0.2217741935483871 0.7989130434782609 0.20161290322580644 0.8451086956521738 0.1975806451612903 0.8478260869565217 0.1875 0.861413043478261 0.18951612903225806 0.875 0.20161290322580644 0.9266304347826086 0.1975806451612903 0.9157608695652174 0.19556451612903225 0.9130434782608695 0.1875 0.9021739130434783 0.19153225806451613 0.8994565217391305 0.1814516129032258 0.8722826086956521 0.17137096774193547 0.8369565217391305 0.16532258064516128 0.7112771739130435 0.16129032258064516 0.7119565217391304 0.1754032258064516 0.7038043478260869 0.1754032258064516 0.6929347826086956 0.16935483870967744 0.6956521739130435 0.16129032258064516 0.6847826086956521 0.16532258064516128 0.6847826086956521 0.17338709677419356 0.6440217391304348 0.16129032258064516 0.5978260869565217 0.16330645161290322 0.595108695652174 0.17338709677419356 0.6277173913043479 0.20161290322580644
0 0.5842391304347826 0.3971774193548387 0.6657608695652174 0.39314516129032256 0.6793478260869565 0.4032258064516129 0.7038043478260869 0.3971774193548387 0.7119565217391304 0.35887096774193544 0.701086956521739 0.3508064516129032 0.6820652173913043 0.3528225806451613 0.6684782608695652 0.34274193548387094 0.6603260869565217 0.34879032258064513 0.6440217391304348 0.344758064516129 0.625 0.3548387096774194 0.5788043478260869 0.3568548387096774 0.5679347826086956 0.3689516129032258 0.5706521739130435 0.4032258064516129 0.5842391304347826 0.3971774193548387
0 0.6521739130434783 0.4354838709677419 0.6657608695652174 0.4294354838709677 0.6847826086956521 0.4334677419354839 0.701086956521739 0.4274193548387097 0.7119565217391304 0.36491935483870963 0.7255434782608695 0.3467741935483871 0.7228260869565217 0.3185483870967742 0.5869565217391304 0.31451612903225806 0.5679347826086956 0.3548387096774194 0.5679347826086956 0.4375 0.6521739130434783 0.4354838709677419
0 0.9402173913043479 0.35887096774193544 0.9972826086956521 0.3629032258064516 0.9972826086956521 0.21774193548387094 0.9782608695652174 0.2096774193548387 0.9673913043478259 0.21169354838709675 0.9782608695652174 0.2217741935483871 0.9538043478260869 0.26411290322580644 0.9429347826086957 0.31451612903225806 0.9483695652173912 0.3508064516129032 0.9402173913043479 0.35887096774193544
0 0.7309782608695652 0.4475806451612903 0.7391304347826086 0.4536290322580645 0.7364130434782609 0.4657258064516129 0.720108695652174 0.4717741935483871 0.7146739130434783 0.4838709677419355 0.7228260869565217 0.4939516129032258 0.7527173913043479 0.4879032258064516 0.7717391304347826 0.4939516129032258 0.8179347826086957 0.4838709677419355 0.8315217391304348 0.4879032258064516 0.8288043478260869 0.5 0.8668478260869564 0.4616935483870968 0.8586956521739131 0.4516129032258064 0.8668478260869564 0.4395161290322581 0.8559782608695652 0.4314516129032258 0.8668478260869564 0.3971774193548387 0.8559782608695652 0.39919354838709675 0.8288043478260869 0.3870967741935484 0.782608695652174 0.39314516129032256 0.7690217391304348 0.3850806451612903 0.7309782608695652 0.3850806451612903 0.7418478260869565 0.3971774193548387 0.720108695652174 0.4193548387096774 0.717391304347826 0.4435483870967742 0.7228260869565217 0.4516129032258064 0.7309782608695652 0.4475806451612903
0 0.74296875 0.3796875 0.00234375 0.00234375
0 0.5679347826086956 0.24596774193548385 0.5869565217391304 0.2721774193548387 0.5815217391304348 0.3286290322580645 0.5652173913043479 0.3729838709677419 0.5706521739130435 0.407258064516129 0.5543478260869565 0.4516129032258064 0.5570652173913043 0.5262096774193548 0.5434782608695652 0.5544354838709677 0.5407608695652174 0.6149193548387097 0.5760869565217391 0.6189516129032258 0.654891304347826 0.6129032258064516 0.6820652173913043 0.4838709677419355 0.6956521739130435 0.4536290322580645 0.6929347826086956 0.41129032258064513 0.7092391304347826 0.3870967741935484 0.7092391304347826 0.3568548387096774 0.701086956521739 0.3548387096774194 0.6956521739130435 0.3346774193548387 0.7092391304347826 0.3346774193548387 0.7092391304347826 0.31048387096774194 0.7255434782608695 0.30241935483870963 0.7228260869565217 0.27620967741935487 0.5760869565217391 0.1774193548387097 0.5 0.1754032258064516 0.5081521739130435 0.19556451612903225 0.5679347826086956 0.24596774193548385
0 0.9945652173913043 0.5443548387096774 0.9972826086956521 0.502016129032258 0.9918478260869564 0.5 0.9619565217391305 0.5241935483870968 0.9619565217391305 0.5423387096774193 0.9945652173913043 0.5443548387096774
0 0.6875 0.5806451612903226 0.7608695652173914 0.5745967741935484 0.7934782608695652 0.5806451612903226 0.8097826086956521 0.5342741935483871 0.7989130434782609 0.5262096774193548 0.7092391304347826 0.5282258064516129 0.6902173913043479 0.532258064516129 0.6793478260869565 0.5544354838709677 0.6766304347826086 0.5745967741935484 0.6875 0.5806451612903226
0 0.3858695652173913 0.4858870967741935 0.38315217391304346 0.5120967741935484 0.39945652173913043 0.5141129032258064 0.39945652173913043 0.5221774193548387 0.38858695652173914 0.5262096774193548 0.41847826086956524 0.5362903225806451 0.5271739130434783 0.5241935483870968 0.5407608695652174 0.5060483870967742 0.5353260869565217 0.4778225806451613 0.546195652173913 0.4657258064516129 0.5516304347826086 0.4314516129032258 0.5434782608695652 0.39919354838709675 0.5190217391304348 0.38911290322580644 0.49728260869565216 0.3911290322580645 0.49184782608695654 0.3971774193548387 0.4782608695652174 0.38911290322580644 0.39945652173913043 0.38911290322580644 0.3858695652173913 0.3810483870967742 0.37228260869565216 0.3850806451612903 0.3695652173913043 0.4657258064516129 0.3858695652173913 0.4858870967741935
0 0.8369565217391305 0.17943548387096772 0.8451086956521738 0.20161290322580644 0.9130434782608695 0.2096774193548387 0.951086956521739 0.20766129032258066 0.9673913043478259 0.2157258064516129 0.9972826086956521 0.20564516129032256 0.9945652173913043 0.1875 0.9646739130434783 0.16330645161290322 0.9429347826086957 0.16935483870967744 0.923913043478261 0.16330645161290322 0.8505434782608695 0.16733870967741934 0.8532608695652174 0.17137096774193547 0.8369565217391305 0.17943548387096772
0 0.7880434782608695 0.4939516129032258 0.8206521739130433 0.5 0.8369565217391305 0.4556451612903226 0.8016304347826086 0.4556451612903226 0.7853260869565217 0.4616935483870968 0.733695652173913 0.4556451612903226 0.6983695652173914 0.4798387096774193 0.6956521739130435 0.4979838709677419 0.7880434782608695 0.4939516129032258
0 0.5706521739130435 0.24798387096774194 0.5896739130434783 0.27419354838709675 0.5652173913043479 0.375 0.5706521739130435 0.4254032258064516 0.6195652173913043 0.4254032258064516 0.6331521739130435 0.4032258064516129 0.6440217391304348 0.407258064516129 0.6440217391304348 0.4213709677419355 0.6657608695652174 0.41129032258064513 0.6875 0.4213709677419355 0.6847826086956521 0.4032258064516129 0.7038043478260869 0.39314516129032256 0.7092391304347826 0.3790322580645161 0.7092391304347826 0.3568548387096774 0.6956521739130435 0.3346774193548387 0.7092391304347826 0.33669354838709675 0.7092391304347826 0.3125 0.7282608695652174 0.3004032258064516 0.720108695652174 0.2721774193548387 0.5788043478260869 0.17943548387096772 0.5434782608695652 0.17338709677419356 0.5027173913043479 0.1754032258064516 0.5081521739130435 0.1935483870967742 0.5706521739130435 0.24798387096774194
0 0.5625 0.5725806451612903 0.5597826086956521 0.5806451612903226 0.5815217391304348 0.5745967741935484 0.5869565217391304 0.564516129032258 0.6114130434782609 0.5604838709677419 0.6222826086956521 0.564516129032258 0.6195652173913043 0.5766129032258064 0.6521739130434783 0.5806451612903226 0.671195652173913 0.5564516129032258 0.6793478260869565 0.4979838709677419 0.6603260869565217 0.4919354838709677 0.6304347826086956 0.4959677419354839 0.625 0.4899193548387097 0.6059782608695652 0.4959677419354839 0.5788043478260869 0.4879032258064516 0.5516304347826086 0.5060483870967742 0.546195652173913 0.5221774193548387 0.5434782608695652 0.5705645161290323 0.5625 0.5725806451612903
0 0.6005434782608695 0.467741935483871 0.638586956521739 0.4596774193548387 0.6467391304347826 0.4415322580645161 0.5815217391304348 0.4395161290322581 0.5652173913043479 0.4516129032258064 0.5679347826086956 0.4637096774193548 0.6005434782608695 0.467741935483871
0 0.6005434782608695 0.3689516129032258 0.6195652173913043 0.37701612903225806 0.654891304347826 0.3709677419354839 0.6494565217391304 0.3568548387096774 0.6059782608695652 0.3568548387096774 0.6005434782608695 0.36693548387096775 0.592391304347826 0.3568548387096774 0.5842391304347826 0.36491935483870963 0.5815217391304348 0.375 0.6005434782608695 0.3689516129032258
0 0.016304347826086956 0.25806451612903225 0.005434782608695652 0.25201612903225806 0.002717391304347826 0.2620967741935484 0.016304347826086956 0.25806451612903225
0 0.010869565217391304 0.1129032258064516 0 0.1176915322580645 0 0.2217741935483871 0.01902173913043478 0.2338709677419355 0.01902173913043478 0.24193548387096775 0.03260869565217391 0.21975806451612906 0.03260869565217391 0.19959677419354838 0.016304347826086956 0.1189516129032258 0.005434782608695652 0.10080645161290322 0 0.10685483870967742 0.010869565217391304 0.1129032258064516
0 0.7771739130434783 0.6068548387096774 0.796195652173913 0.5887096774193548 0.8288043478260869 0.4879032258064516 0.8532608695652174 0.4435483870967742 0.8532608695652174 0.41129032258064513 0.8641304347826086 0.4092741935483871 0.875 0.36088709677419356 0.8858695652173912 0.34879032258064513 0.8804347826086957 0.3185483870967742 0.826086956521739 0.282258064516129 0.7418478260869565 0.2842741935483871 0.7527173913043479 0.3225806451612903 0.7391304347826086 0.33870967741935487 0.733695652173913 0.3729838709677419 0.7255434782608695 0.37701612903225806 0.7282608695652174 0.4173387096774193 0.720108695652174 0.4193548387096774 0.7228260869565217 0.4314516129032258 0.7146739130434783 0.4395161290322581 0.720108695652174 0.4516129032258064 0.6983695652173914 0.4838709677419355 0.701086956521739 0.5040322580645161 0.6766304347826086 0.5745967741935484 0.6766304347826086 0.6088709677419355 0.7771739130434783 0.6068548387096774
0 0.5 0.18346774193548387 0.5271739130434783 0.2157258064516129 0.5679347826086956 0.24596774193548385 0.5896739130434783 0.27620967741935487 0.5788043478260869 0.30241935483870963 0.5815217391304348 0.3286290322580645 0.5706521739130435 0.344758064516129 0.5760869565217391 0.36088709677419356 0.5652173913043479 0.3810483870967742 0.5679347826086956 0.39919354838709675 0.6793478260869565 0.39314516129032256 0.6902173913043479 0.3850806451612903 0.701086956521739 0.39314516129032256 0.7092391304347826 0.3528225806451613 0.6956521739130435 0.34879032258064513 0.6902173913043479 0.3346774193548387 0.7092391304347826 0.3326612903225806 0.7282608695652174 0.30443548387096775 0.720108695652174 0.2701612903225806 0.5760869565217391 0.1774193548387097 0.5081521739130435 0.17338709677419356 0.5 0.1754032258064516 0.5 0.18346774193548387
0 0.6766304347826086 0.6088709677419355 0.7282608695652174 0.6028225806451613 0.733695652173913 0.6088709677419355 0.7608695652173914 0.6088709677419355 0.7663043478260869 0.5987903225806451 0.7853260869565217 0.6028225806451613 0.7989130434782609 0.5846774193548387 0.8206521739130433 0.5080645161290323 0.8070652173913043 0.4879032258064516 0.7907608695652174 0.4858870967741935 0.7690217391304348 0.4959677419354839 0.701086956521739 0.4899193548387097 0.6902173913043479 0.5040322580645161 0.6739130434782609 0.5665322580645161 0.6684782608695652 0.594758064516129 0.6766304347826086 0.6088709677419355
0 0.9429347826086957 0.1975806451612903 0.9809782608695652 0.17943548387096772 0.9891304347826086 0.18548387096774194 0.9646739130434783 0.16330645161290322 0.9076086956521738 0.16129032258064516 0.8777173913043479 0.17137096774193547 0.9429347826086957 0.1975806451612903
0 0.6304347826086956 0.1975806451612903 0.6820652173913043 0.19959677419354838 0.7065217391304348 0.18951612903225806 0.657608695652174 0.16129032258064516 0.5896739130434783 0.15725806451612903 0.5896739130434783 0.16935483870967744 0.6304347826086956 0.1975806451612903
0 0.3804347826086957 0.5040322580645161 0.39402173913043476 0.5584677419354839 0.40760869565217395 0.564516129032258 0.5353260869565217 0.5604838709677419 0.5407608695652174 0.5060483870967742 0.5244565217391304 0.4879032258064516 0.5027173913043479 0.4979838709677419 0.48641304347826086 0.4879032258064516 0.49184782608695654 0.4778225806451613 0.48097826086956524 0.47379032258064513 0.44565217391304346 0.502016129032258 0.42934782608695654 0.4858870967741935 0.3967391304347826 0.4798387096774193 0.40489130434782605 0.4879032258064516 0.3804347826086957 0.5040322580645161
0 0.6467391304347826 0.3870967741935484 0.6440217391304348 0.3810483870967742 0.638586956521739 0.38306451612903225 0.6467391304347826 0.3870967741935484
0 0.5869565217391304 0.3870967741935484 0.595108695652174 0.3729838709677419 0.5869565217391304 0.3729838709677419 0.5869565217391304 0.3870967741935484
0 0.6168478260869565 0.3790322580645161 0.6195652173913043 0.36088709677419356 0.5978260869565217 0.36088709677419356 0.6168478260869565 0.3790322580645161
0 0.6494565217391304 0.375 0.657608695652174 0.3850806451612903 0.6739130434782609 0.36693548387096775 0.6684782608695652 0.35887096774193544 0.6304347826086956 0.35887096774193544 0.6304347826086956 0.3729838709677419 0.6494565217391304 0.375
0 0.62890625 0.21875 0.00234375 0.00625
0 0.6657608695652174 0.22983870967741934 0.733695652173913 0.27620967741935487 0.7989130434782609 0.27620967741935487 0.8097826086956521 0.2701612903225806 0.8179347826086957 0.22983870967741934 0.779891304347826 0.21774193548387094 0.6793478260869565 0.21774193548387094 0.6630434782608695 0.21975806451612906 0.6657608695652174 0.22983870967741934
0 0.6630434782608695 0.6129032258064516 0.654891304347826 0.5846774193548387 0.5978260869565217 0.5826612903225806 0.5407608695652174 0.5907258064516129 0.5434782608695652 0.6229838709677419 0.6630434782608695 0.6129032258064516
0 0.7880434782608695 0.407258064516129 0.796195652173913 0.39919354838709675 0.7880434782608695 0.39919354838709675 0.7880434782608695 0.407258064516129
0 0.8478260869565217 0.4012096774193548 0.8396739130434783 0.3971774193548387 0.8369565217391305 0.4012096774193548 0.8478260869565217 0.4012096774193548
0 0.8016304347826086 0.407258064516129 0.8206521739130433 0.4012096774193548 0.8125 0.3951612903225806 0.8016304347826086 0.39919354838709675 0.8016304347826086 0.407258064516129
0 0.4103260869565217 0.2560483870967742 0.40760869565217395 0.2721774193548387 0.38858695652173914 0.2782258064516129 0.391304347826087 0.2923387096774194 0.4021739130434782 0.2923387096774194 0.40489130434782605 0.31048387096774194 0.39402173913043476 0.33870967741935487 0.40760869565217395 0.35887096774193544 0.42391304347826086 0.36693548387096775 0.42391304347826086 0.3810483870967742 0.4619565217391305 0.38306451612903225 0.4782608695652174 0.3709677419354839 0.48097826086956524 0.3790322580645161 0.48641304347826086 0.3709677419354839 0.4755434782608695 0.36693548387096775 0.49184782608695654 0.36088709677419356 0.5 0.36693548387096775 0.5108695652173914 0.36088709677419356 0.5543478260869565 0.36088709677419356 0.5543478260869565 0.3225806451612903 0.5679347826086956 0.3064516129032258 0.5570652173913043 0.26814516129032256 0.5135869565217391 0.23991935483870966 0.5054347826086956 0.20766129032258066 0.4782608695652174 0.1774193548387097 0.45108695652173914 0.1592741935483871 0.3967391304347826 0.15524193548387097 0.3668478260869565 0.16129032258064516 0.3641304347826087 0.1814516129032258 0.4103260869565217 0.2560483870967742
0 0.4755434782608695 0.17137096774193547 0.5760869565217391 0.17137096774193547 0.5815217391304348 0.16532258064516128 0.5788043478260869 0.15120967741935482 0.5597826086956521 0.1411290322580645 0.4646739130434782 0.13911290322580644 0.4619565217391305 0.1592741935483871 0.4755434782608695 0.17137096774193547
0 0.6630434782608695 0.03225806451612903 0.779891304347826 0.03225806451612903 0.8043478260869564 0.024193548387096774 0.8070652173913043 0.010080645161290322 0.8043478260869564 0 0.6032608695652174 0.004032258064516129 0.6005434782608695 0.026209677419354836 0.6630434782608695 0.03225806451612903
0 0.4592391304347826 0.5887096774193548 0.40489130434782605 0.5907258064516129 0.3967391304347826 0.5846774193548387 0.39945652173913043 0.625 0.42391304347826086 0.6310483870967742 0.5271739130434783 0.6229838709677419 0.529891304347826 0.5887096774193548 0.47010869565217395 0.594758064516129 0.4592391304347826 0.5887096774193548
0 0.9347826086956521 0.3548387096774194 0.9945652173913043 0.36491935483870963 0.9972826086956521 0.2600806451612903 0.9809782608695652 0.2600806451612903 0.9538043478260869 0.27620967741935487 0.9538043478260869 0.3064516129032258 0.9402173913043479 0.32056451612903225 0.9456521739130433 0.33870967741935487 0.9347826086956521 0.3548387096774194
0 0.763586956521739 0.32661290322580644 0.875 0.3286290322580645 0.8804347826086957 0.3225806451612903 0.8641304347826086 0.30241935483870963 0.8315217391304348 0.282258064516129 0.7418478260869565 0.282258064516129 0.7418478260869565 0.29838709677419356 0.763586956521739 0.32661290322580644
0 0.7309782608695652 0.4596774193548387 0.733695652173913 0.4536290322580645 0.7527173913043479 0.4536290322580645 0.7744565217391304 0.4637096774193548 0.8179347826086957 0.4576612903225806 0.8396739130434783 0.4415322580645161 0.8369565217391305 0.4294354838709677 0.8206521739130433 0.4254032258064516 0.75 0.4254032258064516 0.7065217391304348 0.4375 0.7065217391304348 0.4657258064516129 0.7309782608695652 0.4596774193548387
0 0.3858695652173913 0.4758064516129032 0.3858695652173913 0.5362903225806451 0.40489130434782605 0.5584677419354839 0.529891304347826 0.5564516129032258 0.5434782608695652 0.5040322580645161 0.5434782608695652 0.4395161290322581 0.5244565217391304 0.4354838709677419 0.40760869565217395 0.4415322580645161 0.39945652173913043 0.4354838709677419 0.38858695652173914 0.4375 0.38315217391304346 0.4294354838709677 0.3858695652173913 0.4375 0.37228260869565216 0.4415322580645161 0.37228260869565216 0.469758064516129 0.3858695652173913 0.4758064516129032
0 0.42119565217391297 0.407258064516129 0.42391304347826086 0.41129032258064513 0.4375 0.407258064516129 0.45108695652173914 0.4153225806451613 0.45652173913043476 0.407258064516129 0.42934782608695654 0.4012096774193548 0.4320652173913043 0.407258064516129 0.42119565217391297 0.407258064516129
0 0.49184782608695654 0.5544354838709677 0.4891304347826087 0.5504032258064516 0.48369565217391297 0.5524193548387097 0.49184782608695654 0.5544354838709677
0 0.391304347826087 0.4758064516129032 0.38315217391304346 0.5040322580645161 0.38858695652173914 0.532258064516129 0.42934782608695654 0.5403225806451613 0.44021739130434784 0.5544354838709677 0.4375 0.5443548387096774 0.4483695652173913 0.5383064516129032 0.532608695652174 0.530241935483871 0.5434782608695652 0.5040322580645161 0.546195652173913 0.4415322580645161 0.3858695652173913 0.4395161290322581 0.3804347826086957 0.4576612903225806 0.391304347826087 0.4758064516129032
0 0.4296875 0.40546875 0.00546875 0.00390625