0 0 0.5270588235294118 0 0.5976470588235294 0.008368200836820083 0.6117647058823529 0.03138075313807531 0.5988235294117648 0.0397489539748954 0.588235294117647 0.0502092050209205 0.5905882352941176 0.07322175732217573 0.5823529411764705 0.12552301255230125 0.5729411764705883 0.15690376569037656 0.5576470588235294 0.17154811715481172 0.5576470588235294 0.19874476987447698 0.5470588235294118 0.21548117154811716 0.5329411764705883 0.21129707112970708 0.5270588235294118 0.19874476987447698 0.5258823529411765 0.19246861924686193 0.52 0.17364016736401672 0.5423529411764706 0.15690376569037656 0.5470588235294118 0.13807531380753138 0.5329411764705883 0.12133891213389121 0.5305882352941176 0.10460251046025104 0.5188235294117647 0.08786610878661087 0.5176470588235295 0.0794979079497908 0.5129411764705882 0.07740585774058577 0.5035294117647059 0.06694560669456066 0.5035294117647059 0.058577405857740586 0.49294117647058827 0.03765690376569038 0.48117647058823526 0.008368200836820083 0.44117647058823534 0.0020920502092050207 0.44117647058823534 0.006276150627615063 0.5129411764705882 0 0.5270588235294118
0 0.9476987447698745 0.01764705882352941 0.9518828451882845 0.05058823529411764 0.9476987447698745 0.12352941176470589 0.9686192468619247 0.14588235294117646 0.9937238493723848 0.1564705882352941 0.997907949790795 0.10588235294117647 0.9874476987447698 0.07882352941176471 0.99581589958159 0.052941176470588235 0.997907949790795 0.011764705882352941 0.9937238493723848 0.0058823529411764705 0.9769874476987447 0 0.9372384937238494 0 0.9476987447698745 0.01764705882352941
0 0.946875 0.99296875 0.00625 0.00234375
0 0.7196652719665272 0.6764705882352942 0.7175732217573222 0.6799999999999999 0.7196652719665272 0.6929411764705883 0.7196652719665272 0.6764705882352942
0 0.72265625 0.66015625 0.00234375 0.00234375
0 0.66640625 0.4796875 0.00234375 0.00234375
0 0.6715481171548117 0.4682352941176471 0.6799163179916318 0.4647058823529412 0.6673640167364017 0.46117647058823524 0.6799163179916318 0.4552941176470588 0.6736401673640167 0.44941176470588234 0.6799163179916318 0.4423529411764706 0.6715481171548117 0.4458823529411765 0.6652719665271967 0.4423529411764706 0.6548117154811715 0.4588235294117647 0.6715481171548117 0.4682352941176471
0 0.6443514644351465 0.536470588235294 0.6569037656903765 0.54 0.6569037656903765 0.5470588235294118 0.6443514644351465 0.5458823529411765 0.6443514644351465 0.556470588235294 0.6485355648535565 0.5576470588235294 0.6589958158995816 0.5494117647058824 0.6757322175732218 0.5505882352941176 0.6757322175732218 0.5447058823529412 0.6903765690376569 0.5494117647058824 0.6841004184100419 0.556470588235294 0.6882845188284519 0.58 0.6945606694560669 0.58 0.6966527196652719 0.5870588235294117 0.7154811715481172 0.5952941176470589 0.7175732217573222 0.6094117647058823 0.7259414225941423 0.608235294117647 0.7384937238493723 0.6141176470588234 0.7468619246861924 0.6270588235294118 0.7343096234309623 0.6552941176470588 0.7280334728033473 0.6576470588235294 0.7384937238493723 0.6635294117647058 0.7426778242677824 0.6776470588235294 0.7343096234309623 0.6894117647058823 0.7426778242677824 0.6870588235294117 0.7447698744769874 0.6929411764705883 0.7405857740585773 0.6964705882352942 0.7217573221757322 0.6976470588235294 0.7364016736401673 0.7058823529411764 0.7405857740585773 0.7247058823529412 0.7468619246861924 0.7270588235294118 0.7447698744769874 0.7447058823529412 0.7364016736401673 0.7482352941176471 0.7280334728033473 0.7647058823529411 0.7259414225941423 0.7858823529411765 0.7322175732217573 0.7988235294117647 0.7573221757322175 0.82 0.8200836820083681 0.8447058823529412 0.8472803347280335 0.8647058823529411 0.8619246861924686 0.9023529411764706 0.8535564853556485 0.924705882352941 0.8640167364016736 0.9447058823529412 0.8807531380753139 0.96 0.8870292887029289 0.9647058823529411 0.901673640167364 0.9588235294117646 0.9142259414225942 0.9694117647058823 0.9560669456066945 0.9870588235294118 0.9539748953974895 0.9941176470588236 0.9853556485355648 0.9952941176470589 0.99581589958159 0.9752941176470588 0.9853556485355648 0.9258823529411764 0.9937238493723848 0.9188235294117646 0.997907949790795 0.8976470588235295 0.9895397489539748 0.8776470588235293 0.9916317991631798 0.8588235294117647 0.997907949790795 0.8552941176470588 0.997907949790795 0.7952941176470588 0.9916317991631798 0.78 0.99581589958159 0.6305882352941177 0.9895397489539748 0.6035294117647059 0.997907949790795 0.5635294117647058 0.997907949790795 0.40470588235294114 0.9937238493723848 0.37529411764705883 0.9874476987447698 0.37058823529411766 0.9623430962343097 0.3635294117647059 0.9539748953974895 0.36470588235294116 0.8807531380753139 0.3835294117647059 0.8514644351464435 0.39647058823529413 0.8305439330543933 0.3976470588235294 0.8138075313807531 0.40588235294117647 0.7615062761506276 0.4117647058823529 0.7322175732217573 0.4211764705882353 0.7196652719665272 0.42705882352941177 0.7175732217573222 0.4470588235294118 0.7133891213389121 0.44941176470588234 0.707112970711297 0.4458823529411765 0.698744769874477 0.4564705882352941 0.7175732217573222 0.47058823529411764 0.7112970711297071 0.4764705882352941 0.7154811715481172 0.48235294117647054 0.7280334728033473 0.48470588235294115 0.7280334728033473 0.49529411764705883 0.7217573221757322 0.4988235294117647 0.7092050209205021 0.49294117647058827 0.698744769874477 0.4964705882352941 0.6799163179916318 0.4776470588235294 0.6757322175732218 0.4870588235294117 0.6820083682008369 0.4894117647058824 0.6631799163179916 0.49411764705882355 0.6673640167364017 0.49764705882352944 0.6548117154811715 0.5070588235294118 0.6548117154811715 0.52 0.6464435146443515 0.52 0.6422594142259415 0.5317647058823529 0.6443514644351465 0.536470588235294
0 0.9609375 0.99375 0.00234375 0.0015625
0 0.6569037656903765 0.6705882352941177 0.6652719665271967 0.6564705882352941 0.6548117154811715 0.6552941176470588 0.6464435146443515 0.6599999999999999 0.6464435146443515 0.668235294117647 0.6569037656903765 0.6705882352941177
0 0.6422594142259415 0.54 0.6380753138075314 0.5505882352941176 0.6464435146443515 0.5705882352941176 0.6589958158995816 0.5729411764705883 0.6631799163179916 0.5788235294117647 0.6799163179916318 0.5811764705882353 0.6841004184100419 0.5870588235294117 0.6945606694560669 0.5894117647058823 0.6882845188284519 0.5941176470588235 0.702928870292887 0.591764705882353 0.7154811715481172 0.6105882352941177 0.7322175732217573 0.6152941176470589 0.7405857740585773 0.6270588235294118 0.7405857740585773 0.6317647058823529 0.7343096234309623 0.6329411764705882 0.7364016736401673 0.6411764705882353 0.7133891213389121 0.6576470588235294 0.7175732217573222 0.6717647058823529 0.7092050209205021 0.6811764705882353 0.7154811715481172 0.7 0.7343096234309623 0.7105882352941176 0.7322175732217573 0.7211764705882353 0.7405857740585773 0.7282352941176471 0.7322175732217573 0.7305882352941176 0.7426778242677824 0.7317647058823529 0.7280334728033473 0.7588235294117647 0.7259414225941423 0.7870588235294117 0.7322175732217573 0.8 0.7573221757322175 0.82 0.8200836820083681 0.8447058823529412 0.8451882845188283 0.8635294117647059 0.8619246861924686 0.9011764705882352 0.8535564853556485 0.924705882352941 0.8661087866108786 0.9447058823529412 0.8891213389121339 0.9552941176470588 0.8828451882845189 0.9588235294117646 0.905857740585774 0.9541176470588235 0.9142259414225942 0.968235294117647 0.9393305439330544 0.9752941176470588 0.9728033472803347 0.9941176470588236 0.9874476987447698 0.9941176470588236 0.99581589958159 0.968235294117647 0.9811715481171548 0.9458823529411765 0.9811715481171548 0.9329411764705883 0.9832635983263598 0.9223529411764705 0.9937238493723848 0.9176470588235294 0.997907949790795 0.8988235294117647 0.9874476987447698 0.8752941176470588 0.997907949790795 0.8541176470588235 0.997907949790795 0.7952941176470588 0.9916317991631798 0.7811764705882352 0.997907949790795 0.6752941176470588 0.9895397489539748 0.6058823529411764 0.997907949790795 0.5647058823529412 0.9937238493723848 0.37529411764705883 0.9644351464435147 0.36470588235294116 0.9518828451882845 0.36588235294117644 0.912133891213389 0.37882352941176467 0.8828451882845189 0.3835294117647059 0.8514644351464435 0.3976470588235294 0.8389121338912133 0.39647058823529413 0.8138075313807531 0.40588235294117647 0.7928870292887029 0.40588235294117647 0.7384937238493723 0.4188235294117647 0.7196652719665272 0.42705882352941177 0.7133891213389121 0.4458823529411765 0.700836820083682 0.4352941176470588 0.700836820083682 0.4505882352941176 0.6882845188284519 0.4470588235294118 0.6882845188284519 0.4423529411764706 0.6673640167364017 0.44117647058823534 0.6527196652719665 0.4576470588235294 0.6527196652719665 0.46352941176470586 0.6652719665271967 0.46941176470588236 0.6631799163179916 0.48470588235294115 0.6443514644351465 0.5094117647058823 0.6338912133891214 0.5152941176470589 0.6317991631799164 0.5329411764705883 0.6422594142259415 0.54
0 0.6703125 0.0390625 0.00234375 0.0015625
0 0.6882845188284519 0.05529411764705883 0.6966527196652719 0.1 0.6861924686192469 0.10117647058823528 0.6820083682008369 0.09294117647058824 0.6757322175732218 0.08941176470588234 0.6694560669456067 0.09294117647058824 0.6506276150627615 0.0811764705882353 0.6673640167364017 0.11647058823529413 0.6924686192468619 0.14588235294117646 0.6778242677824268 0.15058823529411763 0.6924686192468619 0.17058823529411765 0.6820083682008369 0.17176470588235293 0.6903765690376569 0.17176470588235293 0.6820083682008369 0.17843176470588235 0.6841004184100419 0.1988235294117647 0.698744769874477 0.21294117647058824 0.7259414225941423 0.22588235294117648 0.7782426778242677 0.23294117647058826 0.803347280334728 0.22000000000000003 0.803347280334728 0.21176470588235294 0.8326359832635983 0.22000000000000003 0.8723849372384936 0.16823529411764707 0.897489539748954 0.16705882352941176 0.9142259414225942 0.1564705882352941 0.9309623430962344 0.15764705882352942 0.9476987447698745 0.14941176470588236 0.9560669456066945 0.15294117647058822 0.9581589958158995 0.14941176470588236 0.9665271966527197 0.15058823529411763 0.9435146443514644 0.12705882352941175 0.9518828451882845 0.0976470588235294 0.9476987447698745 0.06941176470588235 0.9581589958158995 0.051764705882352935 0.9497907949790795 0.049411764705882356 0.9456066945606694 0.018823529411764704 0.9309623430962344 0 0.7238493723849372 0.002352941176470588 0.700836820083682 0.01764705882352941 0.700836820083682 0.04470588235294117 0.6882845188284519 0.05529411764705883
0 0.6506276150627615 0.009411764705882352 0.6506276150627615 0 0.6443514644351465 0.004705882352941176 0.6506276150627615 0.009411764705882352
0 0.6297071129707112 0.004705882352941176 0.6401673640167364 0.0058823529411764705 0.6401673640167364 0 0.6338912133891214 0 0.6255230125523012 0.00823529411764706 0.6297071129707112 0.004705882352941176
0 0.04811715481171548 0.5811764705882353 0.0397489539748954 0.5694117647058824 0.02510460251046025 0.5670588235294118 0.023012552301255228 0.5705882352941176 0.02510460251046025 0.5847058823529412 0.04811715481171548 0.5811764705882353
0 0.07322175732217573 0.5670588235294118 0.06694560669456066 0.5658823529411765 0.06485355648535565 0.5682352941176471 0.07322175732217573 0.5670588235294118
0 0.23640167364016734 0.35058823529411764 0.23430962343096234 0.33647058823529413 0.2301255230125523 0.3388235294117647 0.23640167364016734 0.35058823529411764
0 0.50078125 0.278125 0.00234375 0.0015625
0 0.565625 0.27265625 0.00234375 0.0015625
0 0.5 0.265625 0.00390625 0.0015625
0 0.546875 0.2625 0.00234375 0.00234375
0 0.48953974895397484 0.27999999999999997 0.4958158995815899 0.27647058823529413 0.48744769874476984 0.26941176470588235 0.48953974895397484 0.2647058823529412 0.48117154811715485 0.26 0.47489539748953974 0.26235294117647057 0.4707112970711297 0.2788235294117647 0.48953974895397484 0.27999999999999997
0 0.4560669456066945 0.2529411764705882 0.4456066945606694 0.2647058823529412 0.4623430962343096 0.26705882352941174 0.4707112970711297 0.25882352941176473 0.4602510460251046 0.2552941176470588 0.4686192468619247 0.25058823529411767 0.4665271966527197 0.24352941176470586 0.44142259414225943 0.2447058823529412 0.4393305439330543 0.24823529411764705 0.4560669456066945 0.2529411764705882
0 0.48326359832635984 0.2388235294117647 0.48326359832635984 0.25058823529411767 0.502092050209205 0.25176470588235295 0.48953974895397484 0.2447058823529412 0.502092050209205 0.24 0.502092050209205 0.23411764705882354 0.48535564853556484 0.2376470588235294 0.47698744769874474 0.23294117647058826 0.4707112970711297 0.2376470588235294 0.48326359832635984 0.2388235294117647
0 0.465625 0.23203125 0.00234375 0.00234375
0 0.03765690376569038 0.4835294117647059 0.0397489539748954 0.5011764705882353 0.13389121338912133 0.5435294117647059 0.13598326359832635 0.5623529411764705 0.14644351464435146 0.556470588235294 0.1527196652719665 0.5588235294117647 0.17154811715481172 0.5505882352941176 0.20920502092050208 0.5423529411764706 0.22384937238493724 0.5270588235294118 0.24058577405857742 0.52 0.5146443514644352 0.45176470588235296 0.6820083682008369 0.4011764705882353 0.6903765690376569 0.4023529411764706 0.7259414225941423 0.3905882352941176 0.7384937238493723 0.3917647058823529 0.7698744769874477 0.3835294117647059 0.7803347280334727 0.37058823529411766 0.7887029288702928 0.37176470588235294 0.807531380753138 0.36588235294117644 0.811715481171548 0.34352941176470586 0.7928870292887029 0.3341176470588235 0.809623430962343 0.3235294117647059 0.811715481171548 0.2988235294117647 0.805439330543933 0.2823529411764706 0.7803347280334727 0.2564705882352941 0.7635983263598326 0.24705882352941178 0.7259414225941423 0.2376470588235294 0.7217573221757322 0.24 0.6924686192468619 0.22823529411764704 0.6820083682008369 0.23529411764705882 0.6736401673640167 0.23176470588235293 0.6673640167364017 0.2376470588235294 0.6485355648535565 0.23294117647058826 0.6150627615062761 0.2541176470588235 0.612970711297071 0.2635294117647059 0.5962343096234309 0.268235294117647 0.606694560669456 0.27647058823529413 0.598326359832636 0.2917647058823529 0.5774058577405857 0.2858823529411765 0.5739825028527957 0.28074866310160423 0.5690376569037656 0.2835294117647059 0.5460251046025104 0.2788235294117647 0.5313807531380753 0.2858823529411765 0.5251046025104602 0.29764705882352943 0.50418410041841 0.28823529411764703 0.4958158995815899 0.30470588235294116 0.48326359832635984 0.30823529411764705 0.4581589958158996 0.2952941176470588 0.42259414225941416 0.2988235294117647 0.41422594142259417 0.2929411764705882 0.41004184100418406 0.29647058823529415 0.403765690376569 0.2941176470588235 0.3807531380753138 0.3 0.34728033472803344 0.3211764705882353 0.34309623430962344 0.34941176470588237 0.32217573221757323 0.36941176470588233 0.2928870292887029 0.38823529411764707 0.2635983263598326 0.3988235294117647 0.1631799163179916 0.4 0.12343096234309622 0.3905882352941176 0.06903765690376569 0.36588235294117644 0.043933054393305436 0.34470588235294114 0.03138075313807531 0.33999999999999997 0.02510460251046025 0.32705882352941174 0.029288702928870293 0.3388235294117647 0.012552301255230125 0.3388235294117647 0.010460251046025104 0.3423529411764706 0.01882845188284519 0.3552941176470588 0.010460251046025104 0.36470588235294116 0.006276150627615063 0.43882352941176467 0.03765690376569038 0.4835294117647059
0 0.1401673640167364 0.0611764705882353 0.14435146443514643 0.057647058823529405 0.1422594142259414 0.05529411764705883 0.1527196652719665 0.052941176470588235 0.14853556485355648 0.049411764705882356 0.13598326359832635 0.058823529411764705 0.1401673640167364 0.0611764705882353
0 0.12133891213389121 0.05647058823529412 0.12133891213389121 0.04823529411764706 0.11506276150627615 0.049411764705882356 0.12133891213389121 0.05647058823529412
0 0.1328125 0.025 0.00234375 0.00234375
0 0.490625 0.021875 0.00234375 0.0015625
0 0.33263598326359833 0.015294117647058824 0.33682008368200833 0.004705882352941176 0.3305439330543933 0.004705882352941176 0.33263598326359833 0.015294117647058824
0 0.41422594142259417 0.009411764705882352 0.4351464435146443 0.004705882352941176 0.41841004184100417 0 0.41004184100418406 0.004705882352941176 0.41422594142259417 0.009411764705882352
0 0.016736401673640166 0.06470588235294118 0.02092050209205021 0.06705882352941175 0.0397489539748954 0.058823529411764705 0.046025104602510455 0.07058823529411765 0.0397489539748954 0.07058823529411765 0.03138075313807531 0.08 0.02092050209205021 0.0811764705882353 0.012552301255230125 0.08823529411764705 0.01882845188284519 0.09529411764705882 0.016736401673640166 0.11411764705882352 0.0041841004184100415 0.1188235294117647 0.014644351464435146 0.15058823529411763 0.010460251046025104 0.17529411764705882 0 0.1764705882352941 0.006276150627615063 0.18705882352941178 0 0.19058823529411764 0.008368200836820083 0.19470588235294117 0.012552301255230125 0.2152941176470588 0.008368200836820083 0.23058823529411762 0 0.23411764705882354 0.010460251046025104 0.28941176470588237 0.0020920502092050207 0.3035294117647059 0.008368200836820083 0.39529411764705885 0.0041841004184100415 0.42470588235294116 0.03347280334728033 0.4764705882352941 0.02510460251046025 0.49294117647058827 0.0397489539748954 0.49764705882352944 0.0397489539748954 0.5058823529411764 0.05648535564853556 0.5105882352941176 0.06694560669456066 0.5223529411764706 0.0711297071129707 0.5176470588235295 0.0794979079497908 0.5211764705882354 0.0794979079497908 0.5329411764705883 0.10251046025104602 0.5388235294117647 0.09414225941422594 0.5447058823529412 0.06485355648535565 0.5458823529411765 0.06903765690376569 0.5541176470588235 0.05230125523012552 0.5623529411764705 0.02719665271966527 0.5576470588235294 0.01882845188284519 0.5611764705882353 0.012552301255230125 0.5552941176470588 0.006276150627615063 0.5741176470588235 0.014644351464435146 0.5835294117647059 0.029288702928870293 0.5858823529411764 0.07322175732217573 0.571764705882353 0.08786610878661087 0.5705882352941176 0.09414225941422594 0.5647058823529412 0.0899581589958159 0.5599999999999999 0.1108786610878661 0.5505882352941176 0.12552301255230125 0.5505882352941176 0.12133891213389121 0.5576470588235294 0.1297071129707113 0.5635294117647058 0.15481171548117154 0.5588235294117647 0.20920502092050208 0.5435294117647059 0.22384937238493724 0.5258823529411765 0.24267782426778242 0.5176470588235295 0.5146443514644352 0.4505882352941176 0.5627615062761506 0.4341176470588235 0.7259414225941423 0.3905882352941176 0.7887029288702928 0.3811764705882353 0.7970711297071129 0.37058823529411766 0.809623430962343 0.36941176470588233 0.8138075313807531 0.3635294117647059 0.8200836820083681 0.36588235294117644 0.8158995815899581 0.3576470588235294 0.8305439330543933 0.3482352941176471 0.8326359832635983 0.3211764705882353 0.8284518828451883 0.31529411764705884 0.8200836820083681 0.3141176470588235 0.807531380753138 0.27999999999999997 0.7635983263598326 0.24352941176470586 0.7196652719665272 0.23411764705882354 0.6778242677824268 0.20823529411764707 0.6673640167364017 0.19294117647058823 0.6673640167364017 0.12823529411764706 0.6527196652719665 0.10352941176470587 0.612970711297071 0.06941176470588235 0.5941422594142259 0.06235294117647059 0.5732217573221756 0.06235294117647059 0.5460251046025104 0.05647058823529412 0.5376569037656903 0.04588235294117647 0.5230125523012552 0.03882352941176471 0.50418410041841 0.042352941176470586 0.497907949790795 0.03882352941176471 0.4958158995815899 0.04470588235294117 0.502092050209205 0.051764705882352935 0.4958158995815899 0.057647058823529405 0.48953974895397484 0.09058823529411765 0.4644351464435147 0.12588235294117647 0.4246861924686193 0.14941176470588236 0.37447698744769875 0.16 0.34518828451882844 0.1588235294117647 0.22803347280334724 0.13294117647058823 0.18410041841004182 0.10117647058823528 0.17782426778242677 0.08470588235294117 0.1694560669456067 0.08 0.16736401673640167 0.06588235294117648 0.15481171548117154 0.07294117647058823 0.1506276150627615 0.06823529411764706 0.14853556485355648 0.08823529411764705 0.13389121338912133 0.09529411764705882 0.1297071129707113 0.09294117647058824 0.12761506276150628 0.08352941176470588 0.12133891213389121 0.08352941176470588 0.12761506276150628 0.07764705882352942 0.10460251046025104 0.06352941176470588 0.1108786610878661 0.06 0.10878661087866108 0.05529411764705883 0.10251046025104602 0.06235294117647059 0.09623430962343096 0.0611764705882353 0.0794979079497908 0.04470588235294117 0.09414225941422594 0.04470588235294117 0.10251046025104602 0.03411764705882353 0.11297071129707112 0.03411764705882353 0.11506276150627615 0.02823529411764706 0.10460251046025104 0.018823529411764704 0.1108786610878661 0.009411764705882352 0.12552301255230125 0.02 0.1401673640167364 0.021176470588235293 0.1401673640167364 0.004705882352941176 0.10878661087866108 0 0.10460251046025104 0.0035294117647058825 0.07322175732217573 0.007058823529411765 0.0711297071129707 0.01411764705882353 0.060669456066945605 0.00823529411764706 0.02510460251046025 0.0058823529411764705 0.016736401673640166 0.007058823529411765 0.008368200836820083 0.015294117647058824 0.02092050209205021 0.029411764705882353 0.010460251046025104 0.04 0.023012552301255228 0.052941176470588235 0.016736401673640166 0.06470588235294118
0 0.94765625 0.99375 0.00390625 0.0015625
0 0.37578125 0.99375 0.00625 0.0015625
0 0.9205020920502092 0.9952941176470589 0.9163179916317992 0.991764705882353 0.9142259414225942 0.9952941176470589 0.9205020920502092 0.9952941176470589
0 0.928125 0.98671875 0.00234375 0.0015625
0 0.046875 0.74453125 0.00234375 0.00234375
0 0.01796875 0.7015625 0.00234375 0.0015625
0 0.01171875 0.6890625 0.00234375 0.00234375
0 0.02092050209205021 0.6635294117647058 0.014644351464435146 0.6717647058823529 0.02092050209205021 0.6823529411764706 0.029288702928870293 0.6752941176470588 0.029288702928870293 0.6564705882352941 0.0397489539748954 0.6435294117647059 0.029288702928870293 0.6305882352941177 0.010460251046025104 0.6329411764705882 0.010460251046025104 0.6552941176470588 0.02092050209205021 0.6635294117647058
0 0.02719665271966527 0.7764705882352941 0.029288702928870293 0.7823529411764706 0.03556485355648535 0.78 0.05439330543933054 0.7858823529411765 0.06485355648535565 0.8070588235294117 0.060669456066945605 0.8117647058823529 0.05648535564853556 0.8094117647058823 0.046025104602510455 0.8152941176470587 0.03556485355648535 0.8141176470588235 0.029288702928870293 0.8176470588235294 0.03347280334728033 0.8352941176470589 0.012552301255230125 0.8423529411764706 0.006276150627615063 0.8552941176470588 0.023012552301255228 0.8717647058823529 0.02092050209205021 0.876470588235294 0.03765690376569038 0.8788235294117648 0.03556485355648535 0.8952941176470588 0.01882845188284519 0.891764705882353 0.006276150627615063 0.8976470588235295 0.008368200836820083 0.9211764705882353 0 0.9223529411764705 0.02092050209205021 0.9282352941176469 0.02092050209205021 0.9482352941176471 0 0.9482352941176471 0 0.9658823529411764 0.02092050209205021 0.9752941176470588 0.0397489539748954 0.9741176470588234 0.03765690376569038 0.9670588235294117 0.046025104602510455 0.96 0.06903765690376569 0.96 0.0794979079497908 0.9694117647058823 0.100418410041841 0.968235294117647 0.11297071129707112 0.976470588235294 0.12552301255230125 0.9752941176470588 0.12552301255230125 0.9694117647058823 0.1401673640167364 0.9670588235294117 0.1506276150627615 0.96 0.1506276150627615 0.9541176470588235 0.1694560669456067 0.9541176470588235 0.17782426778242677 0.9470588235294117 0.19246861924686193 0.9647058823529411 0.22384937238493724 0.9588235294117646 0.24686192468619245 0.9705882352941175 0.27615062761506276 0.9729411764705882 0.299163179916318 0.9847058823529412 0.33263598326359833 0.9823529411764707 0.3389121338912134 0.9788235294117648 0.3514644351464435 0.9800000000000001 0.3514644351464435 0.9870588235294118 0.36401673640167365 0.9823529411764707 0.36610878661087864 0.9882352941176471 0.37447698744769875 0.9894117647058824 0.38284518828451886 0.9870588235294118 0.38493723849372385 0.9800000000000001 0.405857740585774 0.9941176470588236 0.42677824267782427 0.9894117647058824 0.4435146443514644 0.9988235294117647 0.4602510460251046 0.9988235294117647 0.4686192468619247 0.9941176470588236 0.502092050209205 0.9941176470588236 0.5146443514644352 0.983529411764706 0.5209205020920502 0.9941176470588236 0.5397489539748953 0.9988235294117647 0.5502092050209205 0.9952941176470589 0.5711297071129706 0.9988235294117647 0.5899581589958158 0.9941176470588236 0.602510460251046 0.9988235294117647 0.6422594142259415 0.9988235294117647 0.6610878661087866 0.991764705882353 0.6882845188284519 0.9952941176470589 0.6924686192468619 0.9988235294117647 0.705020920502092 0.9952941176470589 0.7196652719665272 0.9988235294117647 0.7615062761506276 0.9988235294117647 0.7761506276150627 0.9941176470588236 0.7949790794979079 0.9988235294117647 0.8158995815899581 0.9952941176470589 0.8305439330543933 0.9988235294117647 0.8451882845188283 0.9941176470588236 0.8891213389121339 0.9941176470588236 0.8891213389121339 0.9858823529411765 0.9142259414225942 0.9894117647058824 0.9246861924686192 0.9800000000000001 0.9456066945606694 0.9823529411764707 0.9539748953974895 0.9941176470588236 0.9581589958158995 0.9905882352941177 0.9696652719665272 0.9952941176470589 0.9874476987447698 0.9941176470588236 0.9853556485355648 0.9858823529411765 0.9937238493723848 0.9800000000000001 0.99581589958159 0.9670588235294117 0.9853556485355648 0.9376470588235295 0.997907949790795 0.9058823529411765 0.997907949790795 0.8894117647058823 0.9874476987447698 0.8729411764705881 0.9895397489539748 0.8588235294117647 0.997907949790795 0.851764705882353 0.997907949790795 0.7988235294117647 0.9895397489539748 0.78 0.99581589958159 0.7576470588235293 0.99581589958159 0.6764705882352942 0.9874476987447698 0.5929411764705883 0.997907949790795 0.5705882352941176 0.9937238493723848 0.5329411764705883 0.9832635983263598 0.5129411764705882 0.9937238493723848 0.49058823529411766 0.9895397489539748 0.4623529411764705 0.997907949790795 0.4094117647058823 0.9853556485355648 0.37411764705882355 0.9728033472803347 0.3776470588235294 0.9644351464435147 0.37058823529411766 0.9476987447698745 0.36941176470588233 0.910041841004184 0.3835294117647059 0.8807531380753139 0.3870588235294118 0.8535564853556485 0.4 0.8347280334728033 0.3988235294117647 0.7594142259414226 0.4129411764705882 0.7133891213389121 0.4294117647058823 0.6673640167364017 0.44000000000000006 0.6401673640167364 0.4623529411764705 0.5941422594142259 0.4752941176470588 0.5564853556485355 0.48235294117647054 0.502092050209205 0.5 0.4707112970711297 0.5047058823529411 0.401673640167364 0.528235294117647 0.3179916317991632 0.5470588235294118 0.1422594142259414 0.5964705882352941 0.11297071129707112 0.6011764705882353 0.08577405857740586 0.6 0.06276150627615062 0.6058823529411764 0.05439330543933054 0.6117647058823529 0.05439330543933054 0.6705882352941177 0.043933054393305436 0.6823529411764706 0.05230125523012552 0.7094117647058823 0.06276150627615062 0.7188235294117648 0.06485355648535565 0.7517647058823529 0.05230125523012552 0.7541176470588236 0.04811715481171548 0.7482352941176471 0.0397489539748954 0.7529411764705882 0.03556485355648535 0.7411764705882353 0.03138075313807531 0.7494117647058823 0.023012552301255228 0.7505882352941177 0.016736401673640166 0.7447058823529412 0.010460251046025104 0.7505882352941177 0.012552301255230125 0.7717647058823529 0.02719665271966527 0.7764705882352941
0 0.25 0.12890625 0.00234375 0.00390625
0 0.24375 0.09609375 0.00234375 0.00390625
0 0.3734375 0.06328125 0.00234375 0.0015625
0 0.27824267782426776 0.07411764705882354 0.2845188284518828 0.07058823529411765 0.27615062761506276 0.06 0.26987447698744765 0.06 0.26778242677824265 0.06470588235294118 0.27824267782426776 0.07411764705882354
0 0.28870292887029286 0.043529411764705886 0.2845188284518828 0.04 0.2824267782426778 0.043529411764705886 0.28870292887029286 0.043529411764705886
0 0.39748953974895396 0.043529411764705886 0.3933054393305439 0.03529411764705882 0.38702928870292885 0.03882352941176471 0.38493723849372385 0.042352941176470586 0.39748953974895396 0.043529411764705886
0 0.3484375 0.00546875 0.00234375 0.0015625
0 0.33263598326359833 0.01764705882352941 0.34100418410041844 0.015294117647058824 0.34309623430962344 0.007058823529411765 0.3389121338912134 0.0035294117647058825 0.3263598326359832 0.004705882352941176 0.32217573221757323 0.015294117647058824 0.33263598326359833 0.01764705882352941
0 0.3138075313807531 0.01411764705882353 0.3158995815899582 0.0058823529411764705 0.305439330543933 0.0035294117647058825 0.303347280334728 0.00823529411764706 0.3138075313807531 0.01411764705882353
0 0.41213389121338906 0.00823529411764706 0.41422594142259417 0.015294117647058824 0.42259414225941416 0.0058823529411764705 0.4330543933054393 0.0058823529411764705 0.41422594142259417 0 0.403765690376569 0.004705882352941176 0.41213389121338906 0.00823529411764706
0 0.19874476987447698 0.00823529411764706 0.21129707112970708 0.0058823529411764705 0.20711297071129708 0 0.19456066945606693 0.0035294117647058825 0.19246861924686193 0.007058823529411765 0.19874476987447698 0.00823529411764706
0 0.008368200836820083 0.03882352941176471 0.016736401673640166 0.05411764705882353 0.012552301255230125 0.06235294117647059 0.023012552301255228 0.06588235294117648 0.02092050209205021 0.06823529411764706 0.03347280334728033 0.06941176470588235 0.03347280334728033 0.07294117647058823 0.023012552301255228 0.07764705882352942 0.012552301255230125 0.07529411764705882 0.02092050209205021 0.07764705882352942 0.010460251046025104 0.08235294117647059 0.01882845188284519 0.0976470588235294 0.016736401673640166 0.11411764705882352 0.006276150627615063 0.1188235294117647 0.008368200836820083 0.13529411764705884 0.014644351464435146 0.13999999999999999 0.006276150627615063 0.18470588235294116 0.012552301255230125 0.22588235294117648 0 0.23411764705882354 0.014644351464435146 0.29647058823529415 0.0041841004184100415 0.3 0.0041841004184100415 0.36941176470588233 0.012552301255230125 0.3976470588235294 0.006276150627615063 0.42470588235294116 0.029288702928870293 0.47411764705882353 0.0397489539748954 0.4835294117647059 0.0397489539748954 0.5047058823529411 0.05439330543933054 0.5094117647058823 0.05230125523012552 0.5152941176470589 0.060669456066945605 0.5164705882352941 0.06694560669456066 0.5235294117647059 0.0794979079497908 0.5235294117647059 0.07740585774058577 0.5329411764705883 0.0899581589958159 0.5376470588235294 0.08786610878661087 0.5435294117647059 0.0794979079497908 0.5447058823529412 0.07740585774058577 0.556470588235294 0.03765690376569038 0.5599999999999999 0.014644351464435146 0.5541176470588235 0.008368200836820083 0.5576470588235294 0.008368200836820083 0.5752941176470588 0.01882845188284519 0.5847058823529412 0.03556485355648535 0.5847058823529412 0.07322175732217573 0.571764705882353 0.09414225941422594 0.571764705882353 0.09623430962343096 0.5611764705882353 0.10251046025104602 0.5588235294117647 0.10460251046025104 0.5647058823529412 0.1108786610878661 0.5552941176470588 0.12761506276150628 0.5635294117647058 0.1527196652719665 0.5599999999999999 0.20920502092050208 0.5435294117647059 0.22384937238493724 0.5258823529411765 0.24267782426778242 0.5176470588235295 0.2635983263598326 0.5152941176470589 0.27824267782426776 0.508235294117647 0.5146443514644352 0.4505882352941176 0.6380753138075314 0.4129411764705882 0.6652719665271967 0.4094117647058823 0.7615062761506276 0.3847058823529412 0.809623430962343 0.3847058823529412 0.8263598326359831 0.38 0.8410041841004183 0.36941176470588233 0.8514644351464435 0.37058823529411766 0.8723849372384936 0.36470588235294116 0.910041841004184 0.3611764705882353 0.9686192468619247 0.33999999999999997 0.9853556485355648 0.3376470588235294 0.9937238493723848 0.2611764705882353 0.9937238493723848 0.16941176470588235 0.9895397489539748 0.1611764705882353 0.9790794979079497 0.16 0.9414225941422594 0.13529411764705884 0.9351464435146444 0.10156823529411765 0.9267782426778242 0.09882352941176471 0.9351464435146444 0.09529411764705882 0.9246861924686192 0.09529411764705882 0.9246861924686192 0.1 0.9184100418410042 0.10117647058823528 0.907949790794979 0.09294117647058824 0.910041841004184 0.0811764705882353 0.9205020920502092 0.07764705882352942 0.9205020920502092 0.07294117647058823 0.9414225941422594 0.057647058823529405 0.9414225941422594 0.022352941176470586 0.9288702928870294 0.004705882352941176 0.905857740585774 0.00823529411764706 0.897489539748954 0.004705882352941176 0.8870292887029289 0.007058823529411765 0.8828451882845189 0.0035294117647058825 0.8577405857740585 0.0035294117647058825 0.8368200836820083 0.011764705882352941 0.8200836820083681 0.004705882352941176 0.807531380753138 0.01647058823529412 0.803347280334728 0.01411764705882353 0.7928870292887029 0.01764705882352941 0.7635983263598326 0.01647058823529412 0.7573221757322175 0.012941176470588234 0.7447698744769874 0.01647058823529412 0.7343096234309623 0.00823529411764706 0.7154811715481172 0.024705882352941178 0.700836820083682 0.021176470588235293 0.6945606694560669 0.009411764705882352 0.6882845188284519 0.010588235294117647 0.6820083682008369 0.004705882352941176 0.6652719665271967 0.009411764705882352 0.6610878661087866 0.004705882352941176 0.6297071129707112 0.002352941176470588 0.610878661087866 0.010588235294117647 0.600418410041841 0.004705882352941176 0.5794979079497907 0.002352941176470588 0.5648535564853556 0.0035294117647058825 0.5502092050209205 0.010588235294117647 0.5460251046025104 0.00823529411764706 0.5439330543933054 0.011764705882352941 0.5251046025104602 0.007058823529411765 0.5209205020920502 0.009411764705882352 0.5083682008368201 0.0035294117647058825 0.4937238493723849 0.009411764705882352 0.48744769874476984 0.004705882352941176 0.4560669456066945 0.004705882352941176 0.4497907949790795 0.13294117647058823 0.4246861924686193 0.14705882352941174 0.37447698744769875 0.15764705882352942 0.34518828451882844 0.15764705882352942 0.29707112970711297 0.14941176470588236 0.2803347280334728 0.1423529411764706 0.23430962343096234 0.1341176470588235 0.20920502092050208 0.12 0.18200836820083682 0.09529411764705882 0.1694560669456067 0.07411764705882354 0.16527196652719664 0.049411764705882356 0.15690376569037656 0.04 0.16736401673640167 0.03764705882352941 0.16736401673640167 0.03058823529411765 0.1589958158995816 0.029411764705882353 0.1589958158995816 0.024705882352941178 0.16736401673640167 0.023529411764705882 0.1589958158995816 0.02 0.16736401673640167 0.01647058823529412 0.16527196652719664 0.00823529411764706 0.14853556485355648 0.011764705882352941 0.1317991631799163 0 0.10460251046025104 0 0.09832635983263598 0.0035294117647058825 0.07322175732217573 0.004705882352941176 0.06903765690376569 0.011764705882352941 0.060669456066945605 0.007058823529411765 0.023012552301255228 0.004705882352941176 0.012552301255230125 0.00823529411764706 0.016736401673640166 0.01411764705882353 0.008368200836820083 0.015294117647058824 0.01882845188284519 0.027058823529411764 0.008368200836820083 0.03882352941176471
0 0.8430962343096233 0.2011764705882353 0.8326359832635983 0.1988235294117647 0.8263598326359831 0.20823529411764707 0.8179916317991631 0.20823529411764707 0.8158995815899581 0.22470588235294117 0.7761506276150627 0.2376470588235294 0.7928870292887029 0.2564705882352941 0.811715481171548 0.2541176470588235 0.8242677824267781 0.2611764705882353 0.8263598326359831 0.27294117647058824 0.8347280334728033 0.2752941176470588 0.8410041841004183 0.30117647058823527 0.8347280334728033 0.33294117647058824 0.8368200836820083 0.36705882352941177 0.8305439330543933 0.3729411764705882 0.8200836820083681 0.36823529411764705 0.805439330543933 0.37176470588235294 0.799163179916318 0.38823529411764707 0.8410041841004183 0.3835294117647059 0.8933054393305438 0.36705882352941177 0.9225941422594142 0.3623529411764706 0.9497907949790795 0.35058823529411764 0.9874476987447698 0.34470588235294114 0.9937238493723848 0.33999999999999997 0.997907949790795 0.16352941176470587 0.9497907949790795 0.1388235294117647 0.9309623430962344 0.15294117647058822 0.9205020920502092 0.14705882352941174 0.9205020920502092 0.1388235294117647 0.9142259414225942 0.14705882352941174 0.901673640167364 0.14823529411764708 0.899581589958159 0.14352941176470588 0.899581589958159 0.15764705882352942 0.8828451882845189 0.15764705882352942 0.8786610878661086 0.1623529411764706 0.8640167364016736 0.16352941176470587 0.8493723849372385 0.19764705882352943 0.8430962343096233 0.2011764705882353
0 0.98046875 0.0953125 0.00234375 0.0046875
0 0.98046875 0.0890625 0.00234375 0.00234375
0 0.9874476987447698 0.047058823529411764 0.9937238493723848 0.043529411764705886 0.9916317991631798 0.036470588235294116 0.9874476987447698 0.03411764705882353 0.9811715481171548 0.03882352941176471 0.9790794979079497 0.047058823529411764 0.9874476987447698 0.047058823529411764
0 0.5251046025104602 0.011764705882352941 0.5502092050209205 0.04823529411764706 0.6171548117154811 0.06705882352941175 0.6569037656903765 0.10235294117647058 0.6736401673640167 0.13999999999999999 0.6715481171548117 0.1811764705882353 0.6861924686192469 0.20705882352941174 0.7259414225941423 0.22941176470588234 0.7635983263598326 0.2376470588235294 0.805439330543933 0.268235294117647 0.8200836820083681 0.2858823529411765 0.8305439330543933 0.2823529411764706 0.8368200836820083 0.28705882352941176 0.8430962343096233 0.3035294117647059 0.8368200836820083 0.34941176470588237 0.8138075313807531 0.3576470588235294 0.8179916317991631 0.3611764705882353 0.799163179916318 0.3729411764705882 0.799163179916318 0.3847058823529412 0.8284518828451883 0.3811764705882353 0.8326359832635983 0.3764705882352941 0.8472803347280335 0.3764705882352941 0.905857740585774 0.3588235294117647 0.9163179916317992 0.36 0.9435146443514644 0.34941176470588237 0.9476987447698745 0.3411764705882353 0.9874476987447698 0.3411764705882353 0.99581589958159 0.3070588235294117 0.997907949790795 0.17411764705882354 0.9895397489539748 0.15529411764705883 0.9937238493723848 0.14823529411764708 0.9769874476987447 0.13176470588235295 0.9874476987447698 0.12823529411764706 0.9832635983263598 0.1188235294117647 0.9707112970711297 0.11764705882352941 0.9665271966527197 0.10941176470588235 0.9728033472803347 0.09529411764705882 0.9665271966527197 0.08 0.9895397489539748 0.06352941176470588 0.9811715481171548 0.0611764705882353 0.9790794979079497 0.051764705882352935 0.9686192468619247 0.049411764705882356 0.9602510460251045 0.03764705882352941 0.9497907949790795 0.036470588235294116 0.9435146443514644 0.01411764705882353 0.9518828451882845 0.011764705882352941 0.9414225941422594 0.011764705882352941 0.9288702928870294 0 0.7364016736401673 0.002352941176470588 0.7112970711297071 0.007058823529411765 0.6317991631799164 0 0.610878661087866 0.009411764705882352 0.5962343096234309 0.002352941176470588 0.5418410041841004 0.007058823529411765 0.5355648535564853 0.004705882352941176 0.5355648535564853 0.010588235294117647 0.5251046025104602 0.011764705882352941