0 0 0.0671875 0.005172413793103448 0.06953125 0.020689655172413793 0.06796875 0.04482758620689655 0.07421875 0.06206896551724138 0.071875 0.08103448275862069 0.07578125 0.09655172413793103 0.07578125 0.10172413793103448 0.0734375 0.10862068965517242 0.078125 0.12931034482758622 0.07734375 0.12931034482758622 0.0671875 0.1396551724137931 0.05859375 0.13620689655172413 0.04921875 0.11724137931034481 0.0390625 0.08793103448275862 0.03828125 0.07241379310344828 0.03203125 0.05 0.034375 0.03275862068965517 0.028125 0.01206896551724138 0.028125 0.005172413793103448 0.03046875 0 0.0328125 0 0.0671875
0 0.02413793103448276 0.14140625 0.017241379310344827 0.1359375 0 0.13203125 0 0.18828125 0.005172413793103448 0.20234375 0.015517241379310345 0.20859375 0.020689655172413793 0.20625 0.022413793103448276 0.209375 0.043103448275862065 0.209375 0.06034482758620689 0.203125 0.06724137931034482 0.196875 0.10862068965517242 0.2 0.11379310344827587 0.19453125 0.11551724137931034 0.14375 0.08793103448275862 0.14296875 0.07586206896551724 0.13828125 0.05344827586206896 0.13984375 0.043103448275862065 0.134375 0.03103448275862069 0.13515625 0.02413793103448276 0.14140625
0 0.025862068965517244 0.134375 0.022413793103448276 0.13203125 0 0.13125 0 0.21015625 0.029310344827586203 0.2140625 0.043103448275862065 0.21328125 0.06551724137931034 0.20078125 0.08448275862068966 0.1984375 0.10862068965517242 0.20234375 0.11379310344827587 0.19765625 0.11551724137931034 0.14375 0.0896551724137931 0.14296875 0.07241379310344828 0.13671875 0.07241379310344828 0.12890625 0.06724137931034482 0.13671875 0.05517241379310345 0.1390625 0.043103448275862065 0.1265625 0.03793103448275862 0.13125 0.025862068965517244 0.134375
0 0.10517241379310345 0.125 0.10517241379310345 0.12265625 0.09482758620689655 0.121875 0.09310344827586206 0.1265625 0.10517241379310345 0.125
0 0.05172413793103449 0.125 0.056896551724137934 0.1265625 0.056896551724137934 0.1203125 0.04655172413793103 0.12265625 0.04827586206896552 0.128125 0.05172413793103449 0.125
0 0.07241379310344828 0.1234375 0.06724137931034482 0.11953125 0.06724137931034482 0.12265625 0.07241379310344828 0.1234375
0 0 0.128125 0.0017241379310344827 0.12109375 0 0.11953125 0 0.128125
0 0.01896551724137931 0.11796875 0.029310344827586203 0.11640625 0.017241379310344827 0.11484375 0.013793103448275862 0.11640625 0.01896551724137931 0.11796875
0 0.0034482758620689655 0.109375 0.015517241379310345 0.1078125 0.03793103448275862 0.1140625 0.058620689655172406 0.11328125 0.07241379310344828 0.1171875 0.10517241379310345 0.115625 0.11551724137931034 0.11953125 0.12241379310344827 0.11328125 0.11896551724137931 0.103125 0.12931034482758622 0.0890625 0.13103448275862067 0.0671875 0.13793103448275862 0.06015625 0.13620689655172413 0.05 0.10862068965517242 0.0390625 0.08793103448275862 0.03984375 0.06724137931034482 0.03359375 0.06206896551724138 0.0359375 0.04482758620689655 0.03515625 0.041379310344827586 0.03203125 0.025862068965517244 0.02890625 0.006896551724137931 0.03125 0 0.034375 0.0034482758620689655 0.109375
0 0.34827586206896555 0.3765625 0.3413793103448276 0.375 0.33793103448275863 0.3765625 0.34827586206896555 0.3765625
0 0.1275862068965517 0.221875 0.12241379310344827 0.275 0.12931034482758622 0.28359375 0.15344827586206897 0.29921875 0.17758620689655172 0.3046875 0.19827586206896552 0.3140625 0.21206896551724136 0.3359375 0.2551724137931034 0.36015625 0.30344827586206896 0.3640625 0.30689655172413793 0.36640625 0.31724137931034485 0.36328125 0.33448275862068966 0.3640625 0.3413793103448276 0.371875 0.35172413793103446 0.36953125 0.35517241379310344 0.37265625 0.37241379310344824 0.36484375 0.4086206896551724 0.36484375 0.4137931034482759 0.3625 0.47413793103448276 0.36953125 0.5155172413793103 0.36640625 0.5327586206896552 0.3671875 0.5413793103448276 0.3703125 0.5534482758620689 0.3671875 0.5879310344827586 0.36953125 0.6068965517241379 0.36484375 0.6293103448275862 0.36953125 0.6362068965517241 0.36640625 0.653448275862069 0.3671875 0.6775862068965517 0.36328125 0.75 0.36328125 0.7689655172413793 0.36640625 0.7758620689655172 0.36328125 0.7827586206896552 0.36484375 0.789655172413793 0.3625 0.8 0.36640625 0.8396551724137931 0.35546875 0.8568965517241379 0.33515625 0.8637931034482758 0.31015625 0.8862068965517242 0.2796875 0.8896551724137931 0.26015625 0.9017241379310346 0.2484375 0.903448275862069 0.2390625 0.9206896551724137 0.2234375 0.9224137931034482 0.20859375 0.9327586206896552 0.1953125 0.9310344827586207 0.18828125 0.9448275862068967 0.175 0.9379310344827585 0.1640625 0.9586206896551724 0.1578125 0.9586206896551724 0.15390625 0.9431034482758621 0.15078125 0.9413793103448276 0.1453125 0.9586206896551724 0.14375 0.9620689655172413 0.13828125 0.9517241379310345 0.134375 0.946551724137931 0.1234375 0.9344827586206896 0.115625 0.9172413793103449 0.1125 0.8827586206896552 0.12421875 0.8724137931034482 0.11640625 0.85 0.1078125 0.8206896551724137 0.1078125 0.8068965517241379 0.1125 0.7862068965517242 0.1046875 0.7620689655172413 0.1046875 0.7413793103448276 0.10078125 0.7120689655172414 0.10390625 0.6948275862068966 0.0984375 0.6672413793103449 0.1 0.65 0.09453125 0.6258620689655172 0.09453125 0.6189655172413793 0.096875 0.6086206896551725 0.09140625 0.5706896551724138 0.0921875 0.5534482758620689 0.08828125 0.5155172413793103 0.08671875 0.496551724137931 0.08125 0.45 0.08046875 0.41896551724137926 0.07421875 0.3655172413793103 0.0734375 0.3586206896551724 0.07109375 0.33448275862068966 0.0703125 0.3155172413793103 0.065625 0.2844827586206896 0.065625 0.26379310344827583 0.06015625 0.2482758620689655 0.06015625 0.22758620689655173 0.07109375 0.22241379310344828 0.07109375 0.20862068965517241 0.05703125 0.1879310344827586 0.053125 0.16034482758620688 0.05234375 0.1396551724137931 0.06875 0.14482758620689656 0.078125 0.12931034482758622 0.10078125 0.13448275862068965 0.1125 0.1275862068965517 0.121875 0.12931034482758622 0.13984375 0.12241379310344827 0.1546875 0.12068965517241378 0.20703125 0.1275862068965517 0.221875
0 0 0.209375 0.03275862068965517 0.21484375 0.039655172413793106 0.2140625 0.06724137931034482 0.2 0.11206896551724137 0.2 0.11551724137931034 0.13984375 0.12413793103448276 0.1140625 0.12068965517241378 0.10078125 0.12931034482758622 0.08828125 0.13620689655172413 0.0515625 0.1103448275862069 0.03984375 0.08793103448275862 0.03984375 0.07413793103448277 0.03515625 0.05517241379310345 0.03671875 0.025862068965517244 0.0296875 0.008620689655172414 0.03125 0 0.03515625 0 0.209375
0 0 0.21328125 0 0.41015625 0.006896551724137931 0.41640625 0 0.421875 0 0.67578125 0.020689655172413793 0.671875 0.08103448275862069 0.671875 0.08793103448275862 0.66171875 0.11206896551724137 0.3109375 0.11896551724137931 0.2921875 0.11206896551724137 0.27890625 0.11724137931034481 0.21640625 0.11206896551724137 0.209375 0.09310344827586206 0.203125 0.06724137931034482 0.2046875 0.039655172413793106 0.2203125 0 0.21328125