0 0.10859375 0.8333333333333334 0.115625 0.8470790378006873 0.115625 0.8591065292096222 0.12578125 0.8969072164948454 0.1359375 0.9140893470790379 0.14375 0.9501718213058419 0.153125 0.963917525773196 0.15078125 0.9725085910652922 0.15390625 0.9793814432989691 0.17421875 0.9845360824742269 0.18125 0.9776632302405499 0.21328125 0.9810996563573884 0.21953125 0.9879725085910653 0.22890625 0.9845360824742269 0.22734375 0.963917525773196 0.22109375 0.9432989690721649 0.2203125 0.9243986254295533 0.21328125 0.9003436426116839 0.2109375 0.8762886597938145 0.203125 0.8625429553264606 0.2 0.8298969072164949 0.19296875 0.8195876288659795 0.19296875 0.7989690721649485 0.1890625 0.7938144329896908 0.19609375 0.7800687285223369 0.203125 0.7508591065292097 0.20390625 0.7336769759450172 0.21328125 0.718213058419244 0.21796875 0.7027491408934708 0.21640625 0.6855670103092784 0.21328125 0.6786941580756014 0.19296875 0.6666666666666667 0.1546875 0.6649484536082475 0.15078125 0.6718213058419245 0.15 0.6872852233676976 0.14453125 0.7010309278350516 0.1125 0.752577319587629 0.10703125 0.7731958762886599 0.10234375 0.7783505154639176 0.1015625 0.7938144329896908 0.10859375 0.8333333333333334
0 0.29375 0.802405498281787 0.29296875 0.8144329896907218 0.29765625 0.8333333333333334 0.29765625 0.8487972508591065 0.3015625 0.8573883161512029 0.3046875 0.8917525773195877 0.309375 0.9020618556701031 0.3109375 0.929553264604811 0.315625 0.9415807560137457 0.321875 0.9810996563573884 0.33828125 0.993127147766323 0.36640625 0.9879725085910653 0.3984375 0.9914089347079038 0.40234375 0.9862542955326461 0.40390625 0.9690721649484537 0.40078125 0.9518900343642611 0.4015625 0.9243986254295533 0.39375 0.8883161512027492 0.39375 0.8711340206185568 0.38984375 0.852233676975945 0.378125 0.7371134020618557 0.3796875 0.7199312714776632 0.384375 0.7044673539518901 0.38984375 0.6460481099656358 0.384375 0.6391752577319588 0.35 0.6408934707903781 0.3359375 0.6477663230240551 0.328125 0.6460481099656358 0.3171875 0.6546391752577321 0.3046875 0.6872852233676976 0.30078125 0.7164948453608248 0.2921875 0.7285223367697595 0.2890625 0.7439862542955327 0.290625 0.7938144329896908 0.29375 0.802405498281787
0 0 0.8951890034364262 0.00234375 0.8986254295532646 0 0.9020618556701031 0 0.9553264604810998 0.009375 0.9793814432989691 0.003125 0.993127147766323 0.0078125 0.9862542955326461 0.009375 0.9948453608247423 0.0125 0.9948453608247423 0.015625 0.9862542955326461 0.05390625 0.993127147766323 0.05859375 0.9845360824742269 0.0578125 0.970790378006873 0.05 0.9587628865979383 0.05 0.9467353951890034 0.0453125 0.9347079037800687 0.0453125 0.9192439862542956 0.0296875 0.8848797250859107 0.0296875 0.8728522336769761 0.02265625 0.8642611683848799 0.0234375 0.8316151202749141 0.0171875 0.8213058419243987 0.0046875 0.816151202749141 0 0.8195876288659795 0 0.8951890034364262
0 0.08125 0.5807560137457045 0.08359375 0.5979381443298969 0.0921875 0.6185567010309279 0.1078125 0.6185567010309279 0.11640625 0.6082474226804124 0.12890625 0.584192439862543 0.13671875 0.577319587628866 0.14375 0.5549828178694158 0.14296875 0.5498281786941581 0.134375 0.5498281786941581 0.12109375 0.5257731958762888 0.12109375 0.5103092783505155 0.1390625 0.4776632302405499 0.13828125 0.4725085910652921 0.1328125 0.47079037800687284 0.1125 0.47938144329896915 0.096875 0.49312714776632305 0.07734375 0.5171821305841925 0.06953125 0.534364261168385 0.06875 0.5412371134020619 0.08125 0.5807560137457045
0 0.82734375 0.6563573883161513 0.84140625 0.6529209621993128 0.8421875 0.6477663230240551 0.85078125 0.6408934707903781 0.8515625 0.6580756013745706 0.85546875 0.6597938144329898 0.85078125 0.6718213058419245 0.8546875 0.668384879725086 0.85703125 0.6769759450171822 0.85234375 0.6838487972508591 0.8484375 0.6821305841924399 0.8453125 0.6907216494845361 0.84921875 0.7061855670103093 0.85078125 0.7336769759450172 0.846875 0.7405498281786942 0.84140625 0.7405498281786942 0.840625 0.7508591065292097 0.83515625 0.7577319587628867 0.834375 0.7783505154639176 0.83125 0.7817869415807561 0.83125 0.7920962199312716 0.82734375 0.8058419243986255 0.83046875 0.8333333333333334 0.82109375 0.8505154639175257 0.8203125 0.8780068728522338 0.81015625 0.9003436426116839 0.81015625 0.9312714776632303 0.80546875 0.9432989690721649 0.80234375 0.9759450171821307 0.81640625 0.9862542955326461 0.8453125 0.9776632302405499 0.8609375 0.9845360824742269 0.86953125 0.9810996563573884 0.8765625 0.9690721649484537 0.87578125 0.9587628865979383 0.88671875 0.9278350515463918 0.88515625 0.9175257731958764 0.88984375 0.9072164948453609 0.890625 0.8969072164948454 0.896875 0.8883161512027492 0.896875 0.8728522336769761 0.903125 0.8625429553264606 0.90234375 0.852233676975945 0.90859375 0.8419243986254296 0.9078125 0.8281786941580757 0.9140625 0.8195876288659795 0.915625 0.7989690721649485 0.921875 0.7920962199312716 0.9203125 0.7783505154639176 0.928125 0.7646048109965636 0.9265625 0.7474226804123713 0.93359375 0.7405498281786942 0.9328125 0.718213058419244 0.9390625 0.7096219931271478 0.9390625 0.6941580756013745 0.93125 0.6872852233676976 0.92421875 0.6701030927835052 0.91328125 0.6701030927835052 0.9140625 0.6580756013745706 0.9109375 0.6477663230240551 0.903125 0.6460481099656358 0.88671875 0.6151202749140894 0.8796875 0.6134020618556701 0.87265625 0.6013745704467355 0.85078125 0.6013745704467355 0.84140625 0.6151202749140894 0.82734375 0.6151202749140894 0.81484375 0.6340206185567011 0.81796875 0.6477663230240551 0.82734375 0.6563573883161513
0 0.4765625 0.8969072164948454 0.4796875 0.9140893470790379 0.4796875 0.9450171821305842 0.48359375 0.9621993127147768 0.48359375 0.9828178694158076 0.49140625 0.9914089347079038 0.54609375 0.9828178694158076 0.55 0.9862542955326461 0.55 0.9106529209621994 0.55390625 0.8900343642611684 0.5515625 0.7972508591065293 0.553125 0.731958762886598 0.55 0.6649484536082475 0.54453125 0.6099656357388317 0.54140625 0.604810996563574 0.49140625 0.6065292096219932 0.478125 0.6099656357388317 0.47265625 0.6202749140893471 0.4703125 0.725085910652921 0.4765625 0.8969072164948454
0 0.03046875 0.8762886597938145 0.03125 0.88659793814433 0.0375 0.8986254295532646 0.03828125 0.9106529209621994 0.0453125 0.9209621993127148 0.05546875 0.9656357388316152 0.07109375 0.9793814432989691 0.12265625 0.9776632302405499 0.1421875 0.9656357388316152 0.1359375 0.9261168384879725 0.1234375 0.8951890034364262 0.121875 0.8831615120274915 0.1140625 0.8728522336769761 0.11171875 0.8470790378006873 0.103125 0.8316151202749141 0.08046875 0.8127147766323025 0.03515625 0.8127147766323025 0.02890625 0.8178694158075602 0.02421875 0.8350515463917526 0.025 0.8694158075601376 0.03046875 0.8762886597938145
0 0.21953125 0.6838487972508591 0.21953125 0.7096219931271478 0.209375 0.7302405498281788 0.2015625 0.7714776632302407 0.1953125 0.7886597938144331 0.1953125 0.7972508591065293 0.20625 0.8642611683848799 0.2109375 0.8728522336769761 0.21328125 0.8883161512027492 0.2203125 0.9003436426116839 0.22265625 0.9398625429553265 0.2296875 0.957044673539519 0.2328125 0.9793814432989691 0.240625 0.9896907216494846 0.25703125 0.993127147766323 0.2671875 0.993127147766323 0.275 0.9845360824742269 0.31015625 0.9845360824742269 0.3109375 0.957044673539519 0.30546875 0.9278350515463918 0.30390625 0.9003436426116839 0.29921875 0.88659793814433 0.3 0.8591065292096222 0.29140625 0.8419243986254296 0.2921875 0.8247422680412372 0.28671875 0.8058419243986255 0.28671875 0.7852233676975946 0.28203125 0.7783505154639176 0.28828125 0.7336769759450172 0.309375 0.6632302405498283 0.29296875 0.6529209621993128 0.2859375 0.6580756013745706 0.24375 0.6597938144329898 0.234375 0.668384879725086 0.21953125 0.6666666666666667 0.221875 0.6735395189003437 0.21953125 0.6838487972508591
0 0.01171875 0.7285223367697595 0.00859375 0.7353951890034365 0.00859375 0.7439862542955327 0 0.7542955326460482 0 0.7989690721649485 0.01015625 0.8127147766323025 0.07890625 0.8109965635738833 0.09140625 0.8178694158075602 0.09375 0.8127147766323025 0.096875 0.7731958762886599 0.12265625 0.7216494845360826 0.13984375 0.6975945017182131 0.14609375 0.668384879725086 0.13671875 0.6460481099656358 0.090625 0.6512027491408936 0.0703125 0.6426116838487973 0.05625 0.6477663230240551 0.03984375 0.6769759450171822 0.03203125 0.6786941580756014 0.02578125 0.6872852233676976 0.02265625 0.7147766323024055 0.01171875 0.7285223367697595
0 0.47734375 0.6030927835051547 0.4796875 0.604810996563574 0.54296875 0.6013745704467355 0.546875 0.5910652920962199 0.54453125 0.5532646048109966 0.5390625 0.5189003436426117 0.4875 0.5240549828178694 0.4765625 0.5446735395189004 0.47578125 0.5893470790378007 0.47734375 0.6030927835051547
0 0.5625 0.6975945017182131 0.56171875 0.7285223367697595 0.5640625 0.7336769759450172 0.56015625 0.88659793814433 0.5625 0.9072164948453609 0.56171875 0.9793814432989691 0.56875 0.9879725085910653 0.578125 0.9879725085910653 0.596875 0.9742268041237114 0.6125 0.9776632302405499 0.61171875 0.9862542955326461 0.61484375 0.9896907216494846 0.6296875 0.9879725085910653 0.6328125 0.9810996563573884 0.6359375 0.957044673539519 0.63515625 0.9209621993127148 0.63828125 0.9020618556701031 0.63828125 0.8711340206185568 0.6421875 0.8470790378006873 0.640625 0.8230240549828179 0.64453125 0.809278350515464 0.64453125 0.7731958762886599 0.6484375 0.752577319587629 0.64765625 0.7302405498281788 0.64453125 0.7216494845360826 0.646875 0.7130584192439863 0.64609375 0.6855670103092784 0.64375 0.6769759450171822 0.63671875 0.6701030927835052 0.6375 0.6597938144329898 0.63203125 0.6529209621993128 0.62890625 0.6305841924398626 0.61953125 0.6030927835051547 0.56328125 0.6082474226804124 0.55859375 0.6134020618556701 0.55859375 0.6649484536082475 0.5625 0.6975945017182131
0 0.3859375 0.7405498281786942 0.3859375 0.7766323024054984 0.3890625 0.7938144329896908 0.38984375 0.8213058419243987 0.396875 0.8316151202749141 0.39453125 0.8436426116838488 0.3953125 0.8711340206185568 0.4015625 0.9158075601374571 0.40546875 0.9278350515463918 0.40703125 0.9604810996563575 0.41171875 0.9828178694158076 0.41796875 0.9914089347079038 0.42578125 0.9914089347079038 0.43203125 0.9896907216494846 0.434375 0.9810996563573884 0.4421875 0.9759450171821307 0.46640625 0.9828178694158076 0.47734375 0.9793814432989691 0.4765625 0.9415807560137457 0.471875 0.9175257731958764 0.47421875 0.9106529209621994 0.471875 0.7989690721649485 0.465625 0.7199312714776632 0.46796875 0.6151202749140894 0.40390625 0.6202749140893471 0.39453125 0.6494845360824744 0.39453125 0.6701030927835052 0.38984375 0.7096219931271478 0.38671875 0.718213058419244 0.38828125 0.7302405498281788 0.3859375 0.7405498281786942
0 0.64296875 0.6357388316151203 0.6453125 0.6546391752577321 0.653125 0.6701030927835052 0.65078125 0.6786941580756014 0.65078125 0.6993127147766324 0.6546875 0.7268041237113403 0.6453125 0.8230240549828179 0.64375 0.8780068728522338 0.640625 0.8900343642611684 0.6375 0.9810996563573884 0.64375 0.9862542955326461 0.67265625 0.9810996563573884 0.69140625 0.993127147766323 0.703125 0.9914089347079038 0.70859375 0.9828178694158076 0.71328125 0.9329896907216495 0.72109375 0.8969072164948454 0.721875 0.8728522336769761 0.72578125 0.8591065292096222 0.7328125 0.8006872852233677 0.7328125 0.7835051546391754 0.7390625 0.7491408934707905 0.740625 0.6993127147766324 0.73046875 0.661512027491409 0.70625 0.5979381443298969 0.69140625 0.604810996563574 0.65 0.6065292096219932 0.63671875 0.6168384879725086 0.6359375 0.6323024054982819 0.64296875 0.6357388316151203