0 0.8556485355648535 0.7588235294117647 0.997907949790795 0.7541176470588236 0.997907949790795 0.7341176470588235 0.9874476987447698 0.7082352941176471 0.9728033472803347 0.7094117647058823 0.8514644351464435 0.7517647058823529 0.8493723849372385 0.7564705882352941 0.8556485355648535 0.7588235294117647
0 0.35564853556485354 0.7470588235294118 0.3807531380753138 0.7435294117647059 0.4539748953974895 0.7494117647058823 0.4707112970711297 0.7411764705882353 0.4958158995815899 0.7364705882352941 0.5271966527196652 0.74 0.5418410041841004 0.7458823529411764 0.6276150627615062 0.7388235294117647 0.6610878661087866 0.7482352941176471 0.6610878661087866 0.7635294117647058 0.7154811715481172 0.7635294117647058 0.6903765690376569 0.7470588235294118 0.6464435146443515 0.7035294117647058 0.6359832635983264 0.6964705882352942 0.6255230125523012 0.6964705882352942 0.6255230125523012 0.6905882352941177 0.6192468619246861 0.7 0.608786610878661 0.6976470588235294 0.598326359832636 0.7058823529411764 0.5606694560669456 0.7035294117647058 0.5146443514644352 0.7082352941176471 0.48326359832635984 0.7070588235294117 0.47489539748953974 0.7117647058823529 0.4518828451882845 0.7082352941176471 0.41841004184100417 0.7117647058823529 0.3598326359832636 0.7105882352941176 0.34518828451882844 0.7164705882352942 0.34309623430962344 0.7423529411764707 0.35564853556485354 0.7470588235294118
0 0.42677824267782427 0.691764705882353 0.4728033472803347 0.6847058823529412 0.5146443514644352 0.6847058823529412 0.5355648535564853 0.6905882352941177 0.5690376569037656 0.6905882352941177 0.604602510460251 0.6847058823529412 0.608786610878661 0.6799999999999999 0.6171548117154811 0.6811764705882353 0.6171548117154811 0.6741176470588235 0.5606694560669456 0.6258823529411764 0.5481171548117155 0.608235294117647 0.5313807531380753 0.5988235294117648 0.47698744769874474 0.5458823529411765 0.4435146443514644 0.5223529411764706 0.42677824267782427 0.5152941176470589 0.42050209205020916 0.5223529411764706 0.41422594142259417 0.52 0.39748953974895396 0.5235294117647059 0.3933054393305439 0.5294117647058824 0.38702928870292885 0.5258823529411765 0.38702928870292885 0.5317647058823529 0.37866108786610875 0.5352941176470588 0.3933054393305439 0.536470588235294 0.399581589958159 0.5435294117647059 0.3878138075313807 0.5463655462184873 0.3953974895397489 0.5494117647058824 0.3953974895397489 0.5576470588235294 0.38493723849372385 0.5635294117647058 0.36820083682008364 0.5599999999999999 0.34728033472803344 0.5411764705882354 0.34100418410041844 0.5423529411764706 0.33682008368200833 0.5376470588235294 0.3305439330543933 0.5435294117647059 0.3263598326359832 0.6223529411764706 0.3284518828451882 0.6741176470588235 0.33472803347280333 0.6823529411764706 0.42677824267782427 0.691764705882353
0 0.19874476987447698 0.18235294117647058 0.19874476987447698 0.1788235294117647 0.19246861924686193 0.1788235294117647 0.19874476987447698 0.18235294117647058
0 0.11297071129707112 0.10588235294117647 0.09832635983263598 0.11411764705882352 0.05230125523012552 0.11529411764705881 0.03138075313807531 0.1223529411764706 0.03138075313807531 0.12705882352941175 0.01882845188284519 0.13058823529411764 0.012552301255230125 0.1376470588235294 0 0.1376470588235294 0 0.15294117647058822 0.07740585774058577 0.15529411764705883 0.07740585774058577 0.1611764705882353 0.0815899581589958 0.16 0.100418410041841 0.17411764705882354 0.10460251046025104 0.17176470588235293 0.12552301255230125 0.1764705882352941 0.15690376569037656 0.1764705882352941 0.17573221757322174 0.17411764705882354 0.17782426778242677 0.17058823529411765 0.18619246861924685 0.17529411764705882 0.18619246861924685 0.15176470588235294 0.17782426778242677 0.13999999999999999 0.18200836820083682 0.12823529411764706 0.19874476987447698 0.1188235294117647 0.18200836820083682 0.11647058823529413 0.18828451882845187 0.10823529411764705 0.17573221757322174 0.09294117647058824 0.18200836820083682 0.07058823529411765 0.17573221757322174 0.06588235294117648 0.18828451882845187 0.052941176470588235 0.18619246861924685 0.04470588235294117 0.19246861924686193 0.03764705882352941 0.18200836820083682 0.023529411764705882 0.19665271966527195 0.02 0.18828451882845187 0.01411764705882353 0.19665271966527195 0.010588235294117647 0.19874476987447698 0 0.18410041841004182 0 0.17782426778242677 0.0035294117647058825 0.1694560669456067 0 0.11506276150627615 0 0.11924686192468618 0.07058823529411765 0.11297071129707112 0.10588235294117647
0 0.3200836820083682 0.8070588235294117 0.32426778242677823 0.7752941176470588 0.30962343096234307 0.76 0.2824267782426778 0.7611764705882352 0.26987447698744765 0.7658823529411765 0.2615062761506276 0.7752941176470588 0.2615062761506276 0.8058823529411765 0.3200836820083682 0.8070588235294117
0 0.3158995815899582 0.7494117647058823 0.3158995815899582 0.7552941176470588 0.32217573221757323 0.7494117647058823 0.3138075313807531 0.7470588235294118 0.32217573221757323 0.7435294117647059 0.3200836820083682 0.7376470588235293 0.3138075313807531 0.7376470588235293 0.30962343096234307 0.7482352941176471 0.3158995815899582 0.7494117647058823
0 0.20502092050209203 0.4105882352941176 0.202928870292887 0.4258823529411765 0.21548117154811716 0.471764705882353 0.21129707112970708 0.49058823529411766 0.2217573221757322 0.54 0.21757322175732216 0.5729411764705883 0.22384937238493724 0.6023529411764705 0.24267782426778242 0.6258823529411764 0.2531380753138075 0.7329411764705882 0.26987447698744765 0.7352941176470588 0.25523012552301255 0.7435294117647059 0.2594142259414226 0.7564705882352941 0.26778242677824265 0.7576470588235293 0.2803347280334728 0.6941176470588235 0.2719665271966527 0.6882352941176471 0.26778242677824265 0.6670588235294118 0.2615062761506276 0.5588235294117647 0.2531380753138075 0.5223529411764706 0.25523012552301255 0.4623529411764705 0.2489539748953975 0.4564705882352941 0.22803347280334724 0.2376470588235294 0.21966527196652716 0.21294117647058824 0.20502092050209203 0.20705882352941174 0.21966527196652716 0.39529411764705885 0.20502092050209203 0.4105882352941176
0 0.25523012552301255 0.10117647058823528 0.26569037656903766 0.10588235294117647 0.27824267782426776 0.10470588235294118 0.2866108786610878 0.09882352941176471 0.2866108786610878 0.08 0.27615062761506276 0.002352941176470588 0.23221757322175735 0 0.24686192468619245 0.08588235294117647 0.25523012552301255 0.10117647058823528
0 0.014644351464435146 0.11764705882352941 0.03765690376569038 0.11176470588235295 0.10460251046025104 0.11058823529411765 0.11506276150627615 0.09647058823529411 0.11715481171548117 0 0.0041841004184100415 0 0.0020920502092050207 0.00823529411764706 0 0.11529411764705881 0.014644351464435146 0.11764705882352941
0 0.29707112970711297 0.8047058823529412 0.2949790794979079 0.7988235294117647 0.2907949790794979 0.8023529411764706 0.29707112970711297 0.8047058823529412
0 0.3200836820083682 0.7976470588235294 0.30962343096234307 0.8 0.3075313807531381 0.8023529411764706 0.3200836820083682 0.7976470588235294
0 0.2824267782426778 0.7670588235294118 0.303347280334728 0.7647058823529411 0.32217573221757323 0.7729411764705882 0.3284518828451882 0.7564705882352941 0.3158995815899582 0.7047058823529412 0.30962343096234307 0.7 0.2949790794979079 0.7 0.2824267782426778 0.6894117647058823 0.27405857740585776 0.7058823529411764 0.2719665271966527 0.7588235294117647 0.2824267782426778 0.7670588235294118
0 0.9832635983263598 0.7905882352941177 0.9832635983263598 0.7811764705882352 0.9769874476987447 0.7858823529411765 0.9832635983263598 0.7905882352941177
0 0.8723849372384936 0.76 0.9246861924686192 0.7588235294117647 0.9309623430962344 0.7635294117647058 0.9414225941422594 0.7576470588235293 0.9874476987447698 0.76 0.99581589958159 0.7564705882352941 0.997907949790795 0.7494117647058823 0.9937238493723848 0.7223529411764706 0.9832635983263598 0.7129411764705882 0.9623430962343097 0.7152941176470587 0.8640167364016736 0.7447058823529412 0.8493723849372385 0.7541176470588236 0.8535564853556485 0.7658823529411765 0.8723849372384936 0.76
0 0.3493723849372385 0.7811764705882352 0.39748953974895396 0.7764705882352941 0.4456066945606694 0.7788235294117647 0.47907949790794974 0.7741176470588236 0.606694560669456 0.7682352941176471 0.6589958158995816 0.7705882352941177 0.6966527196652719 0.7670588235294118 0.705020920502092 0.7717647058823529 0.7196652719665272 0.7647058823529411 0.7154811715481172 0.7576470588235293 0.698744769874477 0.7529411764705882 0.6799163179916318 0.7388235294117647 0.6527196652719665 0.7094117647058823 0.6234309623430961 0.7094117647058823 0.610878661087866 0.7058823529411764 0.5460251046025104 0.7117647058823529 0.4372384937238493 0.7117647058823529 0.41422594142259417 0.7164705882352942 0.41004184100418406 0.7129411764705882 0.401673640167364 0.7164705882352942 0.399581589958159 0.7129411764705882 0.3598326359832636 0.7129411764705882 0.35564853556485354 0.7211764705882353 0.36820083682008364 0.7247058823529412 0.37029288702928864 0.7329411764705882 0.3514644351464435 0.7411764705882353 0.34100418410041844 0.7517647058823529 0.34100418410041844 0.7717647058823529 0.3493723849372385 0.7811764705882352
0 0.7154811715481172 0.7635294117647058 0.7133891213389121 0.7576470588235293 0.700836820083682 0.7564705882352941 0.6966527196652719 0.7623529411764706 0.7154811715481172 0.7635294117647058
0 0.34728033472803344 0.78 0.5104602510460251 0.7705882352941177 0.5481171548117155 0.7717647058823529 0.606694560669456 0.7658823529411765 0.6527196652719665 0.7682352941176471 0.6882845188284519 0.7611764705882352 0.6903765690376569 0.7552941176470588 0.6736401673640167 0.7435294117647059 0.6506276150627615 0.7423529411764707 0.6297071129707112 0.7329411764705882 0.5836820083682008 0.7411764705882353 0.5523012552301255 0.7388235294117647 0.5439330543933054 0.7423529411764707 0.48535564853556484 0.7364705882352941 0.4518828451882845 0.7470588235294118 0.3723849372384937 0.7435294117647059 0.34100418410041844 0.7517647058823529 0.3389121338912134 0.7682352941176471 0.34728033472803344 0.78
0 0.20703125 0.34609375 0.00390625 0.00390625
0 0.19874476987447698 0.26941176470588235 0.19874476987447698 0.2529411764705882 0.19246861924686193 0.2564705882352941 0.19874476987447698 0.26941176470588235
0 0.20920502092050208 0.36941176470588233 0.21129707112970708 0.3776470588235294 0.21757322175732216 0.37882352941176467 0.21548117154811716 0.4 0.200836820083682 0.4129411764705882 0.200836820083682 0.45176470588235296 0.21548117154811716 0.5423529411764706 0.21548117154811716 0.5929411764705883 0.202928870292887 0.6117647058823529 0.20920502092050208 0.6152941176470589 0.20502092050209203 0.62 0.21338912133891214 0.62 0.21548117154811716 0.6235294117647059 0.21129707112970708 0.64 0.20502092050209203 0.6411764705882353 0.19456066945606693 0.6341176470588235 0.19246861924686193 0.6411764705882353 0.18410041841004182 0.6435294117647059 0.18410041841004182 0.6647058823529411 0.19246861924686193 0.6647058823529411 0.19874476987447698 0.6717647058823529 0.200836820083682 0.6670588235294118 0.20502092050209203 0.668235294117647 0.21129707112970708 0.6799999999999999 0.200836820083682 0.6799999999999999 0.21129707112970708 0.6835294117647058 0.19874476987447698 0.7129411764705882 0.18828451882845187 0.7164705882352942 0.1903765690376569 0.7317647058823529 0.17782426778242677 0.7317647058823529 0.16527196652719664 0.7411764705882353 0.16108786610878661 0.7541176470588236 0.1422594142259414 0.7564705882352941 0.14853556485355648 0.7729411764705882 0.1422594142259414 0.7811764705882352 0.13389121338912133 0.7788235294117647 0.1401673640167364 0.7835294117647058 0.1297071129707113 0.788235294117647 0.1317991631799163 0.7952941176470588 0.11924686192468618 0.8105882352941176 0.12343096234309622 0.8141176470588235 0.11506276150627615 0.8164705882352941 0.12552301255230125 0.8164705882352941 0.13389121338912133 0.8270588235294116 0.1401673640167364 0.8270588235294116 0.1422594142259414 0.8223529411764705 0.1589958158995816 0.8223529411764705 0.1694560669456067 0.8270588235294116 0.17782426778242677 0.8223529411764705 0.23640167364016734 0.8164705882352941 0.25523012552301255 0.7988235294117647 0.2510460251046025 0.7576470588235293 0.2615062761506276 0.7576470588235293 0.26987447698744765 0.7517647058823529 0.2719665271966527 0.6905882352941177 0.24686192468619245 0.48235294117647054 0.2301255230125523 0.2635294117647059 0.21966527196652716 0.2164705882352941 0.202928870292887 0.20823529411764707 0.21548117154811716 0.33647058823529413 0.20920502092050208 0.36941176470588233
0 0.4435146443514644 0.9376470588235295 0.44142259414225943 0.9329411764705883 0.4372384937238493 0.9388235294117647 0.4435146443514644 0.9376470588235295
0 0.4581589958158996 0.9376470588235295 0.4581589958158996 0.9305882352941177 0.4665271966527197 0.9282352941176469 0.4581589958158996 0.9235294117647058 0.4518828451882845 0.9235294117647058 0.4497907949790795 0.9282352941176469 0.4476987447698745 0.9352941176470588 0.4581589958158996 0.9376470588235295
0 0.65078125 0.9234375 0.00859375 0.00234375
0 0.8514644351464435 0.9211764705882353 0.8472803347280335 0.9199999999999999 0.8430962343096233 0.9211764705882353 0.8514644351464435 0.9211764705882353
0 0.9853556485355648 0.9141176470588235 0.9832635983263598 0.9070588235294117 0.9790794979079497 0.9094117647058824 0.9769874476987447 0.9141176470588235 0.9853556485355648 0.9141176470588235
0 0.3619246861924686 0.943529411764706 0.4330543933054393 0.9388235294117647 0.4309623430962343 0.9305882352941177 0.44142259414225943 0.9305882352941177 0.4393305439330543 0.9094117647058824 0.4539748953974895 0.9047058823529411 0.4916317991631799 0.9070588235294117 0.5230125523012552 0.9294117647058824 0.5355648535564853 0.9329411764705883 0.5962343096234309 0.9294117647058824 0.604602510460251 0.924705882352941 0.612970711297071 0.9070588235294117 0.6380753138075314 0.8976470588235295 0.6589958158995816 0.8988235294117647 0.6589958158995816 0.924705882352941 0.7887029288702928 0.9211764705882353 0.805439330543933 0.9270588235294117 0.8326359832635983 0.924705882352941 0.8389121338912133 0.9141176470588235 0.8577405857740585 0.9211764705882353 0.8807531380753139 0.9211764705882353 0.8933054393305438 0.916470588235294 0.9497907949790795 0.9176470588235294 0.9623430962343097 0.9141176470588235 0.9665271966527197 0.8894117647058823 0.9769874476987447 0.8847058823529412 0.9874476987447698 0.8847058823529412 0.9832635983263598 0.8941176470588236 0.9937238493723848 0.9129411764705881 0.997907949790795 0.9105882352941176 0.9916317991631798 0.9070588235294117 0.997907949790795 0.895685882352941 0.9853556485355648 0.8929411764705882 0.9895397489539748 0.8858823529411766 0.997907949790795 0.8882352941176471 0.997907949790795 0.8176470588235294 0.9853556485355648 0.8141176470588235 0.9581589958158995 0.8176470588235294 0.8682008368200836 0.8176470588235294 0.7552301255230125 0.8235294117647058 0.7112970711297071 0.8223529411764705 0.700836820083682 0.8176470588235294 0.6631799163179916 0.8152941176470587 0.6150627615062761 0.8223529411764705 0.5669456066945606 0.8188235294117646 0.5125523012552301 0.82 0.4309623430962343 0.8258823529411764 0.36610878661087864 0.8258823529411764 0.34728033472803344 0.8305882352941177 0.3514644351464435 0.9294117647058824 0.3619246861924686 0.943529411764706
0 0.3305439330543933 0.5376470588235294 0.3263598326359832 0.5599999999999999 0.3305439330543933 0.6799999999999999 0.41004184100418406 0.691764705882353 0.4518828451882845 0.6894117647058823 0.4707112970711297 0.6847058823529412 0.5146443514644352 0.6847058823529412 0.5355648535564853 0.6905882352941177 0.604602510460251 0.6870588235294117 0.602510460251046 0.6823529411764706 0.6171548117154811 0.6799999999999999 0.612970711297071 0.6705882352941177 0.5732217573221756 0.6388235294117647 0.5481171548117155 0.6094117647058823 0.5292887029288702 0.5976470588235294 0.47698744769874474 0.5458823529411765 0.42677824267782427 0.5129411764705882 0.41631799163179917 0.4964705882352941 0.3493723849372385 0.4447058823529412 0.34100418410041844 0.44941176470588234 0.3389121338912134 0.4647058823529412 0.34100418410041844 0.5258823529411765 0.3305439330543933 0.5376470588235294
0 0.12552301255230125 0.15294117647058822 0.13389121338912133 0.14823529411764708 0.1401673640167364 0.12823529411764706 0.13807531380753138 0.09294117647058824 0.1506276150627615 0.09411764705882353 0.15690376569037656 0.08705882352941177 0.13807531380753138 0.07764705882352942 0.13389121338912133 0.07058823529411765 0.13389121338912133 0.05058823529411764 0.1422594142259414 0.043529411764705886 0.13598326359832635 0.03764705882352941 0.1422594142259414 0.03176470588235294 0.13807531380753138 0.01647058823529412 0.1506276150627615 0 0.0041841004184100415 0 0.0020920502092050207 0.007058823529411765 0 0.15411764705882353 0.12552301255230125 0.15294117647058822
0 0.2594142259414226 0.7741176470588236 0.2594142259414226 0.8058823529411765 0.2824267782426778 0.8094117647058823 0.32217573221757323 0.8070588235294117 0.3305439330543933 0.7588235294117647 0.3138075313807531 0.7047058823529412 0.2845188284518828 0.6976470588235294 0.27615062761506276 0.7105882352941176 0.27405857740585776 0.7564705882352941 0.2594142259414226 0.7741176470588236
0 0.008368200836820083 0.2858823529411765 0 0.30823529411764705 0 0.8364705882352942 0.05648535564853556 0.8329411764705883 0.09832635983263598 0.8117647058823529 0.10878661087866108 0.8117647058823529 0.10251046025104602 0.82 0.11715481171548117 0.8211764705882352 0.12552301255230125 0.828235294117647 0.14644351464435146 0.831764705882353 0.18410041841004182 0.8211764705882352 0.23221757322175735 0.8164705882352941 0.2510460251046025 0.8023529411764706 0.2531380753138075 0.7941176470588236 0.24058577405857742 0.6235294117647059 0.2217573221757322 0.5988235294117648 0.21966527196652716 0.5752941176470588 0.21966527196652716 0.548235294117647 0.2301255230125523 0.5294117647058824 0.2301255230125523 0.5129411764705882 0.21966527196652716 0.5047058823529411 0.21548117154811716 0.4835294117647059 0.2217573221757322 0.47058823529411764 0.21129707112970708 0.4541176470588235 0.21548117154811716 0.4423529411764706 0.20502092050209203 0.4188235294117647 0.21757322175732216 0.3835294117647059 0.19874476987447698 0.20352941176470588 0.19246861924686193 0.19058823529411764 0.17364016736401672 0.18352941176470589 0.09623430962343096 0.1811764705882353 0.07531380753138076 0.1764705882352941 0.03765690376569038 0.1764705882352941 0.0041841004184100415 0.18235294117647058 0 0.2611764705882353 0.008368200836820083 0.2858823529411765
0 0.48953974895397484 0.9988235294117647 0.4958158995815899 0.9941176470588236 0.506276150627615 0.9988235294117647 0.5334728033472803 0.9988235294117647 0.5397489539748953 0.9952941176470589 0.5460251046025104 0.9988235294117647 0.6589958158995816 0.9988235294117647 0.6673640167364017 0.9952941176470589 0.6715481171548117 0.9988235294117647 0.7719665271966527 0.9988235294117647 0.7761506276150627 0.9952941176470589 0.7970711297071129 0.9988235294117647 0.803347280334728 0.9952941176470589 0.8619246861924686 0.9941176470588236 0.903765690376569 0.9952941176470589 0.907949790794979 0.9988235294117647 0.9644351464435147 0.9988235294117647 0.9707112970711297 0.9952941176470589 0.9853556485355648 0.9964705882352941 0.9937238493723848 0.9882352941176471 0.997907949790795 0.9211764705882353 0.9832635983263598 0.916470588235294 0.9728033472803347 0.9211764705882353 0.895397489539749 0.9211764705882353 0.8723849372384936 0.9270588235294117 0.8619246861924686 0.924705882352941 0.8138075313807531 0.9282352941176469 0.805439330543933 0.9329411764705883 0.7719665271966527 0.9235294117647058 0.7384937238493723 0.9270588235294117 0.7133891213389121 0.924705882352941 0.5481171548117155 0.9364705882352942 0.5251046025104602 0.9352941176470588 0.5083682008368201 0.9188235294117646 0.48744769874476984 0.908235294117647 0.4644351464435147 0.9070588235294117 0.4435146443514644 0.916470588235294 0.44142259414225943 0.9258823529411764 0.4476987447698745 0.9294117647058824 0.4393305439330543 0.9411764705882353 0.36820083682008364 0.9482352941176471 0.34728033472803344 0.96 0.34728033472803344 0.9988235294117647 0.48953974895397484 0.9988235294117647
0 0.6359832635983264 0.9199999999999999 0.6569037656903765 0.9176470588235294 0.6610878661087866 0.9211764705882353 0.6694560669456067 0.916470588235294 0.6736401673640167 0.9199999999999999 0.6820083682008369 0.9117647058823529 0.6569037656903765 0.9 0.6338912133891214 0.9 0.6192468619246861 0.9105882352941176 0.6255230125523012 0.9270588235294117 0.6359832635983264 0.9199999999999999
0 0.8430962343096233 0.9070588235294117 0.8451882845188283 0.916470588235294 0.8535564853556485 0.9105882352941176 0.8661087866108786 0.9141176470588235 0.8744769874476986 0.9105882352941176 0.8619246861924686 0.9 0.8347280334728033 0.8964705882352941 0.8326359832635983 0.9011764705882352 0.8430962343096233 0.9070588235294117
0 0.2953125 0.803125 0.00390625 0.0015625
0 0.08786610878661087 0.7317647058823529 0.0815899581589958 0.7341176470588235 0.09205020920502091 0.7388235294117647 0.08368200836820083 0.72 0.0815899581589958 0.7282352941176471 0.08786610878661087 0.7317647058823529
0 0.1297071129707113 0.7176470588235294 0.14435146443514643 0.7247058823529412 0.16108786610878661 0.7094117647058823 0.15481171548117154 0.6964705882352942 0.12133891213389121 0.7058823529411764 0.12133891213389121 0.72 0.1297071129707113 0.7176470588235294
0 0.1506276150627615 0.6647058823529411 0.1506276150627615 0.6576470588235294 0.14435146443514643 0.6599999999999999 0.1506276150627615 0.6647058823529411
0 0.1546875 0.64375 0.00390625 0.0015625
0 0.21338912133891214 0.3764705882352941 0.21966527196652716 0.3811764705882353 0.21548117154811716 0.4011764705882353 0.20502092050209203 0.40705882352941175 0.19874476987447698 0.4235294117647059 0.20502092050209203 0.4670588235294118 0.21129707112970708 0.46941176470588236 0.20502092050209203 0.4894117647058824 0.21129707112970708 0.49529411764705883 0.21548117154811716 0.54 0.21338912133891214 0.5741176470588235 0.20502092050209203 0.5811764705882353 0.21129707112970708 0.5858823529411764 0.20711297071129708 0.591764705882353 0.21338912133891214 0.5941176470588235 0.20920502092050208 0.6035294117647059 0.21757322175732216 0.6047058823529412 0.2217573221757322 0.6105882352941177 0.200836820083682 0.608235294117647 0.20711297071129708 0.6152941176470589 0.19874476987447698 0.6176470588235294 0.19456066945606693 0.6294117647058823 0.18410041841004182 0.6376470588235293 0.17573221757322174 0.6364705882352941 0.1631799163179916 0.6470588235294118 0.16108786610878661 0.6588235294117647 0.1694560669456067 0.6741176470588235 0.16108786610878661 0.6717647058823529 0.16736401673640167 0.6752941176470588 0.16108786610878661 0.6764705882352942 0.16108786610878661 0.6905882352941177 0.16736401673640167 0.6952941176470588 0.16108786610878661 0.6964705882352942 0.17154811715481172 0.6988235294117647 0.17782426778242677 0.7129411764705882 0.17364016736401672 0.7235294117647059 0.1694560669456067 0.7270588235294118 0.16108786610878661 0.7235294117647059 0.1527196652719665 0.7282352941176471 0.1589958158995816 0.7411764705882353 0.14435146443514643 0.7517647058823529 0.12133891213389121 0.7505882352941177 0.12761506276150628 0.7517647058823529 0.11924686192468618 0.7576470588235293 0.12343096234309622 0.7870588235294117 0.11297071129707112 0.8094117647058823 0.09832635983263598 0.8211764705882352 0.10251046025104602 0.8258823529411764 0.1422594142259414 0.8341176470588236 0.1903765690376569 0.8223529411764705 0.23640167364016734 0.8176470588235294 0.2573221757322176 0.8023529411764706 0.26778242677824265 0.8023529411764706 0.26569037656903766 0.7729411764705882 0.2573221757322176 0.7705882352941177 0.2573221757322176 0.7623529411764706 0.26987447698744765 0.7576470588235293 0.2719665271966527 0.7517647058823529 0.2719665271966527 0.7070588235294117 0.27824267782426776 0.6952941176470588 0.26778242677824265 0.6752941176470588 0.22594142259414224 0.2388235294117647 0.21966527196652716 0.2176470588235294 0.21129707112970708 0.20941176470588235 0.202928870292887 0.20941176470588235 0.21338912133891214 0.2929411764705882 0.21338912133891214 0.3764705882352941
0 0.75 0.1890625 0.00234375 0.00234375
0 0.405857740585774 0.4788235294117647 0.4351464435146443 0.5129411764705882 0.4686192468619247 0.5329411764705883 0.598326359832636 0.6552941176470588 0.6192468619246861 0.668235294117647 0.705020920502092 0.7458823529411764 0.7447698744769874 0.7576470588235293 0.7656903765690377 0.7529411764705882 0.8200836820083681 0.7541176470588236 0.9937238493723848 0.6988235294117647 0.997907949790795 0.6870588235294117 0.9916317991631798 0.6647058823529411 0.997907949790795 0.6364705882352941 0.9916317991631798 0.6294117647058823 0.99581589958159 0.6223529411764706 0.9874476987447698 0.6129411764705882 0.9874476987447698 0.5952941176470589 0.99581589958159 0.588235294117647 0.997907949790795 0.5552941176470588 0.9874476987447698 0.5529411764705883 0.997907949790795 0.536470588235294 0.997907949790795 0.48117647058823526 0.9916317991631798 0.4752941176470588 0.997907949790795 0.4670588235294118 0.997907949790795 0.43882352941176467 0.9874476987447698 0.4294117647058823 0.9937238493723848 0.41529411764705887 0.9853556485355648 0.4129411764705882 0.9832635983263598 0.40705882352941175 0.9895397489539748 0.3976470588235294 0.9832635983263598 0.3917647058823529 0.9895397489539748 0.3905882352941176 0.9811715481171548 0.38941176470588235 0.9748953974895397 0.38235294117647056 0.9895397489539748 0.3588235294117647 0.997907949790795 0.3552941176470588 0.9811715481171548 0.3517647058823529 0.9937238493723848 0.34705882352941175 0.99581589958159 0.3411764705882353 0.997907949790795 0.30117647058823527 0.9811715481171548 0.2823529411764706 0.9895397489539748 0.2788235294117647 0.9895397489539748 0.23411764705882354 0.9811715481171548 0.23176470588235293 0.9853556485355648 0.22588235294117648 0.997907949790795 0.22588235294117648 0.9874476987447698 0.22470588235294117 0.9874476987447698 0.2211764705882353 0.997907949790795 0.2188235294117647 0.9895397489539748 0.2176470588235294 0.997907949790795 0.21176470588235294 0.9874476987447698 0.2 0.9874476987447698 0.16352941176470587 0.9937238493723848 0.16470588235294117 0.997907949790795 0.1611764705882353 0.997907949790795 0.14352941176470588 0.9560669456066945 0.14823529411764708 0.9456066945606694 0.15411764705882353 0.9518828451882845 0.15764705882352942 0.9288702928870294 0.1623529411764706 0.9142259414225942 0.17411764705882354 0.905857740585774 0.17176470588235293 0.907949790794979 0.16470588235294117 0.899581589958159 0.16 0.8807531380753139 0.15411764705882353 0.8661087866108786 0.15529411764705883 0.8535564853556485 0.14941176470588236 0.8556485355648535 0.15529411764705883 0.8410041841004183 0.16470588235294117 0.8389121338912133 0.17529411764705882 0.809623430962343 0.18470588235294116 0.7907949790794978 0.1811764705882353 0.7928870292887029 0.17411764705882354 0.7824267782426778 0.17294117647058824 0.7866108786610878 0.19294117647058823 0.7782426778242677 0.20352941176470588 0.7677824267782427 0.20235294117647057 0.7615062761506276 0.1988235294117647 0.7552301255230125 0.20235294117647057 0.7447698744769874 0.2 0.7447698744769874 0.18823529411764706 0.7280334728033473 0.1811764705882353 0.698744769874477 0.1811764705882353 0.6506276150627615 0.2 0.6485355648535565 0.20941176470588235 0.6297071129707112 0.2211764705882353 0.602510460251046 0.22705882352941176 0.5690376569037656 0.22588235294117648 0.5313807531380753 0.2376470588235294 0.5 0.24 0.4330543933054393 0.26588235294117646 0.3933054393305439 0.2741176470588235 0.2615062761506276 0.3247058823529412 0.2594142259414226 0.3458823529411765 0.305439330543933 0.3917647058823529 0.405857740585774 0.4788235294117647
0 0.3200836820083682 0.8070588235294117 0.3263598326359832 0.7517647058823529 0.3158995815899582 0.7294117647058823 0.30962343096234307 0.7329411764705882 0.2824267782426778 0.7341176470588235 0.2803347280334728 0.7623529411764706 0.26987447698744765 0.7647058823529411 0.2615062761506276 0.7741176470588236 0.2615062761506276 0.8070588235294117 0.3200836820083682 0.8070588235294117
0 0.409375 0.54140625 0.00234375 0.00390625
0 0.3514644351464435 0.5494117647058824 0.38912133891213385 0.5599999999999999 0.3953974895397489 0.5470588235294118 0.38912133891213385 0.54 0.3953974895397489 0.5388235294117647 0.37866108786610875 0.5376470588235294 0.37656903765690375 0.5294117647058824 0.38284518828451886 0.5235294117647059 0.3912133891213389 0.5247058823529411 0.405857740585774 0.5188235294117647 0.42050209205020916 0.52 0.4246861924686193 0.5058823529411764 0.3577405857740586 0.4435294117647059 0.3493723849372385 0.4376470588235294 0.33472803347280333 0.4376470588235294 0.33472803347280333 0.528235294117647 0.3514644351464435 0.5494117647058824
0 0.3933054393305439 0.7423529411764707 0.4518828451882845 0.7470588235294118 0.4707112970711297 0.7388235294117647 0.4958158995815899 0.7352941176470588 0.5460251046025104 0.7423529411764707 0.5523012552301255 0.7388235294117647 0.5836820083682008 0.74 0.6317991631799164 0.7329411764705882 0.6569037656903765 0.7423529411764707 0.6694560669456067 0.7423529411764707 0.6882845188284519 0.7564705882352941 0.6966527196652719 0.7541176470588236 0.6882845188284519 0.7458823529411764 0.6757322175732218 0.7458823529411764 0.6757322175732218 0.7329411764705882 0.6673640167364017 0.7223529411764706 0.6401673640167364 0.7 0.6276150627615062 0.7 0.6255230125523012 0.691764705882353 0.6255230125523012 0.7011764705882353 0.608786610878661 0.6988235294117647 0.598326359832636 0.7070588235294117 0.5606694560669456 0.7035294117647058 0.5188284518828452 0.7058823529411764 0.5146443514644352 0.7094117647058823 0.48326359832635984 0.7070588235294117 0.4728033472803347 0.7129411764705882 0.4602510460251046 0.7094117647058823 0.36610878661087864 0.7105882352941176 0.34518828451882844 0.7164705882352942 0.34728033472803344 0.7447058823529412 0.3933054393305439 0.7423529411764707
0 0.4623430962343096 0.8223529411764705 0.5564853556485355 0.8164705882352941 0.6317991631799164 0.8188235294117646 0.6569037656903765 0.8117647058823529 0.700836820083682 0.8141176470588235 0.7154811715481172 0.82 0.9330543933054394 0.8141176470588235 0.997907949790795 0.808235294117647 0.997907949790795 0.7576470588235293 0.8661087866108786 0.76 0.8619246861924686 0.7635294117647058 0.8514644351464435 0.7611764705882352 0.7677824267782427 0.7658823529411765 0.7531380753138075 0.7635294117647058 0.6841004184100419 0.7682352941176471 0.5941422594142259 0.7670588235294118 0.5815899581589958 0.7705882352941177 0.5585774058577406 0.7682352941176471 0.5271966527196652 0.7717647058823529 0.5209205020920502 0.7717647058823529 0.5146443514644352 0.7576470588235293 0.5146443514644352 0.7705882352941177 0.47698744769874474 0.7741176470588236 0.42677824267782427 0.7729411764705882 0.3933054393305439 0.7788235294117647 0.35564853556485354 0.78 0.3493723849372385 0.7847058823529411 0.3514644351464435 0.8235294117647058 0.4623430962343096 0.8223529411764705
0 0.11924686192468618 0.1 0.10460251046025104 0.11294117647058824 0.02510460251046025 0.11411764705882352 0.010460251046025104 0.12117647058823529 0 0.11647058823529413 0 0.12117647058823529 0.012552301255230125 0.1223529411764706 0.010460251046025104 0.12941176470588237 0 0.1341176470588235 0 0.15411764705882353 0.10669456066945607 0.15529411764705883 0.1317991631799163 0.15058823529411763 0.1401673640167364 0.12117647058823529 0.1297071129707113 0.06705882352941175 0.12133891213389121 0.07294117647058823 0.11924686192468618 0.1
0 0.3484375 0.73203125 0.00234375 0.009375
0 0.37447698744769875 0.7411764705882353 0.35564853556485354 0.7447058823529412 0.34100418410041844 0.7564705882352941 0.3514644351464435 0.8223529411764705 0.4665271966527197 0.8211764705882352 0.497907949790795 0.8129411764705882 0.5083682008368201 0.8129411764705882 0.5104602510460251 0.8164705882352941 0.5167364016736402 0.8129411764705882 0.5230125523012552 0.8164705882352941 0.5418410041841004 0.8164705882352941 0.5397489539748953 0.8129411764705882 0.5523012552301255 0.8105882352941176 0.5774058577405857 0.8176470588235294 0.6380753138075314 0.8164705882352941 0.6610878661087866 0.8070588235294117 0.6694560669456067 0.8117647058823529 0.698744769874477 0.8094117647058823 0.7154811715481172 0.8176470588235294 0.7322175732217573 0.8152941176470587 0.7552301255230125 0.8188235294117646 0.895397489539749 0.8117647058823529 0.9184100418410042 0.8141176470588235 0.9853556485355648 0.8105882352941176 0.997907949790795 0.8070588235294117 0.997907949790795 0.7435294117647059 0.9853556485355648 0.7094117647058823 0.8682008368200836 0.7447058823529412 0.8410041841004183 0.7623529411764706 0.805439330543933 0.7647058823529411 0.7196652719665272 0.7647058823529411 0.7092050209205021 0.7576470588235293 0.698744769874477 0.7576470588235293 0.6882845188284519 0.7458823529411764 0.6757322175732218 0.7423529411764707 0.6610878661087866 0.7164705882352942 0.6443514644351465 0.7058823529411764 0.48117154811715485 0.7129411764705882 0.4351464435146443 0.7117647058823529 0.41004184100418406 0.7129411764705882 0.405857740585774 0.7164705882352942 0.3598326359832636 0.7141176470588235 0.3535564853556485 0.72 0.3619246861924686 0.7364705882352941 0.37447698744769875 0.7411764705882353
0 0.3389121338912134 0.7552941176470588 0.3389121338912134 0.7658823529411765 0.3493723849372385 0.7811764705882352 0.399581589958159 0.7752941176470588 0.7154811715481172 0.7635294117647058 0.7154811715481172 0.76 0.6903765690376569 0.7482352941176471 0.6610878661087866 0.7152941176470587 0.6422594142259415 0.7047058823529412 0.6213389121338911 0.7070588235294117 0.604602510460251 0.7035294117647058 0.5502092050209205 0.7094117647058823 0.5251046025104602 0.7058823529411764 0.4916317991631799 0.7105882352941176 0.4707112970711297 0.7105882352941176 0.4665271966527197 0.7070588235294117 0.4602510460251046 0.7105882352941176 0.42050209205020916 0.7129411764705882 0.41004184100418406 0.7094117647058823 0.403765690376569 0.7129411764705882 0.3619246861924686 0.7117647058823529 0.34518828451882844 0.72 0.34728033472803344 0.7458823529411764 0.3389121338912134 0.7552941176470588
0 0.98203125 0.99296875 0.00234375 0.00234375
0 0.9769874476987447 0.9941176470588236 0.9581589958158995 0.9929411764705882 0.9539748953974895 0.9941176470588236 0.9769874476987447 0.9941176470588236
0 0.9497907949790795 0.9941176470588236 0.9309623430962344 0.9894117647058824 0.9288702928870294 0.9941176470588236 0.9497907949790795 0.9941176470588236
0 0.61796875 0.9796875 0.00234375 0.00390625
0 0.8125 0.9796875 0.00234375 0.00625
0 0.9456066945606694 0.9788235294117648 0.9497907949790795 0.9670588235294117 0.9414225941422594 0.96 0.9351464435146444 0.9705882352941175 0.9456066945606694 0.9788235294117648
0 0.3577405857740586 0.9423529411764706 0.3723849372384937 0.9482352941176471 0.3577405857740586 0.9552941176470588 0.3493723849372385 0.9729411764705882 0.3577405857740586 0.976470588235294 0.3577405857740586 0.9964705882352941 0.40794979079497906 0.9941176470588236 0.41841004184100417 0.9988235294117647 0.4309623430962343 0.9952941176470589 0.4560669456066945 0.9988235294117647 0.4623430962343096 0.9929411764705882 0.5271966527196652 0.9964705882352941 0.5418410041841004 0.9941176470588236 0.5439330543933054 0.9905882352941177 0.5564853556485355 0.9905882352941177 0.5543933054393305 0.9952941176470589 0.5648535564853556 0.991764705882353 0.5648535564853556 0.9964705882352941 0.5690376569037656 0.991764705882353 0.5794979079497907 0.991764705882353 0.602510460251046 0.9988235294117647 0.6255230125523012 0.9929411764705882 0.6422594142259415 0.9964705882352941 0.7154811715481172 0.9964705882352941 0.7447698744769874 0.9952941176470589 0.7426778242677824 0.9870588235294118 0.7531380753138075 0.9894117647058824 0.7552301255230125 0.9952941176470589 0.7719665271966527 0.9952941176470589 0.7782426778242677 0.991764705882353 0.7887029288702928 0.9952941176470589 0.8200836820083681 0.9941176470588236 0.8200836820083681 0.9882352941176471 0.8305439330543933 0.9941176470588236 0.8284518828451883 0.9894117647058824 0.8389121338912133 0.9882352941176471 0.8410041841004183 0.9941176470588236 0.9205020920502092 0.9964705882352941 0.9142259414225942 0.9705882352941175 0.9288702928870294 0.9529411764705882 0.9372384937238494 0.9529411764705882 0.9581589958158995 0.9658823529411764 0.9560669456066945 0.9423529411764706 0.9728033472803347 0.9411764705882353 0.9874476987447698 0.9494117647058824 0.9853556485355648 0.9447058823529412 0.9937238493723848 0.9458823529411765 0.9937238493723848 0.8164705882352941 0.7824267782426778 0.8235294117647058 0.7133891213389121 0.8235294117647058 0.700836820083682 0.8188235294117646 0.6610878661087866 0.8164705882352941 0.6338912133891214 0.8235294117647058 0.5543933054393305 0.82 0.42050209205020916 0.828235294117647 0.38284518828451886 0.8258823529411764 0.3493723849372385 0.8305882352941177 0.3514644351464435 0.9270588235294117 0.3577405857740586 0.9423529411764706
0 0.010460251046025104 0.9952941176470589 0.029288702928870293 0.9952941176470589 0.03765690376569038 0.9988235294117647 0.24267782426778242 0.9988235294117647 0.2510460251046025 0.9952941176470589 0.2594142259414226 0.9988235294117647 0.3179916317991632 0.9988235294117647 0.3263598326359832 0.9941176470588236 0.33682008368200833 0.9376470588235295 0.33263598326359833 0.8223529411764705 0.3263598326359832 0.8129411764705882 0.3179916317991632 0.8094117647058823 0.26569037656903766 0.8105882352941176 0.23640167364016734 0.8258823529411764 0.200836820083682 0.8258823529411764 0.1506276150627615 0.8388235294117647 0.10460251046025104 0.8388235294117647 0.0899581589958159 0.8305882352941177 0.07740585774058577 0.8305882352941177 0.0502092050209205 0.851764705882353 0.03347280334728033 0.8447058823529412 0.0020920502092050207 0.8423529411764706 0 0.9752941176470588 0.010460251046025104 0.9952941176470589
0 0.91875 0.75390625 0.00390625 0.0015625
0 0.8619246861924686 0.7576470588235293 0.8640167364016736 0.7482352941176471 0.8535564853556485 0.7517647058823529 0.8514644351464435 0.7576470588235293 0.8619246861924686 0.7576470588235293
0 0.8933054393305438 0.7447058823529412 0.9288702928870294 0.7435294117647059 0.9288702928870294 0.7541176470588236 0.997907949790795 0.7552941176470588 0.9916317991631798 0.7058823529411764 0.901673640167364 0.7352941176470588 0.8912133891213389 0.7411764705882353 0.8933054393305438 0.7447058823529412
0 0.10251046025104602 0.8341176470588236 0.10251046025104602 0.8305882352941177 0.11715481171548117 0.8341176470588236 0.11506276150627615 0.8305882352941177 0.09832635983263598 0.828235294117647 0.10251046025104602 0.8341176470588236
0 0.18515625 0.82734375 0.00234375 0.0015625
0 0.32217573221757323 0.8070588235294117 0.3263598326359832 0.7505882352941177 0.30962343096234307 0.7117647058823529 0.2803347280334728 0.7129411764705882 0.27405857740585776 0.76 0.2594142259414226 0.7717647058823529 0.2573221757322176 0.8094117647058823 0.32217573221757323 0.8070588235294117