0 0.1375 0.8728522336769761 0.1328125 0.8745704467353953 0.13359375 0.879725085910653 0.1375 0.8728522336769761
0 0.15078125 0.8780068728522338 0.14375 0.88659793814433 0.14453125 0.8934707903780069 0.140625 0.9020618556701031 0.128125 0.9106529209621994 0.125 0.9209621993127148 0.1203125 0.9158075601374571 0.12421875 0.9278350515463918 0.121875 0.9329896907216495 0.109375 0.9347079037800687 0.0984375 0.9450171821305842 0.0953125 0.9415807560137457 0.0984375 0.963917525773196 0.10703125 0.9914089347079038 0.15546875 0.993127147766323 0.175 0.9879725085910653 0.18359375 0.9948453608247423 0.20703125 0.9948453608247423 0.20234375 0.963917525773196 0.18671875 0.9020618556701031 0.18359375 0.8728522336769761 0.17578125 0.8505154639175257 0.175 0.8350515463917526 0.171875 0.8264604810996564 0.1671875 0.8247422680412372 0.15078125 0.8487972508591065 0.14375 0.8625429553264606 0.15078125 0.8780068728522338
0 0.684375 0.37972508591065296 0.68828125 0.3402061855670103 0.68359375 0.3247422680412372 0.68359375 0.30927835051546393 0.690625 0.2680412371134021 0.68046875 0.2628865979381444 0.66875 0.26975945017182135 0.66640625 0.27491408934707906 0.66484375 0.29896907216494845 0.66171875 0.3711340206185567 0.684375 0.37972508591065296
0 0.48671875 0.65703125 0.0015625 0.0015625
0 0.4796875 0.65 0.00234375 0.0015625
0 0.51015625 0.4518900343642612 0.5078125 0.4484536082474227 0.5078125 0.45360824742268047 0.51015625 0.4518900343642612
0 0.50859375 0.41065292096219935 0.5078125 0.4020618556701031 0.50390625 0.4020618556701031 0.50390625 0.4089347079037801 0.50859375 0.41065292096219935
0 0.4640625 0.5326460481099657 0.46640625 0.584192439862543 0.46328125 0.5927835051546392 0.45625 0.5859106529209622 0.4421875 0.5962199312714777 0.4421875 0.6408934707903781 0.44453125 0.661512027491409 0.44765625 0.661512027491409 0.44921875 0.6529209621993128 0.46015625 0.6546391752577321 0.4671875 0.668384879725086 0.4703125 0.668384879725086 0.4703125 0.6769759450171822 0.4734375 0.6786941580756014 0.484375 0.6632302405498283 0.48125 0.6563573883161513 0.48515625 0.6374570446735396 0.48671875 0.6443298969072165 0.48984375 0.6443298969072165 0.4953125 0.6340206185567011 0.4953125 0.570446735395189 0.4984375 0.5618556701030928 0.49765625 0.5429553264604812 0.5 0.5395189003436427 0.49609375 0.5292096219931273 0.496875 0.49828178694158076 0.50234375 0.49312714776632305 0.50859375 0.5017182130584193 0.51328125 0.4828178694158076 0.51171875 0.4742268041237113 0.50546875 0.47079037800687284 0.49921875 0.4810996563573884 0.49609375 0.47938144329896915 0.4984375 0.47079037800687284 0.49609375 0.4553264604810997 0.49921875 0.44673539518900346 0.5046875 0.443298969072165 0.5015625 0.4347079037800688 0.503125 0.4261168384879725 0.51171875 0.4312714776632303 0.5125 0.4209621993127148 0.51171875 0.41408934707903783 0.50859375 0.41924398625429554 0.49765625 0.41408934707903783 0.49453125 0.40034364261168387 0.490625 0.40034364261168387 0.46328125 0.42783505154639184 0.46640625 0.44673539518900346 0.4640625 0.5326460481099657
0 0.509375 0.39518900343642616 0.50859375 0.39003436426116844 0.5046875 0.3934707903780069 0.5046875 0.39862542955326463 0.509375 0.39518900343642616
0 0.45234375 0.7199312714776632 0.47265625 0.6804123711340206 0.46640625 0.6477663230240551 0.45625 0.6460481099656358 0.45 0.6580756013745706 0.4453125 0.6580756013745706 0.4421875 0.6477663230240551 0.44453125 0.6563573883161513 0.44140625 0.6597938144329898 0.4421875 0.7268041237113403 0.45234375 0.7199312714776632
0 0.46640625 0.6185567010309279 0.4703125 0.6666666666666667 0.47421875 0.6769759450171822 0.48984375 0.6563573883161513 0.5046875 0.6219931271477663 0.50390625 0.6151202749140894 0.50703125 0.6116838487972509 0.50859375 0.6013745704467355 0.51484375 0.5945017182130584 0.50703125 0.5910652920962199 0.5109375 0.5670103092783505 0.50703125 0.5549828178694158 0.4796875 0.5549828178694158 0.47109375 0.563573883161512 0.46953125 0.570446735395189 0.4703125 0.584192439862543 0.46640625 0.6185567010309279
0 0.27109375 0.5463917525773196 0.278125 0.563573883161512 0.2921875 0.5824742268041238 0.3 0.5910652920962199 0.3078125 0.5876288659793815 0.309375 0.5807560137457045 0.30625 0.5738831615120275 0.30703125 0.5601374570446735 0.3046875 0.5549828178694158 0.30703125 0.5395189003436427 0.30625 0.520618556701031 0.303125 0.49828178694158076 0.303125 0.4725085910652921 0.29921875 0.4553264604810997 0.3078125 0.4450171821305842 0.30859375 0.4347079037800688 0.29921875 0.41924398625429554 0.2859375 0.41065292096219935 0.27578125 0.41408934707903783 0.2578125 0.43298969072164956 0.2578125 0.45704467353951894 0.27109375 0.5463917525773196
0 0.0484375 0.46219931271477666 0.05703125 0.47938144329896915 0.07421875 0.4948453608247423 0.0875 0.4965635738831615 0.0984375 0.5223367697594502 0.1078125 0.5240549828178694 0.11015625 0.5189003436426117 0.10234375 0.5171821305841925 0.0984375 0.5085910652920963 0.1015625 0.49828178694158076 0.1203125 0.4896907216494846 0.11328125 0.45360824742268047 0.0984375 0.42439862542955326 0.065625 0.4295532646048111 0.04765625 0.4398625429553265 0.04609375 0.4518900343642612 0.0484375 0.46219931271477666
0 0.2359375 0.6030927835051547 0.23671875 0.6288659793814434 0.240625 0.6391752577319588 0.24453125 0.6786941580756014 0.2546875 0.731958762886598 0.28984375 0.809278350515464 0.30078125 0.8264604810996564 0.30546875 0.8281786941580757 0.31171875 0.8075601374570448 0.30859375 0.7886597938144331 0.31015625 0.7766323024054984 0.30546875 0.7611683848797252 0.303125 0.7268041237113403 0.3 0.7199312714776632 0.3015625 0.7061855670103093 0.29375 0.6855670103092784 0.30546875 0.661512027491409 0.31640625 0.6546391752577321 0.321875 0.6426116838487973 0.321875 0.6305841924398626 0.29609375 0.5910652920962199 0.28515625 0.5876288659793815 0.25234375 0.6168384879725086 0.2359375 0.6030927835051547
0 0.2390625 0.5859106529209622 0.2375 0.584192439862543 0.23359375 0.5876288659793815 0.2390625 0.5859106529209622
0 0.2515625 0.575 0.00234375 0.0015625
0 0.6015625 0.3608247422680413 0.6234375 0.36426116838487976 0.62734375 0.3230240549828179 0.62734375 0.29381443298969073 0.63359375 0.27491408934707906 0.62421875 0.2680412371134021 0.615625 0.2680412371134021 0.60859375 0.27491408934707906 0.603125 0.29037800687285226 0.60078125 0.31615120274914094 0.59921875 0.34879725085910657 0.6015625 0.3608247422680413
0 0.3796875 0.7611683848797252 0.37890625 0.7920962199312716 0.3828125 0.8109965635738833 0.3859375 0.8144329896907218 0.40390625 0.7920962199312716 0.44140625 0.7268041237113403 0.43984375 0.7147766323024055 0.4359375 0.7096219931271478 0.43984375 0.6855670103092784 0.4390625 0.6099656357388317 0.4359375 0.6030927835051547 0.43828125 0.5807560137457045 0.43515625 0.570446735395189 0.43828125 0.5618556701030928 0.4359375 0.5429553264604812 0.43828125 0.5378006872852235 0.4515625 0.5326460481099657 0.44921875 0.5171821305841925 0.45234375 0.5034364261168386 0.45546875 0.5051546391752578 0.45625 0.5154639175257733 0.45859375 0.513745704467354 0.45703125 0.5051546391752578 0.45859375 0.4965635738831615 0.46171875 0.4948453608247423 0.45625 0.4810996563573884 0.440625 0.4690721649484536 0.43671875 0.4604810996563574 0.44375 0.4553264604810997 0.42421875 0.4553264604810997 0.4046875 0.47079037800687284 0.4015625 0.4776632302405499 0.40546875 0.534364261168385 0.403125 0.5549828178694158 0.40546875 0.577319587628866 0.40390625 0.5893470790378007 0.40625 0.5962199312714777 0.4015625 0.6357388316151203 0.403125 0.6391752577319588 0.4 0.6546391752577321 0.39375 0.661512027491409 0.39140625 0.6718213058419245 0.3828125 0.6718213058419245 0.3765625 0.6958762886597938 0.375 0.7233676975945018 0.3796875 0.7611683848797252
0 0.45 0.4587628865979382 0.45703125 0.4484536082474227 0.4515625 0.44158075601374575 0.446875 0.4518900343642612 0.4453125 0.4587628865979382 0.45 0.4587628865979382
0 0.4296875 0.43814432989690727 0.434375 0.43814432989690727 0.43046875 0.42783505154639184 0.428125 0.42783505154639184 0.4296875 0.43814432989690727
0 0.5390625 0.5017182130584193 0.546875 0.4965635738831615 0.57265625 0.4553264604810997 0.57421875 0.3934707903780069 0.571875 0.38659793814432997 0.56640625 0.38659793814432997 0.5515625 0.41065292096219935 0.55 0.43298969072164956 0.53671875 0.43814432989690727 0.5359375 0.4450171821305842 0.53515625 0.49828178694158076 0.5390625 0.5017182130584193
0 0.58125 0.3780068728522337 0.58359375 0.372852233676976 0.57890625 0.372852233676976 0.578125 0.3762886597938145 0.58125 0.3780068728522337
0 0.5890625 0.3608247422680413 0.590625 0.365979381443299 0.5984375 0.36426116838487976 0.5984375 0.3195876288659794 0.58203125 0.31271477663230246 0.5796875 0.3195876288659794 0.57734375 0.3556701030927835 0.5890625 0.3608247422680413
0 0.4828125 0.3780068728522337 0.48984375 0.3917525773195877 0.49765625 0.3917525773195877 0.5359375 0.35223367697594504 0.53046875 0.34536082474226804 0.5140625 0.3470790378006873 0.4890625 0.3384879725085911 0.47734375 0.35738831615120276 0.478125 0.3762886597938145 0.4828125 0.3780068728522337
0 0.66796875 0.5085910652920963 0.6796875 0.4862542955326461 0.6828125 0.4587628865979382 0.68125 0.4553264604810997 0.665625 0.46735395189003437 0.64921875 0.46219931271477666 0.6453125 0.4742268041237113 0.6453125 0.4965635738831615 0.66796875 0.5085910652920963
0 0.54296875 0.4037800687285224 0.55234375 0.39003436426116844 0.5515625 0.37972508591065296 0.5359375 0.38316151202749144 0.53828125 0.4037800687285224 0.54296875 0.4037800687285224
0 0.53828125 0.3539518900343643 0.5390625 0.3694158075601375 0.55703125 0.3762886597938145 0.5578125 0.359106529209622 0.565625 0.34536082474226804 0.565625 0.3247422680412372 0.57421875 0.31099656357388317 0.57109375 0.30584192439862545 0.57421875 0.29553264604810997 0.5671875 0.2920962199312715 0.53203125 0.3178694158075602 0.52578125 0.3298969072164949 0.52578125 0.34192439862542956 0.53828125 0.3539518900343643
0 0.00625 0.42783505154639184 0.00625 0.4347079037800688 0.01640625 0.43642611683848803 0.0296875 0.42783505154639184 0.0296875 0.4072164948453609 0.01875 0.35738831615120276 0.0015625 0.35223367697594504 0 0.4123711340206186 0.00625 0.42783505154639184
0 0.5921875 0.4690721649484536 0.5953125 0.4553264604810997 0.59921875 0.36426116838487976 0.5953125 0.3470790378006873 0.590625 0.35223367697594504 0.58125 0.3436426116838488 0.578125 0.35738831615120276 0.57421875 0.4553264604810997 0.5921875 0.4690721649484536
0 0.64296875 0.21821305841924402 0.66484375 0.21821305841924402 0.66796875 0.21305841924398625 0.66796875 0.19931271477663232 0.665625 0.19587628865979384 0.65078125 0.1941580756013746 0.63984375 0.19931271477663232 0.6390625 0.21477663230240554 0.64296875 0.21821305841924402
0 0.26484375 0.4810996563573884 0.27578125 0.4810996563573884 0.28984375 0.4948453608247423 0.29921875 0.48797250859106533 0.2984375 0.4553264604810997 0.3109375 0.43814432989690727 0.30390625 0.41924398625429554 0.28671875 0.4089347079037801 0.278125 0.41065292096219935 0.2578125 0.4312714776632303 0.2578125 0.45704467353951894 0.26484375 0.4810996563573884
0 0.490625 0.45704467353951894 0.49375 0.4862542955326461 0.49140625 0.4948453608247423 0.4953125 0.513745704467354 0.49453125 0.5360824742268042 0.4984375 0.5446735395189004 0.5078125 0.5360824742268042 0.50390625 0.5257731958762888 0.5125 0.5120274914089348 0.5140625 0.3934707903780069 0.51171875 0.38487972508591073 0.5046875 0.38659793814432997 0.49609375 0.39518900343642616 0.4921875 0.41408934707903783 0.49375 0.43814432989690727 0.490625 0.45704467353951894
0 0.26640625 0.6529209621993128 0.271875 0.6666666666666667 0.28671875 0.6786941580756014 0.3109375 0.7199312714776632 0.325 0.7302405498281788 0.33359375 0.7474226804123713 0.346875 0.7353951890034365 0.37265625 0.6941580756013745 0.36953125 0.6786941580756014 0.3625 0.6701030927835052 0.3625 0.6580756013745706 0.35859375 0.6494845360824744 0.33828125 0.6288659793814434 0.325 0.6288659793814434 0.2921875 0.5876288659793815 0.275 0.5962199312714777 0.25234375 0.6185567010309279 0.25078125 0.6323024054982819 0.26640625 0.6529209621993128
0 0.3015625 0.731958762886598 0.30390625 0.7577319587628867 0.30859375 0.7766323024054984 0.30546875 0.7886597938144331 0.309375 0.79553264604811 0.3109375 0.8213058419243987 0.30625 0.8350515463917526 0.32109375 0.8676975945017184 0.33828125 0.8951890034364262 0.34375 0.8969072164948454 0.35546875 0.879725085910653 0.38359375 0.8247422680412372 0.38515625 0.816151202749141 0.378125 0.7972508591065293 0.378125 0.7611683848797252 0.37265625 0.7268041237113403 0.3734375 0.7010309278350516 0.3703125 0.6975945017182131 0.371875 0.6855670103092784 0.36953125 0.6804123711340206 0.3625 0.6752577319587629 0.35546875 0.6804123711340206 0.3375 0.7061855670103093 0.33984375 0.7096219931271478 0.3390625 0.7216494845360826 0.33046875 0.725085910652921 0.32734375 0.7199312714776632 0.3265625 0.7268041237113403 0.31953125 0.7285223367697595 0.31015625 0.725085910652921 0.30703125 0.7164948453608248 0.29921875 0.7130584192439863 0.29609375 0.7233676975945018 0.3015625 0.731958762886598
0 0.08125 0.3694158075601375 0.1203125 0.3505154639175258 0.11796875 0.3195876288659794 0.1078125 0.30584192439862545 0.07734375 0.30927835051546393 0.06640625 0.31615120274914094 0.06875 0.33333333333333337 0.08125 0.3694158075601375
0 0.53359375 0.5756013745704468 0.53671875 0.5756013745704468 0.5484375 0.5532646048109966 0.54765625 0.5360824742268042 0.540625 0.527491408934708 0.53515625 0.527491408934708 0.5328125 0.534364261168385 0.53203125 0.5670103092783505 0.53359375 0.5756013745704468
0 0.6578125 0.41408934707903783 0.68515625 0.41580756013745707 0.6875 0.40549828178694164 0.68359375 0.38487972508591073 0.66796875 0.3762886597938145 0.6578125 0.3780068728522337 0.65078125 0.39003436426116844 0.6515625 0.41065292096219935 0.6578125 0.41408934707903783
0 0.40078125 0.4948453608247423 0.4046875 0.5652920962199313 0.40859375 0.570446735395189 0.43125 0.5463917525773196 0.43203125 0.5395189003436427 0.42734375 0.5257731958762888 0.43203125 0.5223367697594502 0.43203125 0.5085910652920963 0.4359375 0.5 0.43671875 0.46735395189003437 0.4265625 0.44673539518900346 0.43203125 0.443298969072165 0.43203125 0.4312714776632303 0.4265625 0.42783505154639184 0.42890625 0.4347079037800688 0.42578125 0.44673539518900346 0.41796875 0.4587628865979382 0.39375 0.47079037800687284 0.39296875 0.47594501718213056 0.40078125 0.4948453608247423
0 0.646875 0.3934707903780069 0.659375 0.372852233676976 0.6609375 0.3384879725085911 0.6359375 0.3436426116838488 0.63046875 0.3505154639175258 0.625 0.36769759450171824 0.625 0.38316151202749144 0.646875 0.3934707903780069
0 0 0.5257731958762888 0.0046875 0.5360824742268042 0.00859375 0.534364261168385 0.0078125 0.5429553264604812 0.009375 0.5360824742268042 0.01484375 0.5360824742268042 0.01796875 0.5171821305841925 0.034375 0.49828178694158076 0.04375 0.4948453608247423 0.05234375 0.5 0.053125 0.5154639175257733 0.05625 0.5051546391752578 0.0625 0.5051546391752578 0.06015625 0.5154639175257733 0.0671875 0.5068728522336771 0.06875 0.49828178694158076 0.065625 0.4914089347079038 0.05546875 0.4896907216494846 0.0546875 0.47938144329896915 0.0390625 0.4347079037800688 0.03125 0.43298969072164956 0.00390625 0.4450171821305842 0 0.4484536082474227 0 0.5257731958762888
0 0.31953125 0.5876288659793815 0.3140625 0.5945017182130584 0.3140625 0.5996563573883162 0.31796875 0.5996563573883162 0.3171875 0.6065292096219932 0.3234375 0.6082474226804124 0.33125 0.6013745704467355 0.3375 0.6151202749140894 0.33515625 0.6219931271477663 0.35078125 0.6305841924398626 0.365625 0.6529209621993128 0.38125 0.6323024054982819 0.3828125 0.6237113402061857 0.38671875 0.6219931271477663 0.38671875 0.6134020618556701 0.38984375 0.6219931271477663 0.39375 0.6151202749140894 0.39765625 0.6168384879725086 0.39921875 0.6082474226804124 0.396875 0.6030927835051547 0.40234375 0.5807560137457045 0.40234375 0.534364261168385 0.396875 0.5051546391752578 0.38671875 0.5103092783505155 0.36015625 0.5378006872852235 0.35390625 0.5360824742268042 0.34453125 0.520618556701031 0.3359375 0.5171821305841925 0.33203125 0.5257731958762888 0.33359375 0.5360824742268042 0.33125 0.5429553264604812 0.325 0.5378006872852235 0.32265625 0.5670103092783505 0.31640625 0.5652920962199313 0.315625 0.5515463917525774 0.3109375 0.5515463917525774 0.31015625 0.570446735395189 0.31953125 0.5876288659793815
0 0.03046875 0.6975945017182131 0.03671875 0.7233676975945018 0.04296875 0.731958762886598 0.0671875 0.7164948453608248 0.084375 0.6993127147766324 0.08828125 0.6890034364261168 0.096875 0.6890034364261168 0.128125 0.668384879725086 0.1234375 0.6529209621993128 0.12421875 0.6374570446735396 0.11953125 0.6202749140893471 0.11640625 0.6202749140893471 0.1125 0.6305841924398626 0.1109375 0.6237113402061857 0.09609375 0.6065292096219932 0.05546875 0.6357388316151203 0.028125 0.6632302405498283 0.0265625 0.6752577319587629 0.03046875 0.6975945017182131
0 0.36875 0.36426116838487976 0.37734375 0.3625429553264605 0.39375 0.34536082474226804 0.38984375 0.3384879725085911 0.3796875 0.3350515463917526 0.36171875 0.3350515463917526 0.3515625 0.3436426116838488 0.3484375 0.3556701030927835 0.36875 0.36426116838487976
0 0.43828125 0.7233676975945018 0.43515625 0.7233676975945018 0.434375 0.7285223367697595 0.43828125 0.7233676975945018
0 0.4095170454545454 0.6905654482974072 0.4125 0.6872852233676976 0.409375 0.6890034364261168 0.4095170454545454 0.6905654482974072
0 0.4125 0.6958762886597938 0.40955882352941175 0.6910248635536689 0.4109375 0.7061855670103093 0.4125 0.6958762886597938
0 0.38046875 0.7491408934707905 0.3796875 0.79553264604811 0.38359375 0.8075601374570448 0.38984375 0.8075601374570448 0.39765625 0.7920962199312716 0.41015625 0.7783505154639176 0.41015625 0.7646048109965636 0.4078125 0.7611683848797252 0.409375 0.7577319587628867 0.42265625 0.7542955326460482 0.425 0.7508591065292097 0.4234375 0.7474226804123713 0.42890625 0.7405498281786942 0.425 0.7371134020618557 0.41484375 0.7491408934707905 0.41171875 0.7422680412371134 0.40859375 0.7474226804123713 0.40625 0.7439862542955327 0.40625 0.7302405498281788 0.40078125 0.7199312714776632 0.4046875 0.7164948453608248 0.40234375 0.7061855670103093 0.40546875 0.6924398625429553 0.4015625 0.6769759450171822 0.39609375 0.6769759450171822 0.38984375 0.6890034364261168 0.38671875 0.6872852233676976 0.3859375 0.7010309278350516 0.3765625 0.7199312714776632 0.37578125 0.7268041237113403 0.38046875 0.7491408934707905
0 0.484375 0.65703125 0.0015625 0.0015625
0 0.4453125 0.5984375 0.00078125 0.00546875
0 0.45078125 0.6632302405498283 0.4515625 0.6701030927835052 0.44296875 0.6786941580756014 0.4453125 0.6872852233676976 0.44453125 0.7027491408934708 0.4421875 0.7096219931271478 0.44375 0.7164948453608248 0.45234375 0.7130584192439863 0.4671875 0.6872852233676976 0.46796875 0.6786941580756014 0.4640625 0.6718213058419245 0.46953125 0.6443298969072165 0.46640625 0.5962199312714777 0.46328125 0.5945017182130584 0.46328125 0.6013745704467355 0.459375 0.6030927835051547 0.46328125 0.6185567010309279 0.46015625 0.6237113402061857 0.45078125 0.6219931271477663 0.44765625 0.6323024054982819 0.44921875 0.6443298969072165 0.44453125 0.6512027491408936 0.44453125 0.6597938144329898 0.45078125 0.6632302405498283
0 0.46640625 0.5893470790378007 0.46640625 0.584192439862543 0.459375 0.577319587628866 0.45859375 0.5893470790378007 0.46640625 0.5893470790378007
0 0.484375 0.577319587628866 0.49375 0.570446735395189 0.48984375 0.5567010309278351 0.49140625 0.5532646048109966 0.4875 0.5481099656357389 0.4796875 0.5584192439862543 0.47890625 0.563573883161512 0.484375 0.577319587628866
0 0.4453125 0.53515625 0.00234375 0.0015625
0 0.4625 0.5257731958762888 0.459375 0.5240549828178694 0.46328125 0.5378006872852235 0.4625 0.5257731958762888
0 0.4828125 0.5360824742268042 0.4875 0.5446735395189004 0.48828125 0.520618556701031 0.484375 0.520618556701031 0.48203125 0.5257731958762888 0.4828125 0.5360824742268042
0 0.4625 0.5109375 0.00078125 0.0015625
0 0.52890625 0.5103092783505155 0.52890625 0.5034364261168386 0.52265625 0.5051546391752578 0.52890625 0.5103092783505155
0 0.525 0.496875 0.00078125 0.003125
0 0.46015625 0.4828178694158076 0.453125 0.4725085910652921 0.4453125 0.4725085910652921 0.4453125 0.47938144329896915 0.46015625 0.4828178694158076
0 0.53046875 0.47079037800687284 0.52890625 0.4639175257731959 0.5234375 0.4690721649484536 0.52578125 0.4776632302405499 0.53046875 0.47079037800687284
0 0.5140625 0.46484375 0.00234375 0.0015625
0 0.47421875 0.4690721649484536 0.4765625 0.46219931271477666 0.4734375 0.4604810996563574 0.471875 0.46563573883161513 0.47421875 0.4690721649484536
0 0.44609375 0.45704467353951894 0.45546875 0.4450171821305842 0.44453125 0.4484536082474227 0.44375 0.4553264604810997 0.44609375 0.45704467353951894
0 0.46328125 0.43814432989690727 0.45078125 0.43298969072164956 0.44375 0.4347079037800688 0.46328125 0.43814432989690727
0 0.5015625 0.4312714776632303 0.51171875 0.4312714776632303 0.515625 0.4261168384879725 0.5125 0.4175257731958763 0.50078125 0.4175257731958763 0.49921875 0.42439862542955326 0.5015625 0.4312714776632303
0 0.46875 0.43814432989690727 0.4796875 0.4450171821305842 0.4765625 0.4518900343642612 0.4796875 0.4587628865979382 0.478125 0.4639175257731959 0.48359375 0.4725085910652921 0.4796875 0.47938144329896915 0.4828125 0.4828178694158076 0.4828125 0.4965635738831615 0.4875 0.4948453608247423 0.4890625 0.47938144329896915 0.48671875 0.47079037800687284 0.49140625 0.46563573883161513 0.48828125 0.4587628865979382 0.48828125 0.44673539518900346 0.4921875 0.44158075601374575 0.49375 0.42783505154639184 0.48515625 0.4175257731958763 0.4890625 0.41408934707903783 0.4875 0.4072164948453609 0.47734375 0.422680412371134 0.4703125 0.4209621993127148 0.47265625 0.4312714776632303 0.46875 0.43814432989690727
0 0.52109375 0.422680412371134 0.52265625 0.4312714776632303 0.52890625 0.42439862542955326 0.52734375 0.4209621993127148 0.53046875 0.4123711340206186 0.53046875 0.3969072164948454 0.52265625 0.3934707903780069 0.525 0.4037800687285224 0.52109375 0.422680412371134
0 0.30234375 0.4914089347079038 0.303125 0.5171821305841925 0.29765625 0.5292096219931273 0.2921875 0.5292096219931273 0.29140625 0.5412371134020619 0.2875 0.5515463917525774 0.28046875 0.5567010309278351 0.27578125 0.5481099656357389 0.27578125 0.5567010309278351 0.32421875 0.6237113402061857 0.34296875 0.6237113402061857 0.34609375 0.5996563573883162 0.34140625 0.5910652920962199 0.3359375 0.5498281786941581 0.33046875 0.5395189003436427 0.32890625 0.5154639175257733 0.325 0.5085910652920963 0.3171875 0.513745704467354 0.31484375 0.5068728522336771 0.31875 0.5034364261168386 0.3109375 0.49312714776632305 0.3078125 0.47594501718213056 0.303125 0.47594501718213056 0.30546875 0.4862542955326461 0.30234375 0.4914089347079038
0 0.4484375 0.6477663230240551 0.46328125 0.6443298969072165 0.46328125 0.6546391752577321 0.47109375 0.6701030927835052 0.47109375 0.6786941580756014 0.4765625 0.6769759450171822 0.48984375 0.6563573883161513 0.49765625 0.6340206185567011 0.496875 0.6185567010309279 0.5 0.604810996563574 0.49609375 0.584192439862543 0.503125 0.577319587628866 0.5 0.570446735395189 0.5015625 0.5670103092783505 0.48828125 0.5481099656357389 0.4703125 0.5567010309278351 0.46796875 0.5927835051546392 0.4609375 0.6013745704467355 0.4640625 0.6099656357388317 0.4578125 0.6151202749140894 0.45625 0.6082474226804124 0.453125 0.6219931271477663 0.44375 0.6357388316151203 0.44609375 0.6529209621993128 0.4484375 0.6477663230240551
0 0.13125 0.62265625 0.00390625 0.0015625
0 0.00625 0.5429553264604812 0.0171875 0.534364261168385 0.03125 0.534364261168385 0.03203125 0.5532646048109966 0.02890625 0.563573883161512 0.03125 0.5567010309278351 0.0390625 0.5567010309278351 0.0515625 0.5463917525773196 0.078125 0.5498281786941581 0.07890625 0.5567010309278351 0.0921875 0.5824742268041238 0.096875 0.6065292096219932 0.10078125 0.6065292096219932 0.1109375 0.6202749140893471 0.12265625 0.6477663230240551 0.1265625 0.6408934707903781 0.125 0.6254295532646049 0.1171875 0.5979381443298969 0.11640625 0.5910652920962199 0.11875 0.5876288659793815 0.1140625 0.5807560137457045 0.10859375 0.5601374570446735 0.11015625 0.5532646048109966 0.0875 0.5034364261168386 0.0765625 0.5017182130584193 0.06015625 0.48453608247422686 0.03203125 0.49828178694158076 0.01796875 0.5171821305841925 0.003125 0.5240549828178694 0.00234375 0.5326460481099657 0.00625 0.5429553264604812
0 0.44296875 0.6580756013745706 0.44609375 0.6477663230240551 0.46640625 0.6185567010309279 0.46953125 0.5738831615120275 0.4734375 0.5670103092783505 0.475 0.5532646048109966 0.490625 0.5463917525773196 0.490625 0.5360824742268042 0.484375 0.5309278350515465 0.490625 0.5120274914089348 0.47890625 0.520618556701031 0.478125 0.534364261168385 0.4703125 0.5378006872852235 0.47265625 0.5085910652920963 0.47109375 0.5120274914089348 0.46484375 0.49312714776632305 0.45546875 0.49312714776632305 0.4390625 0.5120274914089348 0.44140625 0.5189003436426117 0.4390625 0.5223367697594502 0.4390625 0.5395189003436427 0.4359375 0.5498281786941581 0.43515625 0.5996563573883162 0.44296875 0.6580756013745706
0 0.665625 0.5085910652920963 0.68203125 0.4725085910652921 0.6859375 0.44158075601374575 0.68671875 0.3969072164948454 0.68203125 0.38487972508591073 0.6671875 0.3780068728522337 0.6578125 0.37972508591065296 0.65078125 0.3934707903780069 0.6453125 0.4965635738831615 0.665625 0.5085910652920963
0 0 0.5395189003436427 0.003125 0.5463917525773196 0.0078125 0.5463917525773196 0.01796875 0.5360824742268042 0.03046875 0.5326460481099657 0.03203125 0.5515463917525774 0.0359375 0.5532646048109966 0.05859375 0.5412371134020619 0.07109375 0.527491408934708 0.078125 0.5412371134020619 0.0796875 0.5360824742268042 0.07578125 0.5326460481099657 0.0765625 0.527491408934708 0.08203125 0.527491408934708 0.08515625 0.5189003436426117 0.09140625 0.5189003436426117 0.0875 0.5085910652920963 0.075 0.5034364261168386 0.06875 0.4896907216494846 0.053125 0.4828178694158076 0.02265625 0.5017182130584193 0 0.520618556701031 0 0.5395189003436427
0 0.6015625 0.41580756013745707 0.5984375 0.4209621993127148 0.61953125 0.422680412371134 0.62421875 0.36769759450171824 0.60078125 0.3625429553264605 0.59921875 0.3711340206185567 0.5984375 0.41108247422680416 0.6015625 0.41580756013745707
0 0.6703125 0.22852233676975947 0.6828125 0.23539518900343642 0.68515625 0.24398625429553267 0.68203125 0.2577319587628866 0.68828125 0.2611683848797251 0.6921875 0.2611683848797251 0.69609375 0.23883161512027495 0.70078125 0.2302405498281787 0.69140625 0.21993127147766325 0.66875 0.21821305841924402 0.6671875 0.21993127147766325 0.6703125 0.22852233676975947
0 0.58515625 0.46735395189003437 0.59375 0.46735395189003437 0.59453125 0.41924398625429554 0.578125 0.4175257731958763 0.57421875 0.43814432989690727 0.57421875 0.4587628865979382 0.58515625 0.46735395189003437
0 0.64375 0.45360824742268047 0.65 0.4089347079037801 0.64921875 0.39003436426116844 0.628125 0.38316151202749144 0.6234375 0.3883161512027492 0.62265625 0.4484536082474227 0.64375 0.45360824742268047
0 0.484375 0.5429553264604812 0.490625 0.5429553264604812 0.490625 0.5378006872852235 0.4875 0.5360824742268042 0.48203125 0.5360824742268042 0.484375 0.5429553264604812
0 0.48046875 0.49828178694158076 0.48515625 0.4948453608247423 0.47890625 0.4896907216494846 0.478125 0.4948453608247423 0.48046875 0.49828178694158076
0 0.44375 0.6099656357388317 0.45 0.6082474226804124 0.44921875 0.5962199312714777 0.46015625 0.5962199312714777 0.46484375 0.5910652920962199 0.46875 0.5498281786941581 0.47265625 0.5395189003436427 0.46953125 0.5309278350515465 0.4734375 0.5189003436426117 0.48125 0.5257731958762888 0.490625 0.5154639175257733 0.48828125 0.5068728522336771 0.48515625 0.513745704467354 0.478125 0.5 0.47109375 0.5 0.46640625 0.4896907216494846 0.46796875 0.47938144329896915 0.4421875 0.4965635738831615 0.4359375 0.5120274914089348 0.4359375 0.5945017182130584 0.44375 0.6099656357388317
0 0.47578125 0.47594501718213056 0.475 0.4810996563573884 0.478125 0.4810996563573884 0.478125 0.4725085910652921 0.4734375 0.46735395189003437 0.471875 0.4725085910652921 0.47578125 0.47594501718213056
0 0 0.7697594501718215 0.03515625 0.7439862542955327 0.03359375 0.7199312714776632 0.02578125 0.6993127147766324 0.02265625 0.668384879725086 0.015625 0.6632302405498283 0.003125 0.6649484536082475 0 0.668384879725086 0 0.7697594501718215
0 0.30625 0.5429553264604812 0.3015625 0.5532646048109966 0.30390625 0.5601374570446735 0.29453125 0.5670103092783505 0.2953125 0.5756013745704468 0.29296875 0.5756013745704468 0.29296875 0.5807560137457045 0.29921875 0.5876288659793815 0.30078125 0.584192439862543 0.30390625 0.5945017182130584 0.32734375 0.6237113402061857 0.33828125 0.6219931271477663 0.34140625 0.6151202749140894 0.34140625 0.5945017182130584 0.33671875 0.570446735395189 0.33671875 0.5463917525773196 0.33359375 0.5292096219931273 0.33671875 0.5154639175257733 0.334375 0.49828178694158076 0.3421875 0.4828178694158076 0.36796875 0.4587628865979382 0.36875 0.4518900343642612 0.3625 0.43814432989690727 0.34140625 0.422680412371134 0.33125 0.4295532646048111 0.32734375 0.4295532646048111 0.32734375 0.42439862542955326 0.32421875 0.422680412371134 0.321875 0.42439862542955326 0.321875 0.4312714776632303 0.31015625 0.4312714776632303 0.3078125 0.443298969072165 0.29921875 0.4518900343642612 0.3 0.5034364261168386 0.2953125 0.5154639175257733 0.3015625 0.5240549828178694 0.30625 0.5429553264604812
0 0.40703125 0.6494845360824744 0.4109375 0.6701030927835052 0.428125 0.6597938144329898 0.43515625 0.6494845360824744 0.434375 0.6426116838487973 0.4390625 0.6357388316151203 0.43515625 0.6013745704467355 0.4375 0.5807560137457045 0.4359375 0.5498281786941581 0.43203125 0.5395189003436427 0.425 0.5532646048109966 0.40703125 0.5721649484536082 0.40546875 0.6185567010309279 0.40703125 0.6494845360824744
0 0.30703125 0.4725085910652921 0.3203125 0.48797250859106533 0.328125 0.4896907216494846 0.35234375 0.47079037800687284 0.365625 0.4553264604810997 0.3671875 0.44673539518900346 0.36328125 0.43814432989690727 0.34375 0.42439862542955326 0.325 0.43298969072164956 0.31197890625 0.4312714776632303 0.30703125 0.42439862542955326 0.30859375 0.44158075601374575 0.3 0.45017182130584193 0.3 0.4587628865979382 0.30703125 0.4725085910652921
0 0.4421875 0.6116838487972509 0.45 0.6099656357388317 0.4515625 0.5962199312714777 0.4578125 0.5979381443298969 0.46640625 0.5893470790378007 0.46953125 0.5429553264604812 0.46875 0.5189003436426117 0.4734375 0.5085910652920963 0.465625 0.4914089347079038 0.4671875 0.4810996563573884 0.46328125 0.47938144329896915 0.45859375 0.48797250859106533 0.44140625 0.4965635738831615 0.4359375 0.5103092783505155 0.43515625 0.5962199312714777 0.4421875 0.6116838487972509
0 0.02109375 0.36769759450171824 0.03515625 0.42439862542955326 0.0546875 0.4261168384879725 0.07578125 0.41924398625429554 0.08046875 0.4123711340206186 0.08125 0.39003436426116844 0.075 0.35223367697594504 0.06328125 0.3247422680412372 0.05 0.3247422680412372 0.04375 0.3436426116838488 0.02578125 0.3505154639175258 0.02109375 0.3556701030927835 0.02109375 0.36769759450171824
0 0.4 0.5189003436426117 0.403125 0.5326460481099657 0.4015625 0.5618556701030928 0.40390625 0.577319587628866 0.4015625 0.6151202749140894 0.403125 0.6305841924398626 0.40234375 0.6408934707903781 0.3984375 0.6460481099656358 0.40078125 0.6563573883161513 0.3984375 0.6701030927835052 0.40390625 0.6786941580756014 0.4109375 0.6786941580756014 0.415625 0.6563573883161513 0.43515625 0.6477663230240551 0.43203125 0.6391752577319588 0.43515625 0.6357388316151203 0.4359375 0.6237113402061857 0.4328125 0.5979381443298969 0.4359375 0.5824742268041238 0.43515625 0.5429553264604812 0.43828125 0.46735395189003437 0.4296875 0.44673539518900346 0.43359375 0.43814432989690727 0.4328125 0.4312714776632303 0.425 0.42439862542955326 0.42578125 0.43298969072164956 0.421875 0.4347079037800688 0.42578125 0.4518900343642612 0.39609375 0.4742268041237113 0.40078125 0.4914089347079038 0.4 0.5189003436426117
0 0.3046875 0.7096219931271478 0.29921875 0.7233676975945018 0.303125 0.731958762886598 0.303125 0.7439862542955327 0.31015625 0.7680412371134021 0.31328125 0.8075601374570448 0.32421875 0.809278350515464 0.32734375 0.816151202749141 0.3265625 0.8230240549828179 0.3390625 0.8298969072164949 0.3453125 0.845360824742268 0.346875 0.8419243986254296 0.35546875 0.8470790378006873 0.35703125 0.8402061855670103 0.359765625 0.8470790378006873 0.3640625 0.8470790378006873 0.371875 0.8350515463917526 0.3765625 0.8350515463917526 0.3828125 0.8230240549828179 0.38359375 0.8178694158075602 0.3796875 0.8109965635738833 0.37421875 0.8109965635738833 0.37734375 0.7920962199312716 0.378125 0.7611683848797252 0.37109375 0.725085910652921 0.3734375 0.7199312714776632 0.375 0.6941580756013745 0.35546875 0.6460481099656358 0.3421875 0.6323024054982819 0.32890625 0.6323024054982819 0.31875 0.6580756013745706 0.30703125 0.6649484536082475 0.2953125 0.6838487972508591 0.29453125 0.6890034364261168 0.3046875 0.7096219931271478
0 0.59609375 0.3178694158075602 0.6 0.31615120274914094 0.6 0.302405498281787 0.60390625 0.28350515463917525 0.6125 0.2680412371134021 0.60234375 0.2611683848797251 0.5875 0.2611683848797251 0.58046875 0.2680412371134021 0.58125 0.30927835051546393 0.59609375 0.3178694158075602
0 0.61796875 0.26460481099656363 0.653125 0.2714776632302406 0.6640625 0.2714776632302406 0.68125 0.2560137457044674 0.6875 0.24398625429553267 0.6859375 0.23711340206185566 0.67421875 0.23367697594501718 0.66796875 0.22508591065292097 0.65 0.21993127147766325 0.628125 0.22680412371134023 0.6140625 0.2405498281786942 0.61328125 0.2560137457044674 0.61796875 0.26460481099656363
0 0.23984375 0.6374570446735396 0.2515625 0.7268041237113403 0.26875 0.7714776632302407 0.2890625 0.8109965635738833 0.30390625 0.8333333333333334 0.3078125 0.8281786941580757 0.3125 0.8058419243986255 0.30859375 0.7835051546391754 0.3109375 0.7783505154639176 0.3046875 0.7611683848797252 0.30234375 0.725085910652921 0.29921875 0.7199312714776632 0.30078125 0.7061855670103093 0.2890625 0.6838487972508591 0.2671875 0.6632302405498283 0.25546875 0.6391752577319588 0.2375 0.6219931271477663 0.23671875 0.6305841924398626 0.23984375 0.6374570446735396
0 0.47421875 0.6443298969072165 0.4765625 0.6357388316151203 0.471875 0.6323024054982819 0.4703125 0.6219931271477663 0.4703125 0.6443298969072165 0.47421875 0.6443298969072165
0 0.53203125 0.5103092783505155 0.53046875 0.5120274914089348 0.53203125 0.520618556701031 0.53203125 0.5103092783505155
0 0.490625 0.6374570446735396 0.49296875 0.6271477663230242 0.49765625 0.6357388316151203 0.51171875 0.6134020618556701 0.515625 0.604810996563574 0.51953125 0.5807560137457045 0.51640625 0.570446735395189 0.51796875 0.5103092783505155 0.51484375 0.5017182130584193 0.51484375 0.3934707903780069 0.51171875 0.38316151202749144 0.49609375 0.3969072164948454 0.4921875 0.4742268041237113 0.49453125 0.6116838487972509 0.490625 0.6374570446735396
0 0.34453125 0.6254295532646049 0.36171875 0.6460481099656358 0.37265625 0.6786941580756014 0.37890625 0.6890034364261168 0.39296875 0.6821305841924399 0.4046875 0.668384879725086 0.40703125 0.6477663230240551 0.40078125 0.5687285223367697 0.38046875 0.5721649484536082 0.3796875 0.5807560137457045 0.38359375 0.5807560137457045 0.38515625 0.5876288659793815 0.37109375 0.6013745704467355 0.371875 0.6099656357388317 0.3640625 0.6271477663230242 0.35703125 0.6254295532646049 0.3484375 0.6082474226804124 0.34453125 0.6168384879725086 0.34453125 0.6254295532646049
0 0.39765625 0.563573883161512 0.39609375 0.5549828178694158 0.39296875 0.5601374570446735 0.39765625 0.563573883161512
0 0.44453125 0.6924398625429553 0.44296875 0.7130584192439863 0.44375 0.7216494845360826 0.44765625 0.7233676975945018 0.47578125 0.6735395189003437 0.4703125 0.6580756013745706 0.46796875 0.6030927835051547 0.46484375 0.604810996563574 0.4671875 0.6082474226804124 0.4640625 0.6151202749140894 0.45546875 0.6151202749140894 0.45234375 0.6237113402061857 0.44453125 0.6288659793814434 0.4421875 0.6391752577319588 0.4421875 0.6855670103092784 0.44453125 0.6924398625429553
0 0.509375 0.5807560137457045 0.5125 0.5876288659793815 0.51015625 0.6030927835051547 0.503125 0.6219931271477663 0.5046875 0.6254295532646049 0.52578125 0.5962199312714777 0.5328125 0.577319587628866 0.53046875 0.5687285223367697 0.5328125 0.5532646048109966 0.5328125 0.5189003436426117 0.51953125 0.5120274914089348 0.5171875 0.5360824742268042 0.51171875 0.5567010309278351 0.5125 0.5652920962199313 0.509375 0.5807560137457045
0 0.1015625 0.9347079037800687 0.0984375 0.9329896907216495 0.096875 0.9347079037800687 0.1015625 0.9347079037800687
0 0.115625 0.9015625 0.003125 0.0015625
0 0.059375 0.8264604810996564 0.0734375 0.8780068728522338 0.0921875 0.9312714776632303 0.09765625 0.9278350515463918 0.10078125 0.9106529209621994 0.1046875 0.9037800687285223 0.10859375 0.9209621993127148 0.10546875 0.9261168384879725 0.1078125 0.9312714776632303 0.11484375 0.9278350515463918 0.11640625 0.9226804123711341 0.1125 0.9192439862542956 0.10859375 0.9020618556701031 0.1109375 0.8951890034364262 0.11953125 0.8900343642611684 0.11953125 0.8986254295532646 0.1328125 0.8986254295532646 0.1328125 0.88659793814433 0.125 0.8831615120274915 0.12421875 0.8711340206185568 0.12734375 0.8625429553264606 0.13828125 0.852233676975945 0.14375 0.8384879725085911 0.1546875 0.8247422680412372 0.16796875 0.8144329896907218 0.15078125 0.725085910652921 0.128125 0.6752577319587629 0.11953125 0.6752577319587629 0.08984375 0.6975945017182131 0.05390625 0.7268041237113403 0.0453125 0.7405498281786942 0.04453125 0.7646048109965636 0.059375 0.8264604810996564
0 0.3734375 0.4518900343642612 0.39765625 0.47079037800687284 0.42734375 0.45017182130584193 0.43203125 0.44158075601374575 0.43203125 0.43298969072164956 0.40703125 0.4123711340206186 0.371875 0.4398625429553265 0.37109375 0.44673539518900346 0.3734375 0.4518900343642612
0 0.3375 0.5103092783505155 0.3578125 0.5378006872852235 0.3671875 0.534364261168385 0.396875 0.5051546391752578 0.39921875 0.49828178694158076 0.39765625 0.4862542955326461 0.3765625 0.46219931271477666 0.36171875 0.4639175257731959 0.34453125 0.47938144329896915 0.33515625 0.4948453608247423 0.334375 0.5017182130584193 0.3375 0.5103092783505155
0 0.2359375 0.6099656357388317 0.24765625 0.6958762886597938 0.2546875 0.7268041237113403 0.259375 0.725085910652921 0.25859375 0.7371134020618557 0.26640625 0.7508591065292097 0.271875 0.7714776632302407 0.2921875 0.8127147766323025 0.30234375 0.8247422680412372 0.3171875 0.8608247422680414 0.33828125 0.8951890034364262 0.34453125 0.8969072164948454 0.3828125 0.8230240549828179 0.3765625 0.7886597938144331 0.37734375 0.7663230240549829 0.371875 0.7096219931271478 0.37265625 0.6855670103092784 0.36328125 0.6701030927835052 0.3625 0.661512027491409 0.35546875 0.6460481099656358 0.3421875 0.6323024054982819 0.325 0.6305841924398626 0.28984375 0.5859106529209622 0.2828125 0.5859106529209622 0.27890625 0.570446735395189 0.26953125 0.5601374570446735 0.25078125 0.570446735395189 0.2328125 0.5876288659793815 0.23046875 0.5979381443298969 0.2359375 0.6099656357388317
0 0.5375 0.4587628865979382 0.5375 0.4776632302405499 0.534375 0.48797250859106533 0.5375 0.5 0.540625 0.5 0.54609375 0.4914089347079038 0.5453125 0.4742268041237113 0.55625 0.4450171821305842 0.55859375 0.4037800687285224 0.55546875 0.38659793814432997 0.54921875 0.38659793814432997 0.5359375 0.39862542955326463 0.534375 0.4450171821305842 0.5375 0.4587628865979382
0 0.53984375 0.3556701030927835 0.54375 0.3556701030927835 0.54375 0.3505154639175258 0.53984375 0.3505154639175258 0.53984375 0.3556701030927835
0 0.11640625 0.6265625 0.0015625 0.0015625
0 0.17421875 0.6202749140893471 0.17734375 0.6323024054982819 0.18515625 0.6202749140893471 0.18046875 0.5910652920962199 0.175 0.5876288659793815 0.16796875 0.5945017182130584 0.16796875 0.6202749140893471 0.17421875 0.6202749140893471
0 0.175 0.57890625 0.00078125 0.003125
0 0.175 0.565625 0.00078125 0.003125
0 0.16484375 0.5549828178694158 0.17421875 0.5463917525773196 0.1703125 0.5395189003436427 0.16015625 0.5395189003436427 0.16015625 0.5498281786941581 0.16484375 0.5549828178694158
0 0.0046875 0.5395189003436427 0.0109375 0.5395189003436427 0.00625 0.527491408934708 0.00390625 0.527491408934708 0.0046875 0.5395189003436427
0 0.0171875 0.5292096219931273 0.02109375 0.5326460481099657 0.03046875 0.5292096219931273 0.03984375 0.5378006872852235 0.05 0.5240549828178694 0.0640625 0.520618556701031 0.07421875 0.534364261168385 0.09296875 0.5807560137457045 0.0984375 0.604810996563574 0.1203125 0.6219931271477663 0.12421875 0.6323024054982819 0.12265625 0.6443298969072165 0.12734375 0.6494845360824744 0.140625 0.6941580756013745 0.146875 0.7010309278350516 0.1546875 0.6958762886597938 0.15625 0.6838487972508591 0.15234375 0.6597938144329898 0.153125 0.6494845360824744 0.1453125 0.6082474226804124 0.14609375 0.6013745704467355 0.13671875 0.5618556701030928 0.1359375 0.5463917525773196 0.12734375 0.520618556701031 0.11328125 0.4553264604810997 0.09921875 0.42439862542955326 0.05 0.4347079037800688 0.0453125 0.45360824742268047 0.0578125 0.48453608247422686 0.053125 0.4914089347079038 0.0375 0.49312714776632305 0.021875 0.5085910652920963 0.02265625 0.5189003436426117 0.0171875 0.5292096219931273
0 0.3734375 0.6328125 0.0015625 0.0015625
0 0.359375 0.62109375 0.00078125 0.0015625
0 0.33671875 0.5532646048109966 0.33828125 0.570446735395189 0.34921875 0.5738831615120275 0.35546875 0.5996563573883162 0.35546875 0.6116838487972509 0.37890625 0.6116838487972509 0.3828125 0.6013745704467355 0.38203125 0.5945017182130584 0.39375 0.5893470790378007 0.3953125 0.584192439862543 0.3859375 0.577319587628866 0.38671875 0.570446735395189 0.39921875 0.570446735395189 0.40390625 0.563573883161512 0.403125 0.5481099656357389 0.40625 0.5309278350515465 0.40234375 0.5189003436426117 0.40234375 0.4948453608247423 0.39921875 0.4828178694158076 0.390625 0.47079037800687284 0.3765625 0.4604810996563574 0.36875 0.4604810996563574 0.3328125 0.49828178694158076 0.33203125 0.5412371134020619 0.33671875 0.5532646048109966
0 0.1140625 0.45017182130584193 0.12265625 0.4862542955326461 0.12734375 0.4896907216494846 0.15625 0.47079037800687284 0.1484375 0.40549828178694164 0.1390625 0.38659793814432997 0.115625 0.38659793814432997 0.10078125 0.3917525773195877 0.09609375 0.39862542955326463 0.09765625 0.4175257731958763 0.1140625 0.45017182130584193
0 0.459375 0.49312714776632305 0.459375 0.4828178694158076 0.4515625 0.4742268041237113 0.45 0.48797250859106533 0.459375 0.49312714776632305
0 0.45 0.45390625 0.00078125 0.003125
0 0.453125 0.44921875 0.00078125 0.0015625
0 0.40546875 0.534364261168385 0.40390625 0.5652920962199313 0.40703125 0.6701030927835052 0.41328125 0.7439862542955327 0.41171875 0.7508591065292097 0.4140625 0.7646048109965636 0.41796875 0.7663230240549829 0.43984375 0.7268041237113403 0.43984375 0.7164948453608248 0.43671875 0.7096219931271478 0.4390625 0.6975945017182131 0.43984375 0.6357388316151203 0.43515625 0.5996563573883162 0.4375 0.5807560137457045 0.4359375 0.5068728522336771 0.43984375 0.4690721649484536 0.43671875 0.4553264604810997 0.43203125 0.4484536082474227 0.40625 0.4690721649484536 0.403125 0.47594501718213056 0.4015625 0.48797250859106533 0.40546875 0.534364261168385
0 0.540625 0.3144329896907217 0.57109375 0.29037800687285226 0.5765625 0.27835051546391754 0.56015625 0.26632302405498287 0.5296875 0.2714776632302406 0.52734375 0.2852233676975945 0.5203125 0.2972508591065292 0.5203125 0.30584192439862545 0.540625 0.3144329896907217
0 0.25859375 0.45017182130584193 0.26484375 0.4828178694158076 0.265625 0.5051546391752578 0.27265625 0.5395189003436427 0.27578125 0.5412371134020619 0.27578125 0.5567010309278351 0.27890625 0.5618556701030928 0.296875 0.5876288659793815 0.321875 0.6099656357388317 0.328125 0.6254295532646049 0.3390625 0.6237113402061857 0.35234375 0.6340206185567011 0.365625 0.6546391752577321 0.36953125 0.6546391752577321 0.3734375 0.6666666666666667 0.39140625 0.6597938144329898 0.40078125 0.6391752577319588 0.40234375 0.5996563573883162 0.4 0.5927835051546392 0.4015625 0.534364261168385 0.39765625 0.5154639175257733 0.39921875 0.49312714776632305 0.38828125 0.47079037800687284 0.365625 0.45704467353951894 0.365625 0.4484536082474227 0.35859375 0.4518900343642612 0.35546875 0.44158075601374575 0.3484375 0.4450171821305842 0.3484375 0.4398625429553265 0.3453125 0.45017182130584193 0.3421875 0.443298969072165 0.34140625 0.4295532646048111 0.3171875 0.43814432989690727 0.303125 0.4347079037800688 0.3 0.4261168384879725 0.2953125 0.42783505154639184 0.29296875 0.41924398625429554 0.27578125 0.4175257731958763 0.26171875 0.4312714776632303 0.25859375 0.43814432989690727 0.25859375 0.45017182130584193
0 0.17109375 0.5068728522336771 0.171875 0.5309278350515465 0.17734375 0.5429553264604812 0.1859375 0.5395189003436427 0.1890625 0.534364261168385 0.1890625 0.5223367697594502 0.171875 0.4037800687285224 0.16171875 0.39003436426116844 0.14765625 0.3917525773195877 0.1578125 0.47594501718213056 0.17109375 0.5068728522336771
0 0.03984375 0.6082474226804124 0.03984375 0.6030927835051547 0.0359375 0.604810996563574 0.03984375 0.6082474226804124
0 0.0828125 0.47594501718213056 0.0765625 0.4810996563573884 0.08671875 0.47938144329896915 0.0828125 0.47594501718213056
0 0.10703125 0.4742268041237113 0.10234375 0.4725085910652921 0.1015625 0.47938144329896915 0.10703125 0.4742268041237113
0 0.06015625 0.47079037800687284 0.06484375 0.4690721649484536 0.065625 0.46219931271477666 0.06796875 0.46735395189003437 0.071875 0.4639175257731959 0.06796875 0.46219931271477666 0.06796875 0.4553264604810997 0.065625 0.45360824742268047 0.06328125 0.4604810996563574 0.06171875 0.45360824742268047 0.05546875 0.4639175257731959 0.06015625 0.47079037800687284
0 0 0.4639175257731959 0.0046875 0.46563573883161513 0.0125 0.45704467353951894 0.03359375 0.4690721649484536 0.028125 0.47594501718213056 0.03359375 0.4810996563573884 0.02890625 0.49312714776632305 0.0078125 0.4948453608247423 0.009375 0.5017182130584193 0.00546875 0.5051546391752578 0.00703125 0.5171821305841925 0.00234375 0.5292096219931273 0.00703125 0.5412371134020619 0.009375 0.5395189003436427 0.0078125 0.5309278350515465 0.01015625 0.527491408934708 0.02578125 0.5257731958762888 0.03515625 0.5360824742268042 0.03671875 0.5429553264604812 0.0328125 0.5532646048109966 0.034375 0.5601374570446735 0.02734375 0.5670103092783505 0.028125 0.5876288659793815 0.040625 0.5927835051546392 0.0453125 0.604810996563574 0.04375 0.6134020618556701 0.0328125 0.6219931271477663 0.03515625 0.6254295532646049 0.0328125 0.6288659793814434 0.0234375 0.6305841924398626 0.01171875 0.6219931271477663 0.01171875 0.6391752577319588 0.0265625 0.6546391752577321 0.03203125 0.6855670103092784 0.02890625 0.6941580756013745 0.03984375 0.7268041237113403 0.03984375 0.7542955326460482 0.04375 0.7611683848797252 0.0546875 0.8058419243986255 0.0546875 0.8144329896907218 0.05078125 0.8195876288659795 0.059375 0.8264604810996564 0.06953125 0.8694158075601376 0.0828125 0.9037800687285223 0.08671875 0.9312714776632303 0.0953125 0.9484536082474226 0.10390625 0.9862542955326461 0.1453125 0.9914089347079038 0.15390625 0.9879725085910653 0.15703125 0.9810996563573884 0.18203125 0.9759450171821307 0.1859375 0.9828178694158076 0.1859375 0.993127147766323 0.20234375 0.9896907216494846 0.203125 0.9793814432989691 0.19921875 0.957044673539519 0.19609375 0.9518900343642611 0.1859375 0.8900343642611684 0.1765625 0.8556701030927837 0.175 0.8402061855670103 0.171875 0.8350515463917526 0.15078125 0.725085910652921 0.12421875 0.6546391752577321 0.12578125 0.6357388316151203 0.1171875 0.6116838487972509 0.1140625 0.5859106529209622 0.11015625 0.5790378006872853 0.1078125 0.5532646048109966 0.084375 0.5 0.07578125 0.5017182130584193 0.065625 0.4914089347079038 0.0640625 0.48453608247422686 0.053125 0.4828178694158076 0.03671875 0.4347079037800688 0.003125 0.45017182130584193 0.003125 0.4604810996563574 0 0.4639175257731959
0 0.66484375 0.4347079037800688 0.66015625 0.42783505154639184 0.65859375 0.43814432989690727 0.66484375 0.4347079037800688
0 0.68515625 0.43814432989690727 0.6828125 0.43298969072164956 0.68515625 0.42439862542955326 0.68125 0.4261168384879725 0.68203125 0.44673539518900346 0.68515625 0.43814432989690727
0 0.671875 0.45360824742268047 0.671875 0.4347079037800688 0.67578125 0.4312714776632303 0.67734375 0.422680412371134 0.67109375 0.42783505154639184 0.66796875 0.4484536082474227 0.671875 0.45360824742268047
0 0.68125 0.334375 0.00078125 0.0015625
0 0.6046875 0.328125 0.00078125 0.00703125
0 0.6125 0.30068728522336774 0.61796875 0.2920962199312715 0.6125 0.2869415807560137 0.61015625 0.2920962199312715 0.6125 0.30068728522336774
0 0.634375 0.49312714776632305 0.66796875 0.5051546391752578 0.67265625 0.4914089347079038 0.67265625 0.4828178694158076 0.67890625 0.4742268041237113 0.67734375 0.46563573883161513 0.68203125 0.4587628865979382 0.6640625 0.46735395189003437 0.6625 0.4553264604810997 0.65078125 0.4553264604810997 0.6546875 0.4398625429553265 0.64921875 0.4312714776632303 0.65078125 0.40034364261168387 0.6484375 0.3934707903780069 0.6640625 0.36426116838487976 0.68203125 0.3780068728522337 0.684375 0.37457044673539525 0.6859375 0.3505154639175258 0.68203125 0.3436426116838488 0.6828125 0.3384879725085911 0.6859375 0.3384879725085911 0.68203125 0.30584192439862545 0.68828125 0.281786941580756 0.6890625 0.26460481099656363 0.68125 0.2611683848797251 0.66640625 0.2731958762886598 0.6328125 0.27491408934707906 0.628125 0.28350515463917525 0.61953125 0.26975945017182135 0.61484375 0.26975945017182135 0.6109375 0.27835051546391754 0.6078125 0.2680412371134021 0.58515625 0.26460481099656363 0.58046875 0.27835051546391754 0.58125 0.3041237113402062 0.57734375 0.36426116838487976 0.57890625 0.3780068728522337 0.57578125 0.41408934707903783 0.5765625 0.4587628865979382 0.634375 0.49312714776632305
0 0.62109375 0.4828178694158076 0.640625 0.4948453608247423 0.64765625 0.4484536082474227 0.6484375 0.3934707903780069 0.646875 0.3883161512027492 0.62890625 0.38487972508591073 0.62421875 0.39003436426116844 0.62109375 0.4312714776632303 0.62109375 0.4828178694158076
0 0.090625 0.41924398625429554 0.096875 0.41580756013745707 0.0953125 0.40034364261168387 0.1 0.3917525773195877 0.13125 0.37972508591065296 0.12265625 0.35738831615120276 0.10859375 0.359106529209622 0.08203125 0.372852233676976 0.084375 0.4072164948453609 0.090625 0.41924398625429554
0 0.2671875 0.6597938144329898 0.29296875 0.6872852233676976 0.3 0.6701030927835052 0.31640625 0.6546391752577321 0.325 0.6357388316151203 0.325 0.6288659793814434 0.32109375 0.6219931271477663 0.29296875 0.5876288659793815 0.2859375 0.5876288659793815 0.25 0.6185567010309279 0.25078125 0.6323024054982819 0.2671875 0.6597938144329898
0 0.559375 0.34536082474226804 0.5546875 0.36769759450171824 0.54921875 0.372852233676976 0.57421875 0.37972508591065296 0.57421875 0.365979381443299 0.57109375 0.3625429553264605 0.575 0.35738831615120276 0.57734375 0.34192439862542956 0.57890625 0.29381443298969073 0.57734375 0.288659793814433 0.57265625 0.288659793814433 0.56015625 0.3041237113402062 0.5578125 0.32817869415807566 0.559375 0.34536082474226804
0 0 0.5171821305841925 0.00625 0.5171821305841925 0.025 0.4948453608247423 0.04296875 0.4896907216494846 0.0515625 0.47938144329896915 0.04375 0.4484536082474227 0.0375 0.4347079037800688 0.02578125 0.4347079037800688 0.00546875 0.4450171821305842 0 0.45017182130584193 0 0.5171821305841925
0 0.61640625 0.4810996563573884 0.61953125 0.46219931271477666 0.6234375 0.36769759450171824 0.6015625 0.3625429553264605 0.596875 0.41924398625429554 0.5953125 0.4690721649484536 0.61640625 0.4810996563573884
0 0.44296875 0.40549828178694164 0.46171875 0.422680412371134 0.4890625 0.3917525773195877 0.484375 0.37972508591065296 0.46484375 0.36769759450171824 0.44609375 0.3694158075601375 0.4390625 0.37972508591065296 0.4375 0.3883161512027492 0.44296875 0.40549828178694164
0 0.33515625 0.7474226804123713 0.35625 0.7233676975945018 0.37265625 0.6975945017182131 0.3734375 0.6907216494845361 0.36796875 0.6769759450171822 0.35703125 0.6786941580756014 0.32578125 0.7216494845360826 0.3265625 0.7336769759450172 0.33515625 0.7474226804123713
0 0.434375 0.43642611683848803 0.43203125 0.4553264604810997 0.4359375 0.4690721649484536 0.43515625 0.4896907216494846 0.4375 0.5034364261168386 0.45703125 0.4862542955326461 0.46328125 0.48797250859106533 0.4640625 0.443298969072165 0.46015625 0.42783505154639184 0.44296875 0.4175257731958763 0.43125 0.4209621993127148 0.4296875 0.42439862542955326 0.434375 0.43642611683848803
0 0.35 0.42783505154639184 0.3578125 0.4347079037800688 0.3703125 0.43814432989690727 0.39140625 0.4175257731958763 0.390625 0.41065292096219935 0.37890625 0.3917525773195877 0.34296875 0.39518900343642616 0.3421875 0.40034364261168387 0.35 0.42783505154639184
0 0.4203125 0.3505154639175258 0.4359375 0.3625429553264605 0.44765625 0.3625429553264605 0.4671875 0.3505154639175258 0.46640625 0.3350515463917526 0.44296875 0.32130584192439865 0.428125 0.32130584192439865 0.42265625 0.3264604810996564 0.4234375 0.33161512027491413 0.41875 0.3384879725085911 0.41796875 0.34536082474226804 0.4203125 0.3505154639175258
0 0.41484375 0.7560137457044674 0.41796875 0.7646048109965636 0.43515625 0.7371134020618557 0.4390625 0.7216494845360826 0.4390625 0.7130584192439863 0.4359375 0.7096219931271478 0.440625 0.6786941580756014 0.440625 0.6340206185567011 0.4359375 0.6013745704467355 0.4359375 0.5515463917525774 0.43203125 0.5429553264604812 0.40703125 0.5807560137457045 0.4078125 0.668384879725086 0.41484375 0.7560137457044674
0 0.48984375 0.3264604810996564 0.5171875 0.3384879725085911 0.52578125 0.3350515463917526 0.53203125 0.3178694158075602 0.51640625 0.3075601374570447 0.515625 0.302405498281787 0.490625 0.302405498281787 0.4859375 0.3075601374570447 0.48515625 0.3195876288659794 0.48984375 0.3264604810996564
0 0.44140625 0.6151202749140894 0.4390625 0.6786941580756014 0.4421875 0.7268041237113403 0.45234375 0.718213058419244 0.471875 0.6804123711340206 0.4671875 0.6408934707903781 0.4671875 0.6151202749140894 0.46953125 0.604810996563574 0.46796875 0.5996563573883162 0.453125 0.5996563573883162 0.446875 0.6116838487972509 0.4421875 0.6013745704467355 0.4390625 0.6065292096219932 0.44140625 0.6151202749140894
0 0.128125 0.5240549828178694 0.13515625 0.5446735395189004 0.15234375 0.6443298969072165 0.15859375 0.6512027491408936 0.1859375 0.6305841924398626 0.1859375 0.6082474226804124 0.16875 0.5 0.15703125 0.47938144329896915 0.128125 0.4948453608247423 0.12578125 0.5 0.128125 0.5240549828178694
0 0.02109375 0.5979381443298969 0.0078125 0.6219931271477663 0.01015625 0.6494845360824744 0.01796875 0.6580756013745706 0.0265625 0.6580756013745706 0.04140625 0.6477663230240551 0.0953125 0.6013745704467355 0.0921875 0.5790378006872853 0.07421875 0.5360824742268042 0.0671875 0.5326460481099657 0.05625 0.5446735395189004 0.0328125 0.5532646048109966 0.02421875 0.5687285223367697 0.02109375 0.5824742268041238 0.02109375 0.5979381443298969
0 0 0.3505154639175258 0.01875 0.3539518900343643 0.04375 0.34192439862542956 0.04765625 0.3350515463917526 0.040625 0.288659793814433 0.03671875 0.281786941580756 0.00234375 0.2869415807560137 0 0.288659793814433 0 0.3505154639175258
0 0.646875 0.31271477663230246 0.653125 0.3178694158075602 0.6515625 0.3230240549828179 0.6546875 0.3247422680412372 0.65546875 0.3178694158075602 0.66484375 0.30584192439862545 0.6671875 0.27491408934707906 0.66953125 0.2714776632302406 0.63984375 0.2714776632302406 0.6296875 0.2852233676975945 0.63125 0.31615120274914094 0.646875 0.31271477663230246
0 0.56015625 0.45704467353951894 0.56015625 0.4639175257731959 0.56328125 0.4587628865979382 0.56640625 0.4639175257731959 0.57109375 0.4587628865979382 0.571875 0.4261168384879725 0.56875 0.42783505154639184 0.5671875 0.4518900343642612 0.56015625 0.45704467353951894
0 0.51484375 0.5034364261168386 0.51796875 0.5567010309278351 0.52265625 0.563573883161512 0.51640625 0.5945017182130584 0.515625 0.604810996563574 0.51875 0.604810996563574 0.52578125 0.5945017182130584 0.53125 0.577319587628866 0.5265625 0.570446735395189 0.52578125 0.5618556701030928 0.53125 0.5515463917525774 0.53046875 0.5378006872852235 0.5328125 0.5309278350515465 0.5328125 0.48453608247422686 0.5359375 0.4604810996563574 0.53359375 0.45017182130584193 0.5328125 0.3814432989690722 0.53671875 0.372852233676976 0.5328125 0.365979381443299 0.52734375 0.365979381443299 0.5140625 0.3814432989690722 0.51640625 0.46219931271477666 0.51484375 0.5034364261168386
0 0.4140625 0.7663230240549829 0.41796875 0.7680412371134021 0.44296875 0.7268041237113403 0.4421875 0.6718213058419245 0.4375 0.6494845360824744 0.43828125 0.6391752577319588 0.43671875 0.6477663230240551 0.41171875 0.661512027491409 0.41015625 0.6718213058419245 0.41171875 0.752577319587629 0.4140625 0.7663230240549829
0 0.33828125 0.8917525773195877 0.34140625 0.8969072164948454 0.34375 0.8780068728522338 0.3390625 0.879725085910653 0.340625 0.88659793814433 0.33828125 0.8917525773195877
0 0.33671875 0.879725085910653 0.33359375 0.8780068728522338 0.33125 0.8780068728522338 0.33671875 0.879725085910653
0 0.32890625 0.8728522336769761 0.32734375 0.8676975945017184 0.32421875 0.8676975945017184 0.32890625 0.8728522336769761
0 0.31875 0.85390625 0.00234375 0.003125
0 0.3203125 0.81640625 0.00078125 0.003125
0 0.31484375 0.8075601374570448 0.31328125 0.802405498281787 0.31171875 0.8058419243986255 0.31484375 0.8075601374570448
0 0.2796875 0.7680412371134021 0.27578125 0.7663230240549829 0.271875 0.7697594501718215 0.2796875 0.7680412371134021
0 0.28828125 0.7680412371134021 0.2859375 0.7611683848797252 0.2859375 0.7697594501718215 0.28828125 0.7680412371134021
0 0.2578125 0.7302405498281788 0.26171875 0.745704467353952 0.265625 0.752577319587629 0.26953125 0.7508591065292097 0.26875 0.7422680412371134 0.26015625 0.731958762886598 0.26015625 0.7233676975945018 0.25546875 0.7216494845360826 0.2546875 0.7302405498281788 0.2578125 0.7302405498281788
0 0.259375 0.7096219931271478 0.2578125 0.7079037800687286 0.25703125 0.7147766323024055 0.259375 0.7096219931271478
0 0.25390625 0.7096219931271478 0.25234375 0.7079037800687286 0.2515625 0.7130584192439863 0.25390625 0.7096219931271478
0 0.25859375 0.6984375 0.0015625 0.0015625
0 0.2484375 0.6975945017182131 0.25 0.6958762886597938 0.2484375 0.6907216494845361 0.2484375 0.6975945017182131
0 0.315625 0.6609375 0.0046875 0.0015625
0 0.63671875 0.4896907216494846 0.6328125 0.48453608247422686 0.63125 0.4862542955326461 0.63671875 0.4896907216494846
0 0.66484375 0.3041237113402062 0.66484375 0.29553264604810997 0.6625 0.29553264604810997 0.66171875 0.30584192439862545 0.66484375 0.3041237113402062
0 0.66171875 0.28350515463917525 0.6609375 0.2766323024054983 0.6546875 0.281786941580756 0.66171875 0.28350515463917525
0 0.26484375 0.47938144329896915 0.26875 0.5240549828178694 0.27578125 0.5567010309278351 0.28515625 0.563573883161512 0.29609375 0.5859106529209622 0.32421875 0.6237113402061857 0.3421875 0.6271477663230242 0.35 0.6340206185567011 0.359375 0.6477663230240551 0.37109375 0.6769759450171822 0.37421875 0.6958762886597938 0.36484375 0.7130584192439863 0.3703125 0.7199312714776632 0.36875 0.7268041237113403 0.37421875 0.7405498281786942 0.3765625 0.7749140893470792 0.37421875 0.7903780068728523 0.378125 0.8127147766323025 0.38359375 0.8195876288659795 0.43359375 0.738831615120275 0.45234375 0.7164948453608248 0.47421875 0.6752577319587629 0.490625 0.6546391752577321 0.49921875 0.6305841924398626 0.51328125 0.6065292096219932 0.52265625 0.5979381443298969 0.540625 0.5532646048109966 0.534375 0.5429553264604812 0.53203125 0.5017182130584193 0.5390625 0.48797250859106533 0.54453125 0.4896907216494846 0.55 0.4862542955326461 0.55 0.4810996563573884 0.55625 0.47938144329896915 0.57421875 0.45017182130584193 0.578125 0.45360824742268047 0.57890625 0.42439862542955326 0.58515625 0.4209621993127148 0.584375 0.4089347079037801 0.59140625 0.3969072164948454 0.59296875 0.4072164948453609 0.590625 0.4123711340206186 0.590625 0.4450171821305842 0.59296875 0.45017182130584193 0.5953125 0.4518900343642612 0.59765625 0.4261168384879725 0.6015625 0.4209621993127148 0.60546875 0.43814432989690727 0.609375 0.443298969072165 0.60625 0.4553264604810997 0.6109375 0.4484536082474227 0.6140625 0.46219931271477666 0.6140625 0.47079037800687284 0.609375 0.47594501718213056 0.61328125 0.4725085910652921 0.61640625 0.4776632302405499 0.6234375 0.45704467353951894 0.6265625 0.47079037800687284 0.63125 0.46219931271477666 0.6328125 0.4725085910652921 0.63671875 0.4742268041237113 0.640625 0.4639175257731959 0.6375 0.4484536082474227 0.63203125 0.4450171821305842 0.63671875 0.44158075601374575 0.64453125 0.41065292096219935 0.65078125 0.4037800687285224 0.6375 0.3969072164948454 0.63671875 0.3883161512027492 0.6421875 0.38316151202749144 0.64765625 0.3883161512027492 0.65625 0.36769759450171824 0.65625 0.3350515463917526 0.65859375 0.33161512027491413 0.65703125 0.3230240549828179 0.66015625 0.30068728522336774 0.659375 0.29553264604810997 0.653125 0.29381443298969073 0.6515625 0.29896907216494845 0.65 0.29553264604810997 0.64921875 0.302405498281787 0.64375 0.302405498281787 0.64140625 0.29553264604810997 0.63671875 0.29381443298969073 0.63359375 0.3041237113402062 0.6296875 0.29381443298969073 0.63359375 0.2800687285223368 0.63046875 0.281786941580756 0.6296875 0.29037800687285226 0.62421875 0.29553264604810997 0.625 0.3075601374570447 0.61796875 0.30927835051546393 0.61953125 0.31271477663230246 0.6171875 0.3195876288659794 0.62109375 0.32817869415807566 0.61796875 0.3298969072164949 0.625 0.3470790378006873 0.62421875 0.3556701030927835 0.61953125 0.365979381443299 0.61171875 0.365979381443299 0.615625 0.372852233676976 0.609375 0.37972508591065296 0.6015625 0.3711340206185567 0.59921875 0.34879725085910657 0.603125 0.2852233676975945 0.6125 0.26632302405498287 0.60703125 0.2731958762886598 0.6046875 0.26460481099656363 0.58828125 0.2628865979381444 0.5828125 0.2714776632302406 0.58203125 0.2628865979381444 0.5765625 0.27491408934707906 0.57265625 0.27491408934707906 0.5578125 0.26975945017182135 0.5421875 0.2731958762886598 0.51484375 0.2611683848797251 0.5046875 0.2714776632302406 0.50390625 0.27835051546391754 0.49140625 0.28350515463917525 0.490625 0.29381443298969073 0.4796875 0.2852233676975945 0.46484375 0.2852233676975945 0.45703125 0.29381443298969073 0.44609375 0.29553264604810997 0.4390625 0.30927835051546393 0.3953125 0.33676975945017185 0.365625 0.34192439862542956 0.3296875 0.38316151202749144 0.31640625 0.38487972508591073 0.31484375 0.3917525773195877 0.31171875 0.38659793814432997 0.29296875 0.3917525773195877 0.29296875 0.4020618556701031 0.2875 0.40034364261168387 0.29765625 0.4089347079037801 0.29375 0.41408934707903783 0.2984375 0.4175257731958763 0.296875 0.4261168384879725 0.2765625 0.4261168384879725 0.2765625 0.43298969072164956 0.271875 0.4261168384879725 0.27109375 0.4347079037800688 0.2625 0.4347079037800688 0.26171875 0.4398625429553265 0.26171875 0.4725085910652921 0.26484375 0.47938144329896915
0 0.5984375 0.23984375 0.0015625 0.0015625
0 0.62734375 0.25945017182130586 0.63359375 0.26460481099656363 0.63359375 0.2714776632302406 0.65 0.26460481099656363 0.65546875 0.2680412371134021 0.6609375 0.2611683848797251 0.65546875 0.2525773195876289 0.65 0.2525773195876289 0.64765625 0.24398625429553267 0.6484375 0.23367697594501718 0.64375 0.2302405498281787 0.621875 0.2302405498281787 0.61640625 0.2405498281786942 0.6046875 0.2405498281786942 0.60078125 0.2508591065292097 0.62734375 0.25945017182130586
0 0.65234375 0.2302405498281787 0.65078125 0.22852233676975947 0.65 0.23195876288659795 0.65234375 0.2302405498281787
0 0.6171875 0.22336769759450173 0.61015625 0.21993127147766325 0.6125 0.22508591065292097 0.6171875 0.22336769759450173
0 0.6234375 0.21875 0.00390625 0.0015625
0 0.56640625 0.2302405498281787 0.5640625 0.24742268041237114 0.54921875 0.25429553264604815 0.55234375 0.25429553264604815 0.553125 0.25945017182130586 0.56484375 0.25429553264604815 0.5703125 0.25945017182130586 0.57265625 0.2680412371134021 0.58046875 0.26632302405498287 0.584375 0.23711340206185566 0.58828125 0.24226804123711343 0.58984375 0.23539518900343642 0.5828125 0.23367697594501718 0.584375 0.21649484536082478 0.56875 0.21993127147766325 0.56953125 0.22680412371134023 0.56640625 0.2302405498281787
0 0.59375 0.4690721649484536 0.5984375 0.4072164948453609 0.5984375 0.3470790378006873 0.6015625 0.2972508591065292 0.60546875 0.27835051546391754 0.6109375 0.2680412371134021 0.603125 0.2628865979381444 0.58671875 0.2628865979381444 0.58125 0.2680412371134021 0.5796875 0.2766323024054983 0.57421875 0.4553264604810997 0.59375 0.4690721649484536
0 0 0.809278350515464 0.0046875 0.816151202749141 0.0078125 0.8333333333333334 0 0.8505154639175257 0.0046875 0.8745704467353953 0.00390625 0.8900343642611684 0 0.8934707903780069 0 0.9089347079037802 0.00234375 0.9089347079037802 0.00546875 0.9209621993127148 0.0046875 0.9381443298969072 0.0078125 0.9450171821305842 0.00390625 0.9604810996563575 0.0046875 0.9845360824742269 0.009375 0.993127147766323 0.0171875 0.9948453608247423 0.05703125 0.9810996563573884 0.0703125 0.993127147766323 0.08515625 0.9896907216494846 0.0875 0.9810996563573884 0.08203125 0.9467353951890034 0.07421875 0.9312714776632303 0.06875 0.9020618556701031 0.053125 0.8539518900343642 0.0453125 0.809278350515464 0.04140625 0.802405498281787 0.04375 0.7920962199312716 0.03671875 0.7663230240549829 0.03828125 0.7508591065292097 0.0359375 0.7474226804123713 0.0328125 0.7199312714776632 0.02578125 0.6993127147766324 0.02109375 0.6666666666666667 0.003125 0.6649484536082475 0 0.668384879725086 0 0.809278350515464
0 0.6609375 0.24914089347079038 0.6703125 0.2611683848797251 0.690625 0.2611683848797251 0.7 0.2302405498281787 0.69296875 0.2216494845360825 0.6671875 0.21821305841924402 0.665625 0.22680412371134023 0.65859375 0.22680412371134023 0.65234375 0.23711340206185566 0.65078125 0.24398625429553267 0.6609375 0.24914089347079038
0 0.5609375 0.4312714776632303 0.56328125 0.43814432989690727 0.56015625 0.4450171821305842 0.5625 0.45017182130584193 0.55625 0.4553264604810997 0.56015625 0.4725085910652921 0.57109375 0.4587628865979382 0.57109375 0.41408934707903783 0.56171875 0.4175257731958763 0.56328125 0.42783505154639184 0.5609375 0.4312714776632303
0 0.5640625 0.4089347079037801 0.56640625 0.4037800687285224 0.5640625 0.3969072164948454 0.56015625 0.40034364261168387 0.5640625 0.4089347079037801
0 0.57421875 0.3711340206185567 0.57421875 0.36426116838487976 0.57265625 0.365979381443299 0.57109375 0.3694158075601375 0.57421875 0.3711340206185567
0 0.515625 0.527491408934708 0.51328125 0.5446735395189004 0.51484375 0.5532646048109966 0.5125 0.5567010309278351 0.51640625 0.5652920962199313 0.5140625 0.570446735395189 0.5171875 0.5893470790378007 0.5140625 0.5962199312714777 0.51484375 0.6065292096219932 0.525 0.5945017182130584 0.5296875 0.5807560137457045 0.528125 0.5652920962199313 0.53046875 0.5549828178694158 0.5296875 0.5395189003436427 0.5328125 0.527491408934708 0.53046875 0.4810996563573884 0.5359375 0.4604810996563574 0.53046875 0.4450171821305842 0.53046875 0.4089347079037801 0.53359375 0.3934707903780069 0.5328125 0.38316151202749144 0.53671875 0.3762886597938145 0.5359375 0.359106529209622 0.51484375 0.3780068728522337 0.5125 0.38659793814432997 0.515625 0.46219931271477666 0.515625 0.527491408934708
0 0.51484375 0.42783505154639184 0.51796875 0.4347079037800688 0.51796875 0.4587628865979382 0.5328125 0.4604810996563574 0.53359375 0.422680412371134 0.5359375 0.41408934707903783 0.534375 0.38316151202749144 0.5375 0.3762886597938145 0.53671875 0.36426116838487976 0.52890625 0.3608247422680413 0.51484375 0.3762886597938145 0.5140625 0.4072164948453609 0.51484375 0.42783505154639184
0 0.5828125 0.26460481099656363 0.58671875 0.2577319587628866 0.5875 0.26460481099656363 0.60625 0.26632302405498287 0.60703125 0.2611683848797251 0.609375 0.26632302405498287 0.61328125 0.24226804123711343 0.60625 0.22852233676975947 0.59140625 0.23195876288659795 0.58515625 0.2405498281786942 0.58828125 0.2525773195876289 0.5828125 0.26460481099656363
0 0.48671875 0.5085910652920963 0.484375 0.5051546391752578 0.48046875 0.5034364261168386 0.48671875 0.5085910652920963
0 0.43828125 0.4639175257731959 0.43828125 0.47594501718213056 0.4375 0.5326460481099657 0.43515625 0.5498281786941581 0.43671875 0.570446735395189 0.43359375 0.5979381443298969 0.4375 0.6219931271477663 0.4359375 0.6460481099656358 0.43984375 0.6632302405498283 0.43828125 0.6804123711340206 0.43984375 0.718213058419244 0.4421875 0.7268041237113403 0.45234375 0.7164948453608248 0.4703125 0.6821305841924399 0.46640625 0.6529209621993128 0.459375 0.6512027491408936 0.44765625 0.6597938144329898 0.44375 0.6494845360824744 0.44609375 0.6374570446735396 0.44921875 0.6408934707903781 0.459375 0.6185567010309279 0.4671875 0.6134020618556701 0.46953125 0.5412371134020619 0.484375 0.5395189003436427 0.4796875 0.534364261168385 0.484375 0.5326460481099657 0.465625 0.4896907216494846 0.46953125 0.4639175257731959 0.471875 0.4725085910652921 0.47578125 0.4742268041237113 0.47578125 0.4810996563573884 0.478125 0.47938144329896915 0.4765625 0.47594501718213056 0.48203125 0.4639175257731959 0.4796875 0.4484536082474227 0.48359375 0.44158075601374575 0.48359375 0.4312714776632303 0.4484375 0.4312714776632303 0.4421875 0.4209621993127148 0.434375 0.4261168384879725 0.434375 0.4553264604810997 0.43828125 0.4639175257731959
0 0.24921875 0.6185567010309279 0.28671875 0.5876288659793815 0.2890625 0.5807560137457045 0.26796875 0.5567010309278351 0.23046875 0.5876288659793815 0.23046875 0.6013745704467355 0.24921875 0.6185567010309279
0 0.55234375 0.23367697594501718 0.56484375 0.23195876288659795 0.57265625 0.22336769759450173 0.56875 0.21477663230240554 0.56015625 0.21305841924398625 0.54375 0.21993127147766325 0.54296875 0.2302405498281787 0.55234375 0.23367697594501718
0 0.61328125 0.4828178694158076 0.61796875 0.47938144329896915 0.61796875 0.43298969072164956 0.5984375 0.4261168384879725 0.5953125 0.4484536082474227 0.5953125 0.47079037800687284 0.61328125 0.4828178694158076
0 0.490625 0.5446735395189004 0.48828125 0.534364261168385 0.49140625 0.5326460481099657 0.490625 0.527491408934708 0.48515625 0.5360824742268042 0.484375 0.5395189003436427 0.490625 0.5446735395189004
0 0.465625 0.44673539518900346 0.4671875 0.5171821305841925 0.4703125 0.5240549828178694 0.4828125 0.5120274914089348 0.490625 0.5171821305841925 0.49296875 0.40549828178694164 0.48515625 0.4020618556701031 0.4703125 0.41408934707903783 0.4625 0.42439862542955326 0.465625 0.44673539518900346
0 0.28515625 0.4072164948453609 0.30859375 0.4175257731958763 0.33515625 0.3934707903780069 0.33671875 0.38316151202749144 0.32890625 0.372852233676976 0.3125 0.3711340206185567 0.2828125 0.39518900343642616 0.28203125 0.40034364261168387 0.28515625 0.4072164948453609
0 0.37578125 0.7577319587628867 0.378125 0.7646048109965636 0.37734375 0.7903780068728523 0.38125 0.8127147766323025 0.38671875 0.8195876288659795 0.415625 0.7697594501718215 0.409375 0.725085910652921 0.41015625 0.6890034364261168 0.40703125 0.6735395189003437 0.40078125 0.6718213058419245 0.37734375 0.6941580756013745 0.3734375 0.7027491408934708 0.37578125 0.7577319587628867
0 0.446875 0.5429553264604812 0.4515625 0.5532646048109966 0.44375 0.5567010309278351 0.44765625 0.5601374570446735 0.44765625 0.5721649484536082 0.44453125 0.5738831615120275 0.4375 0.5945017182130584 0.44140625 0.6254295532646049 0.44140625 0.6546391752577321 0.4453125 0.6701030927835052 0.4421875 0.6821305841924399 0.4453125 0.6890034364261168 0.44609375 0.7164948453608248 0.45625 0.7079037800687286 0.471875 0.6769759450171822 0.46875 0.6718213058419245 0.4703125 0.6134020618556701 0.4859375 0.5996563573883162 0.4890625 0.604810996563574 0.4890625 0.6271477663230242 0.49140625 0.6305841924398626 0.49375 0.6254295532646049 0.4921875 0.6151202749140894 0.49453125 0.584192439862543 0.49453125 0.5085910652920963 0.49140625 0.49312714776632305 0.49375 0.4725085910652921 0.49296875 0.45017182130584193 0.49609375 0.44158075601374575 0.49296875 0.4347079037800688 0.49296875 0.41580756013745707 0.4953125 0.4072164948453609 0.49375 0.39862542955326463 0.4703125 0.41408934707903783 0.4625 0.4261168384879725 0.465625 0.4518900343642612 0.4640625 0.49828178694158076 0.45390625 0.5 0.45390625 0.5240549828178694 0.446875 0.5292096219931273 0.44921875 0.5395189003436427 0.446875 0.5429553264604812
0 0.4359375 0.72890625 0.00078125 0.003125
0 0.4640625 0.68203125 0.00078125 0.00703125
0 0.3796875 0.7680412371134021 0.37890625 0.7920962199312716 0.38359375 0.8127147766323025 0.38984375 0.809278350515464 0.4078125 0.7817869415807561 0.4109375 0.7749140893470792 0.4109375 0.7628865979381444 0.415625 0.7646048109965636 0.425 0.7508591065292097 0.4171875 0.7491408934707905 0.4125 0.7560137457044674 0.40625 0.7439862542955327 0.40625 0.6975945017182131 0.4078125 0.6924398625429553 0.4109375 0.6975945017182131 0.41171875 0.6821305841924399 0.41640625 0.6769759450171822 0.41171875 0.668384879725086 0.4078125 0.6752577319587629 0.39921875 0.6718213058419245 0.3828125 0.6769759450171822 0.38125 0.7027491408934708 0.37578125 0.7164948453608248 0.375 0.7302405498281788 0.3796875 0.7680412371134021
0 0.45859375 0.6597938144329898 0.4578125 0.6563573883161513 0.45390625 0.6580756013745706 0.45859375 0.6597938144329898
0 0.43515625 0.6477663230240551 0.43515625 0.6426116838487973 0.43203125 0.6408934707903781 0.43125 0.6477663230240551 0.43515625 0.6477663230240551
0 0.43359375 0.6219931271477663 0.43203125 0.6185567010309279 0.43125 0.6254295532646049 0.43359375 0.6219931271477663
0 0.46640625 0.4450171821305842 0.4671875 0.47594501718213056 0.46953125 0.46563573883161513 0.490625 0.4587628865979382 0.48984375 0.4484536082474227 0.49453125 0.4089347079037801 0.49296875 0.3934707903780069 0.4609375 0.41580756013745707 0.46015625 0.4209621993127148 0.46640625 0.4450171821305842
0 0.5984375 0.3470790378006873 0.60390625 0.2869415807560137 0.6109375 0.2680412371134021 0.58828125 0.2628865979381444 0.58046875 0.2731958762886598 0.58046875 0.3436426116838488 0.5984375 0.3470790378006873
0 0.59921875 0.20790378006872853 0.59453125 0.21305841924398625 0.60390625 0.21993127147766325 0.609375 0.20790378006872853 0.59921875 0.20790378006872853
0 0.63671875 0.21305841924398625 0.62578125 0.20790378006872853 0.609375 0.20790378006872853 0.6109375 0.2216494845360825 0.6171875 0.22336769759450173 0.628125 0.2216494845360825 0.63671875 0.21305841924398625
0 0.14453125 0.3917525773195877 0.16171875 0.3883161512027492 0.15078125 0.34192439862542956 0.13671875 0.3436426116838488 0.12421875 0.35738831615120276 0.12890625 0.3762886597938145 0.14453125 0.3917525773195877
0 0.5984375 0.359106529209622 0.60234375 0.281786941580756 0.5890625 0.288659793814433 0.584375 0.2852233676975945 0.58046875 0.29037800687285226 0.578125 0.3505154639175258 0.5984375 0.359106529209622
0 0.63515625 0.4948453608247423 0.64296875 0.4948453608247423 0.646875 0.42439862542955326 0.6359375 0.422680412371134 0.62578125 0.41065292096219935 0.62109375 0.43814432989690727 0.61875 0.4828178694158076 0.63515625 0.4948453608247423
0 0.5375 0.35223367697594504 0.534375 0.37972508591065296 0.534375 0.4896907216494846 0.53671875 0.5034364261168386 0.546875 0.4948453608247423 0.571875 0.4553264604810997 0.57578125 0.40034364261168387 0.578125 0.2920962199312715 0.56875 0.29037800687285226 0.528125 0.32817869415807566 0.52578125 0.3384879725085911 0.5375 0.35223367697594504
0 0.125 0.8728522336769761 0.11640625 0.8728522336769761 0.115625 0.879725085910653 0.125 0.8728522336769761
0 0.1078125 0.993127147766323 0.15390625 0.993127147766323 0.1640625 0.9828178694158076 0.175 0.9828178694158076 0.1828125 0.9879725085910653 0.18359375 0.993127147766323 0.19921875 0.9896907216494846 0.20625 0.9948453608247423 0.196875 0.9415807560137457 0.18671875 0.9020618556701031 0.175 0.8316151202749141 0.16796875 0.8178694158075602 0.15 0.8333333333333334 0.13828125 0.8573883161512029 0.13046875 0.8573883161512029 0.13046875 0.8694158075601376 0.12734375 0.8711340206185568 0.1265625 0.8814432989690723 0.1125 0.8900343642611684 0.1 0.9089347079037802 0.08828125 0.9175257731958764 0.0890625 0.9312714776632303 0.1078125 0.993127147766323
0 0.64765625 0.3883161512027492 0.6609375 0.3608247422680413 0.665625 0.28350515463917525 0.65546875 0.27491408934707906 0.63984375 0.27491408934707906 0.634375 0.27835051546391754 0.62890625 0.29037800687285226 0.6265625 0.3762886597938145 0.64765625 0.3883161512027492
0 0.6421875 0.4948453608247423 0.64765625 0.4450171821305842 0.64921875 0.39003436426116844 0.6609375 0.3539518900343643 0.66484375 0.281786941580756 0.646875 0.2731958762886598 0.6296875 0.2852233676975945 0.62109375 0.43642611683848803 0.6203125 0.4828178694158076 0.6421875 0.4948453608247423
0 0.68515625 0.3780068728522337 0.6890625 0.3402061855670103 0.68125 0.32817869415807566 0.68203125 0.3195876288659794 0.6671875 0.3247422680412372 0.6640625 0.33333333333333337 0.6609375 0.3711340206185567 0.68515625 0.3780068728522337
0 0.31640625 0.5292096219931273 0.3171875 0.5326460481099657 0.32734375 0.5429553264604812 0.315625 0.5567010309278351 0.3109375 0.5532646048109966 0.3109375 0.5687285223367697 0.315625 0.584192439862543 0.32265625 0.5927835051546392 0.321875 0.6030927835051547 0.33515625 0.6065292096219932 0.3390625 0.6134020618556701 0.3390625 0.6219931271477663 0.36953125 0.6563573883161513 0.3765625 0.6821305841924399 0.38125 0.6666666666666667 0.39375 0.6597938144329898 0.4 0.6408934707903781 0.403125 0.6013745704467355 0.403125 0.534364261168385 0.39765625 0.4862542955326461 0.3859375 0.4690721649484536 0.36953125 0.4587628865979382 0.334375 0.4914089347079038 0.33203125 0.4965635738831615 0.33125 0.5154639175257733 0.3265625 0.5103092783505155 0.31875 0.513745704467354 0.32265625 0.5189003436426117 0.31640625 0.5292096219931273
0 0.49140625 0.2972508591065292 0.51875 0.29553264604810997 0.52578125 0.28350515463917525 0.52421875 0.27491408934707906 0.5140625 0.2680412371134021 0.49609375 0.2680412371134021 0.478125 0.2800687285223368 0.48046875 0.288659793814433 0.49140625 0.2972508591065292
0 0.55 0.26975945017182135 0.5609375 0.26460481099656363 0.56875 0.24398625429553267 0.55859375 0.23711340206185566 0.55859375 0.2302405498281787 0.553125 0.2302405498281787 0.54921875 0.23711340206185566 0.54765625 0.2302405498281787 0.54609375 0.2405498281786942 0.534375 0.2405498281786942 0.53203125 0.24914089347079038 0.52578125 0.2525773195876289 0.52421875 0.2577319587628866 0.55 0.26975945017182135
0 0.3 0.72421875 0.00234375 0.0015625
0 0.3109375 0.7646048109965636 0.31171875 0.7783505154639176 0.309375 0.7852233676975946 0.31171875 0.79553264604811 0.3109375 0.8195876288659795 0.30625 0.8298969072164949 0.30625 0.8367697594501718 0.3390625 0.8986254295532646 0.3421875 0.9003436426116839 0.35546875 0.8814432989690723 0.38359375 0.8264604810996564 0.38515625 0.8144329896907218 0.378125 0.7938144329896908 0.3765625 0.7594501718213059 0.36953125 0.7147766323024055 0.37265625 0.7027491408934708 0.36328125 0.7096219931271478 0.36015625 0.7216494845360826 0.3390625 0.7439862542955327 0.33203125 0.7594501718213059 0.32890625 0.7542955326460482 0.328125 0.7439862542955327 0.31640625 0.738831615120275 0.31484375 0.7302405498281788 0.3046875 0.7336769759450172 0.30625 0.7577319587628867 0.3109375 0.7646048109965636
0 0.38359375 0.38316151202749144 0.38333359375 0.3946168384879726 0.39296875 0.4123711340206186 0.425 0.4209621993127148 0.43671875 0.41065292096219935 0.43359375 0.38316151202749144 0.42734375 0.3711340206185567 0.403125 0.3694158075601375 0.38046875 0.38316151202749144 0.3796875 0.38659793814432997 0.38359375 0.38316151202749144
0 0.24296875 0.6632302405498283 0.2515625 0.7285223367697595 0.26796875 0.7697594501718215 0.28984375 0.8127147766323025 0.30078125 0.8298969072164949 0.3078125 0.8264604810996564 0.31015625 0.7972508591065293 0.3046875 0.7886597938144331 0.30703125 0.7749140893470792 0.30234375 0.7611683848797252 0.30390625 0.752577319587629 0.296875 0.7199312714776632 0.3 0.7096219931271478 0.28984375 0.6838487972508591 0.265625 0.661512027491409 0.24453125 0.6185567010309279 0.2359375 0.6134020618556701 0.2359375 0.6305841924398626 0.24296875 0.6632302405498283
0 0.44921875 0.3230240549828179 0.4609375 0.32817869415807566 0.4671875 0.32817869415807566 0.48125 0.3075601374570447 0.48125 0.29381443298969073 0.47578125 0.281786941580756 0.4671875 0.281786941580756 0.4359375 0.30068728522336774 0.43515625 0.3075601374570447 0.44921875 0.3230240549828179