0 0.15875 0.06 0.15750000000000003 0.058333333333333334 0.15687500000000001 0.06 0.15875 0.06
0 0.114375 0.06083333333333333 0.1125 0.058333333333333334 0.10875000000000001 0.059166666666666666 0.1075 0.06 0.114375 0.06083333333333333
0 0.27937500000000004 0.004166666666666667 0.28250000000000003 0.005833333333333334 0.285625 0.0008333333333333333 0.27437500000000004 0 0.275 0.006666666666666666 0.27937500000000004 0.004166666666666667
0 0.051875000000000004 0.008333333333333333 0.053125 0.029166666666666667 0.05 0.03333333333333333 0.05500000000000001 0.035833333333333335 0.058125 0.04666666666666667 0.078125 0.04583333333333333 0.09187500000000001 0.05083333333333333 0.103125 0.05083333333333333 0.10875000000000001 0.05416666666666666 0.1125 0.05166666666666666 0.12625000000000003 0.05333333333333333 0.13 0.057499999999999996 0.12937500000000002 0.06 0.13625 0.052500000000000005 0.15250000000000002 0.052500000000000005 0.159375 0.056666666666666664 0.17875000000000002 0.05500000000000001 0.185625 0.06 0.19625 0.052500000000000005 0.210625 0.05166666666666666 0.21625 0.05500000000000001 0.221875 0.05166666666666666 0.22937500000000002 0.05166666666666666 0.2325 0.0475 0.231875 0.043333333333333335 0.23500000000000001 0.034166666666666665 0.23312500000000003 0.029166666666666667 0.23374999999999999 0.014166666666666666 0.24000000000000005 0.006666666666666666 0.253125 0.005 0.25 0.003333333333333333 0.24125000000000002 0.005833333333333334 0.24125000000000002 0 0.23625000000000002 0.0025 0.23374999999999999 0.0025 0.23312500000000003 0 0.22687500000000002 0 0.22562500000000002 0.0025 0.215625 0.0025 0.21375000000000002 0 0.196875 0.0025 0.18875000000000003 0 0.180625 0 0.179375 0.0025 0.175 0.0025 0.17312500000000003 0 0.14 0 0.13625 0.003333333333333333 0.12250000000000001 0.0025 0.12000000000000002 0 0.055625 0 0.05375 0.0025 0.045625000000000006 0.0025 0.045 0.005833333333333334 0.0425 0.0025 0.0425 0.005833333333333334 0.051875000000000004 0.008333333333333333
0 0.006875000000000001 0.015 0.004375 0.02 0.008125 0.020833333333333336 0.010625 0.01583333333333333 0.014375000000000002 0.015 0.0125 0.011666666666666667 0.0175 0.005833333333333334 0.036250000000000004 0 0.018125000000000002 0 0.015625 0.003333333333333333 0.004375 0.004166666666666667 0.004375 0.0125 0.006875000000000001 0.015
0 0.796875 0.05416666666666666 0.8 0.057499999999999996 0.8143750000000001 0.06 0.838125 0.06166666666666667 0.8418750000000002 0.05500000000000001 0.843125 0.030833333333333334 0.8256249999999999 0.030833333333333334 0.8099999999999999 0.027500000000000004 0.775625 0.027500000000000004 0.771875 0.03666666666666667 0.7725000000000001 0.05166666666666666 0.796875 0.05416666666666666
0 0.1890625 0.16875 0.0015625 0.00078125
0 0.08125 0.19083333333333333 0.0875 0.19416666666666665 0.139375 0.19333333333333333 0.15 0.19083333333333333 0.165625 0.1925 0.175 0.18916666666666665 0.21875 0.19083333333333333 0.240625 0.18916666666666665 0.24500000000000002 0.18333333333333332 0.24562500000000004 0.17333333333333334 0.244375 0.15916666666666665 0.23875000000000002 0.14416666666666667 0.24125000000000002 0.13999999999999999 0.2375 0.1375 0.23500000000000001 0.13999999999999999 0.236875 0.14416666666666667 0.23125 0.14750000000000002 0.234375 0.15166666666666667 0.234375 0.1575 0.2375 0.16083333333333333 0.22875 0.1725 0.22562500000000002 0.17333333333333334 0.22000000000000003 0.17333333333333334 0.216875 0.16999999999999998 0.21437500000000004 0.1725 0.20125 0.1725 0.200625 0.16833333333333333 0.19812500000000002 0.1675 0.19437500000000002 0.1725 0.11500000000000002 0.17333333333333334 0.109375 0.17583333333333334 0.083125 0.17666666666666667 0.078125 0.17916666666666667 0.078125 0.185 0.08125 0.19083333333333333
0 0.23625000000000002 0.13333333333333333 0.23374999999999999 0.13166666666666665 0.23374999999999999 0.13416666666666666 0.23625000000000002 0.13333333333333333
0 0.236875 0.12666666666666665 0.22562500000000002 0.12583333333333332 0.22375000000000003 0.12666666666666665 0.236875 0.12666666666666665
0 0.18250000000000002 0.12666666666666665 0.181875 0.12416666666666668 0.16687500000000002 0.12583333333333332 0.165 0.12666666666666665 0.18250000000000002 0.12666666666666665
0 0.18 0.12 0.17750000000000002 0.11916666666666667 0.17875000000000002 0.12166666666666666 0.18 0.12
0 0.5743750000000001 0.065 0.5956250000000001 0.07166666666666667 0.6268750000000001 0.0725 0.654375 0.07083333333333333 0.661875 0.06333333333333332 0.661875 0.052500000000000005 0.665 0.04583333333333333 0.6625 0.03 0.664375 0.014166666666666666 0.65125 0.005833333333333334 0.64375 0.0125 0.635625 0.01 0.6225 0.01583333333333333 0.619375 0.013333333333333332 0.6056250000000001 0.014166666666666666 0.595 0.006666666666666666 0.5806250000000001 0.003333333333333333 0.576875 0.005 0.570625 0.016666666666666666 0.570625 0.057499999999999996 0.5743750000000001 0.065
0 0.7612500000000001 0.1125 0.760625 0.12166666666666666 0.764375 0.13666666666666666 0.784375 0.14750000000000002 0.820625 0.14416666666666667 0.83125 0.11750000000000001 0.835 0.0875 0.838125 0.07916666666666666 0.8387500000000001 0.06083333333333333 0.8099999999999999 0.059166666666666666 0.795625 0.052500000000000005 0.7725000000000001 0.05166666666666666 0.76875 0.058333333333333334 0.766875 0.08 0.7612500000000001 0.08833333333333333 0.764375 0.1075 0.7612500000000001 0.1125
0 0.56625 0.09166666666666666 0.5693750000000001 0.10083333333333333 0.56875 0.1275 0.570625 0.13333333333333333 0.5825 0.13666666666666666 0.6006250000000001 0.13333333333333333 0.6518750000000001 0.13666666666666666 0.659375 0.1325 0.661875 0.11083333333333334 0.660625 0.08083333333333334 0.6637500000000001 0.07083333333333333 0.665 0.043333333333333335 0.6631250000000001 0.020833333333333336 0.665 0.015 0.6581250000000001 0 0.655625 0.0025 0.6481250000000001 0 0.6431250000000001 0 0.641875 0.0025 0.633125 0.0016666666666666666 0.615625 0.0075 0.6125 0.0125 0.60625 0.01 0.601875 0.003333333333333333 0.579375 0 0.575 0.005 0.5743750000000001 0.011666666666666667 0.5700000000000001 0.018333333333333333 0.5700000000000001 0.06 0.56625 0.09166666666666666
0 0 0.17583333333333334 0 0.27416666666666667 0.015000000000000003 0.275 0.021875 0.28250000000000003 0.029375000000000002 0.2833333333333333 0.035625000000000004 0.2808333333333333 0.04 0.27 0.05750000000000001 0.26916666666666667 0.061875 0.2758333333333333 0.07062500000000001 0.2783333333333333 0.07562500000000001 0.27416666666666667 0.079375 0.2658333333333333 0.08875000000000001 0.26166666666666666 0.08937500000000001 0.24916666666666668 0.08125 0.21416666666666667 0.07250000000000001 0.1825 0.06375 0.16416666666666666 0.05625 0.15916666666666665 0.04875 0.15833333333333333 0.0425 0.16083333333333333 0.0375 0.16666666666666669 0.030625000000000003 0.16583333333333333 0.025625000000000002 0.16166666666666668 0.0225 0.16416666666666666 0.010625 0.16166666666666668 0.005625 0.16333333333333333 0.0025 0.1675 0.0018750000000000004 0.175 0 0.17583333333333334
0 0.6637500000000001 0.09833333333333333 0.6625 0.11499999999999999 0.6631250000000001 0.13416666666666666 0.669375 0.13999999999999999 0.7225 0.1375 0.7506250000000001 0.1408333333333333 0.759375 0.135 0.759375 0.11750000000000001 0.7612500000000001 0.1125 0.76 0.10833333333333332 0.7625 0.10416666666666667 0.760625 0.08833333333333333 0.76375 0.08416666666666667 0.7625 0.0675 0.765 0.06333333333333332 0.765 0.057499999999999996 0.7618750000000001 0.05416666666666666 0.75125 0.05583333333333333 0.7425 0.05333333333333333 0.7002500000000002 0.05333333333333333 0.6975 0.057499999999999996 0.6970000000000001 0.05333333333333333 0.693125 0.052500000000000005 0.6950000000000001 0.05583333333333333 0.69375 0.057499999999999996 0.685625 0.06 0.6881250000000001 0.052500000000000005 0.68125 0.05583333333333333 0.678125 0.052500000000000005 0.67625 0.057499999999999996 0.673125 0.056666666666666664 0.6737500000000001 0.052500000000000005 0.67125 0.05416666666666666 0.6768750000000001 0.07166666666666667 0.6681250000000001 0.075 0.6637500000000001 0.08166666666666667 0.665625 0.095 0.6637500000000001 0.09833333333333333
0 0.92125 0.052500000000000005 0.928125 0.0475 0.94625 0.04083333333333333 0.9793750000000001 0.015 0.9800000000000001 0.008333333333333333 0.9737500000000001 0 0.945625 0 0.940625 0.004166666666666667 0.9200000000000002 0.04 0.91875 0.05 0.92125 0.052500000000000005
0 0.44625000000000004 0.2525 0.44875 0.26083333333333336 0.448125 0.2658333333333333 0.4575 0.26916666666666667 0.45625 0.2791666666666667 0.4625 0.2891666666666667 0.46312500000000006 0.2966666666666667 0.465625 0.3 0.465 0.30666666666666664 0.46749999999999997 0.3075 0.47000000000000003 0.30416666666666664 0.473125 0.31 0.47375 0.3183333333333333 0.476875 0.32333333333333336 0.48187500000000005 0.32333333333333336 0.48125 0.3525 0.47125000000000006 0.3591666666666667 0.459375 0.39 0.45 0.3983333333333333 0.46375 0.44000000000000006 0.47000000000000003 0.4533333333333333 0.47625 0.45999999999999996 0.48375 0.485 0.49312500000000004 0.5058333333333334 0.4912500000000001 0.5133333333333333 0.49437500000000006 0.5316666666666666 0.504375 0.5558333333333334 0.5118750000000001 0.585 0.5175000000000001 0.5983333333333334 0.5318750000000001 0.6016666666666667 0.744375 0.5758333333333333 0.8512500000000001 0.5675 0.85625 0.5641666666666667 0.8556250000000001 0.5566666666666666 0.849375 0.55 0.8456250000000001 0.5108333333333334 0.8412499999999999 0.5066666666666666 0.83375 0.5066666666666666 0.8318749999999999 0.5041666666666667 0.83125 0.49083333333333334 0.828125 0.47833333333333333 0.82125 0.4666666666666667 0.813125 0.45916666666666667 0.798125 0.45583333333333337 0.789375 0.43499999999999994 0.778125 0.425 0.769375 0.42333333333333334 0.765625 0.41083333333333333 0.758125 0.4 0.744375 0.39416666666666667 0.73375 0.37416666666666665 0.726875 0.36916666666666664 0.7175 0.3683333333333333 0.7100000000000001 0.355 0.6975 0.3466666666666667 0.6831250000000001 0.325 0.6825 0.31 0.6787500000000001 0.3025 0.6575 0.28250000000000003 0.650625 0.2791666666666667 0.640625 0.26416666666666666 0.630625 0.26083333333333336 0.619375 0.25083333333333335 0.599375 0.22749999999999998 0.588125 0.225 0.5743750000000001 0.23833333333333334 0.565625 0.22999999999999998 0.556875 0.22916666666666666 0.545625 0.2375 0.5318750000000001 0.225 0.525 0.22416666666666668 0.508125 0.24083333333333332 0.5050000000000001 0.2341666666666667 0.49750000000000005 0.22916666666666666 0.48687500000000006 0.22999999999999998 0.47750000000000004 0.24083333333333332 0.47250000000000003 0.24 0.46625000000000005 0.23166666666666663 0.453125 0.22999999999999998 0.441875 0.24416666666666664 0.441875 0.2558333333333333 0.44625000000000004 0.2525
0 0.55125 0.0775 0.5493750000000001 0.07666666666666666 0.548125 0.0775 0.55125 0.0775
0 0.499375 0.07583333333333334 0.49625 0.07333333333333333 0.49625 0.07583333333333334 0.499375 0.07583333333333334
0 0.445 0.09833333333333333 0.449375 0.13333333333333333 0.45875000000000005 0.14166666666666666 0.48375 0.14166666666666666 0.48875 0.13833333333333334 0.508125 0.1375 0.530625 0.13999999999999999 0.5362500000000001 0.14583333333333331 0.544375 0.14250000000000002 0.556875 0.145 0.568125 0.13333333333333333 0.56625 0.12583333333333332 0.566875 0.10583333333333333 0.5643750000000001 0.09833333333333333 0.560625 0.09416666666666666 0.55125 0.09833333333333333 0.544375 0.09666666666666666 0.541875 0.09166666666666666 0.535625 0.08833333333333333 0.536875 0.08 0.5325 0.075 0.50375 0.07416666666666667 0.5 0.08083333333333334 0.5006250000000001 0.0875 0.491875 0.09583333333333334 0.48125 0.08916666666666666 0.47437500000000005 0.095 0.46875 0.0925 0.46749999999999997 0.08583333333333333 0.4756250000000001 0.07416666666666667 0.47437500000000005 0.075 0.47375 0.07166666666666667 0.45875000000000005 0.075 0.45875000000000005 0.08083333333333334 0.445 0.09833333333333333
0 0.664375 0.135 0.6681250000000001 0.1375 0.7225 0.13666666666666666 0.7362500000000001 0.13999999999999999 0.753125 0.13999999999999999 0.758125 0.1375 0.75875 0.11666666666666667 0.7625 0.10583333333333333 0.759375 0.09083333333333334 0.764375 0.07666666666666666 0.766875 0.05166666666666666 0.7662500000000001 0.0325 0.7706250000000001 0.020833333333333336 0.77 0.004166666666666667 0.7681250000000001 0 0.7256250000000001 0 0.7237500000000001 0.0025 0.71875 0 0.7106250000000001 0.003333333333333333 0.693125 0.004166666666666667 0.681875 0.004166666666666667 0.6743750000000001 0 0.6725000000000001 0.006666666666666666 0.6775 0.018333333333333333 0.67 0.025 0.67 0.04 0.6681250000000001 0.043333333333333335 0.67 0.05 0.6681250000000001 0.056666666666666664 0.67 0.07916666666666666 0.665 0.08833333333333333 0.66625 0.09166666666666666 0.664375 0.09833333333333333 0.6631250000000001 0.12833333333333333 0.664375 0.135
0 0.24000000000000005 0.057499999999999996 0.2575 0.06083333333333333 0.3075 0.059166666666666666 0.31062500000000004 0.05333333333333333 0.30875 0.04583333333333333 0.309375 0.027500000000000004 0.304375 0.019166666666666665 0.29812500000000003 0 0.236875 0 0.24000000000000005 0.057499999999999996
0 0.241875 0.057499999999999996 0.25812500000000005 0.06083333333333333 0.28625 0.06083333333333333 0.294375 0.058333333333333334 0.3075 0.059166666666666666 0.309375 0.05583333333333333 0.306875 0.028333333333333332 0.2625 0.02583333333333333 0.240625 0.028333333333333332 0.24000000000000005 0.05416666666666666 0.241875 0.057499999999999996
0 0.27375000000000005 0.13083333333333333 0.28250000000000003 0.13666666666666666 0.288125 0.13416666666666666 0.30375 0.13666666666666666 0.313125 0.13 0.311875 0.095 0.304375 0.0775 0.30375 0.06083333333333333 0.240625 0.06083333333333333 0.244375 0.12916666666666668 0.27375000000000005 0.13083333333333333
0 0.053125 0.0671875 0.00078125 0.00078125
0 0.003125 0.04666666666666667 0 0.043333333333333335 0 0.04833333333333333 0.0025 0.05083333333333333 0.0025 0.05333333333333333 0 0.05333333333333333 0 0.058333333333333334 0.003125 0.058333333333333334 0.00625 0.06333333333333332 0.0037500000000000007 0.06666666666666667 0.005625 0.07083333333333333 0 0.07166666666666667 0 0.0925 0.003125 0.095 0.0025 0.1025 0 0.10500000000000001 0 0.155 0.003125 0.15916666666666665 0.005 0.16 0.01 0.15416666666666667 0.013750000000000002 0.15333333333333332 0.029375000000000002 0.15666666666666668 0.031875 0.16083333333333333 0.036250000000000004 0.1625 0.05375 0.15166666666666667 0.06000000000000001 0.155 0.064375 0.15416666666666667 0.06375 0.12916666666666668 0.056874999999999995 0.08499999999999999 0.05375 0.09333333333333334 0.04625 0.09583333333333334 0.038125000000000006 0.09583333333333334 0.03125 0.09166666666666666 0.033125 0.08916666666666666 0.031875 0.0675 0.036250000000000004 0.06083333333333333 0.050624999999999996 0.06 0.050624999999999996 0.052500000000000005 0.0475 0.05166666666666666 0.050624999999999996 0.04666666666666667 0.05 0.043333333333333335 0.048125 0.05 0.003125 0.04666666666666667
0 0.003125 0.028333333333333332 0.005 0.03 0.005 0.02583333333333333 0 0.030833333333333334 0.003125 0.028333333333333332
0 0.9418750000000001 0.01583333333333333 0.974375 0.01583333333333333 0.9806250000000001 0.008333333333333333 0.978125 0 0.9450000000000001 0 0.9387500000000001 0.0075 0.938125 0.014166666666666666 0.9418750000000001 0.01583333333333333
0 0.9575000000000001 0.15416666666666667 0.976875 0.15916666666666665 0.9962500000000001 0.1575 0.999375 0.15416666666666667 0.999375 0.11416666666666667 0.9912500000000002 0.11499999999999999 0.9737500000000001 0.12583333333333332 0.9418750000000001 0.15083333333333332 0.9400000000000001 0.15416666666666667 0.9575000000000001 0.15416666666666667
0 0.9225 0.05333333333333333 0.94625 0.04166666666666667 0.9800000000000001 0.015 0.9800000000000001 0.005833333333333334 0.9756250000000002 0 0.9450000000000001 0 0.938125 0.0075 0.9168750000000001 0.04583333333333333 0.91625 0.05333333333333333 0.9225 0.05333333333333333
0 0.8484375 0.00078125 0.0015625 0.00078125
0 0.789375 0.0025 0.79625 0 0.789375 0 0.789375 0.0025
0 0.6681250000000001 0.014166666666666666 0.6787500000000001 0.02 0.706875 0.019166666666666665 0.726875 0.023333333333333334 0.766875 0.024166666666666666 0.7706250000000001 0.0225 0.7725000000000001 0.0125 0.771875 0 0.666875 0 0.665625 0.005 0.6681250000000001 0.014166666666666666
0 0.7675000000000001 0.09916666666666667 0.7681250000000001 0.10500000000000001 0.7618750000000001 0.11583333333333332 0.7618750000000001 0.13 0.765 0.13666666666666666 0.7825 0.14750000000000002 0.7993750000000001 0.14750000000000002 0.821875 0.14333333333333334 0.8318749999999999 0.11583333333333332 0.8318749999999999 0.08833333333333333 0.7975000000000001 0.08583333333333333 0.786875 0.08833333333333333 0.76875 0.0875 0.7706250000000001 0.095 0.7675000000000001 0.09916666666666667
0 0.95625 0.15333333333333332 0.9731250000000001 0.15833333333333333 0.9956250000000001 0.1575 0.9975000000000002 0.15 0.999375 0.14916666666666667 0.999375 0.13583333333333333 0.996875 0.13416666666666666 0.996875 0.11750000000000001 0.993125 0.11499999999999999 0.9806250000000001 0.12166666666666666 0.9418750000000001 0.15083333333333332 0.9400000000000001 0.15416666666666667 0.95625 0.15333333333333332
0 0.92125 0.05416666666666666 0.945625 0.042499999999999996 0.9631250000000001 0.03 0.975 0.017499999999999998 0.98125 0.015 0.9806250000000001 0.005 0.9756250000000002 0 0.944375 0 0.938125 0.0075 0.9168750000000001 0.04583333333333333 0.915625 0.05333333333333333 0.92125 0.05416666666666666
0 0.24000000000000005 0.03833333333333333 0.240625 0.08249999999999999 0.244375 0.1075 0.24375 0.12666666666666665 0.25 0.13 0.27375000000000005 0.13083333333333333 0.281875 0.13583333333333333 0.294375 0.13416666666666666 0.303125 0.13666666666666666 0.31125 0.1325 0.313125 0.13 0.31375000000000003 0.11750000000000001 0.3125 0.10416666666666667 0.31 0.08833333333333333 0.304375 0.075 0.304375 0.065 0.31062500000000004 0.056666666666666664 0.30875 0.04583333333333333 0.309375 0.029166666666666667 0.29812500000000003 0 0.24562500000000004 0 0.244375 0.0025 0.240625 0 0.23875000000000002 0.005 0.2375 0.013333333333333332 0.24000000000000005 0.03833333333333333
0 0.0018750000000000004 0.6166666666666667 0 0.6174999999999999 0 0.6316666666666666 0.0025 0.6333333333333333 0.0025 0.67 0.0075000000000000015 0.6733333333333333 0.059375 0.6683333333333333 0.13125 0.6583333333333333 0.13625 0.6558333333333334 0.164375 0.6541666666666667 0.18375000000000002 0.6475 0.203125 0.6475 0.26375000000000004 0.6366666666666666 0.31125 0.6333333333333333 0.3175 0.6291666666666667 0.354375 0.6258333333333332 0.434375 0.6125 0.43875000000000003 0.61 0.440625 0.6058333333333333 0.44000000000000006 0.595 0.43624999999999997 0.5866666666666667 0.43 0.5541666666666667 0.42312500000000003 0.5366666666666666 0.421875 0.5275000000000001 0.41875 0.5191666666666667 0.40875000000000006 0.505 0.40125 0.48166666666666663 0.386875 0.4141666666666667 0.38312500000000005 0.4066666666666666 0.37062500000000004 0.39499999999999996 0.369375 0.38583333333333336 0.364375 0.3775 0.3625 0.3675 0.359375 0.36666666666666664 0.344375 0.345 0.335 0.33999999999999997 0.324375 0.3408333333333333 0.319375 0.345 0.309375 0.36 0.30812500000000004 0.36583333333333334 0.293125 0.345 0.283125 0.3383333333333333 0.26875 0.3408333333333333 0.261875 0.3491666666666667 0.255 0.36416666666666664 0.25125000000000003 0.3625 0.2375 0.345 0.22875 0.3408333333333333 0.21937500000000001 0.3416666666666667 0.20625 0.35333333333333333 0.19937500000000002 0.36916666666666664 0.18812500000000001 0.35416666666666663 0.175 0.3441666666666666 0.165625 0.3441666666666666 0.155625 0.34833333333333333 0.149375 0.35583333333333333 0.14250000000000002 0.37083333333333335 0.14 0.37083333333333335 0.13687500000000002 0.36416666666666664 0.12625000000000003 0.3525 0.11937500000000001 0.34833333333333333 0.10250000000000001 0.34833333333333333 0.09187500000000001 0.36 0.085 0.38416666666666666 0.07875000000000001 0.3983333333333333 0.07062500000000001 0.41 0.05 0.4691666666666666 0.046875 0.49083333333333334 0.048125 0.49416666666666664 0.040625 0.505 0.035625000000000004 0.5366666666666666 0.025 0.5599999999999999 0.01875 0.5650000000000001 0.014375000000000002 0.5733333333333334 0.0075000000000000015 0.6 0.0018750000000000004 0.6166666666666667
0 0.449375 0.08833333333333333 0.449375 0.09333333333333334 0.45625 0.09916666666666667 0.47062499999999996 0.10166666666666666 0.49312500000000004 0.09833333333333333 0.510625 0.09916666666666667 0.5275000000000001 0.10500000000000001 0.5387500000000001 0.10083333333333333 0.556875 0.10500000000000001 0.561875 0.1 0.56 0.08499999999999999 0.56125 0.07583333333333334 0.5543750000000001 0.07166666666666667 0.5387500000000001 0.07166666666666667 0.5331250000000001 0.06833333333333333 0.5231250000000001 0.0725 0.5018750000000001 0.0725 0.4956250000000001 0.06916666666666667 0.4625 0.06916666666666667 0.45499999999999996 0.07416666666666667 0.45499999999999996 0.08166666666666667 0.449375 0.08833333333333333
0 0.05625 0.05500000000000001 0.061250000000000006 0.07666666666666666 0.06625 0.14166666666666666 0.06875 0.14916666666666667 0.07 0.16583333333333333 0.076875 0.18083333333333335 0.078125 0.19 0.085 0.18833333333333332 0.0875 0.19083333333333333 0.11937500000000001 0.19166666666666668 0.14375 0.18833333333333332 0.16625 0.18916666666666665 0.178125 0.18583333333333335 0.1875 0.18833333333333332 0.19625 0.18583333333333335 0.22062500000000002 0.18833333333333332 0.24125000000000002 0.18666666666666668 0.24375 0.18333333333333332 0.24500000000000002 0.16916666666666666 0.240625 0.1275 0.24250000000000002 0.11666666666666667 0.241875 0.1025 0.2375 0.07666666666666666 0.2375 0.056666666666666664 0.23312500000000003 0.05 0.23500000000000001 0.04666666666666667 0.23312500000000003 0.04166666666666667 0.23562500000000003 0.03166666666666666 0.230625 0.004166666666666667 0.22749999999999998 0.009166666666666667 0.224375 0.005 0.21937500000000001 0.004166666666666667 0.185625 0.003333333333333333 0.17250000000000001 0.006666666666666666 0.1625 0.003333333333333333 0.14375 0.003333333333333333 0.13125 0.005 0.12937500000000002 0.0075 0.128125 0.005 0.12375 0.0075 0.121875 0.004166666666666667 0.085625 0.0025 0.05625 0.004166666666666667 0.05437500000000001 0.005 0.05625 0.05500000000000001
0 0.24125000000000002 0.059166666666666666 0.275 0.06416666666666666 0.29812500000000003 0.06 0.30375 0.06166666666666667 0.3075 0.06 0.31 0.05333333333333333 0.306875 0.030833333333333334 0.296875 0.028333333333333332 0.24937500000000004 0.027500000000000004 0.24625000000000002 0.029166666666666667 0.24625000000000002 0.03916666666666667 0.241875 0.042499999999999996 0.24000000000000005 0.0475 0.23937500000000003 0.05416666666666666 0.24125000000000002 0.059166666666666666
0 0.315625 0.1275 0.3175 0.13333333333333333 0.321875 0.13583333333333333 0.33125 0.13833333333333334 0.34375 0.13666666666666666 0.34937500000000005 0.13916666666666666 0.365625 0.13416666666666666 0.40062500000000006 0.13416666666666666 0.40875000000000006 0.13916666666666666 0.421875 0.13666666666666666 0.429375 0.13999999999999999 0.43875000000000003 0.135 0.440625 0.13166666666666665 0.4375 0.10916666666666666 0.43937499999999996 0.09666666666666666 0.43062500000000004 0.06833333333333333 0.40437500000000004 0.0675 0.40062500000000006 0.065 0.34375 0.06583333333333333 0.335625 0.06333333333333332 0.33 0.06666666666666667 0.32125000000000004 0.0775 0.315625 0.09166666666666666 0.315625 0.1275
0 0.67 0.1408333333333333 0.716875 0.1375 0.749375 0.14250000000000002 0.758125 0.13916666666666666 0.760625 0.13416666666666666 0.75875 0.11916666666666667 0.76 0.1125 0.7550000000000001 0.10833333333333332 0.718125 0.10583333333333333 0.6775 0.10666666666666666 0.6675000000000001 0.1025 0.6637500000000001 0.10916666666666666 0.6631250000000001 0.135 0.67 0.1408333333333333
0 0.67625 0.10666666666666666 0.70625 0.10583333333333333 0.7575000000000001 0.10916666666666666 0.76 0.10583333333333333 0.7568750000000001 0.09416666666666666 0.7568750000000001 0.08499999999999999 0.75125 0.08 0.675 0.0775 0.669375 0.095 0.67 0.10166666666666666 0.67625 0.10666666666666666
0 0.244375 0.0875 0.26812500000000006 0.0925 0.30875 0.09166666666666666 0.30250000000000005 0.07083333333333333 0.30250000000000005 0.0625 0.281875 0.06166666666666667 0.27625 0.058333333333333334 0.248125 0.059166666666666666 0.240625 0.06166666666666667 0.240625 0.08083333333333334 0.244375 0.0875
0 0.6681250000000001 0.07666666666666666 0.686875 0.07583333333333334 0.7375 0.08 0.7475 0.07833333333333334 0.75875 0.08249999999999999 0.7662500000000001 0.0775 0.7675000000000001 0.06666666666666667 0.766875 0.05333333333333333 0.765 0.05166666666666666 0.74375 0.05333333333333333 0.681875 0.05083333333333333 0.6681250000000001 0.045 0.665 0.058333333333333334 0.665 0.07416666666666667 0.6681250000000001 0.07666666666666666
0 0.48875 0.355 0.48687500000000006 0.35416666666666663 0.4875 0.35833333333333334 0.48875 0.355
0 0.425 0.30416666666666664 0.440625 0.32666666666666666 0.44875 0.36083333333333334 0.45625 0.38 0.4625 0.37583333333333335 0.47250000000000003 0.35416666666666663 0.48375 0.35 0.48500000000000004 0.3383333333333333 0.48812500000000003 0.33416666666666667 0.4987500000000001 0.3275 0.51875 0.33666666666666667 0.5225000000000001 0.3441666666666666 0.54375 0.32916666666666666 0.56125 0.32999999999999996 0.56375 0.3375 0.566875 0.335 0.570625 0.3375 0.579375 0.32916666666666666 0.595 0.3225 0.60875 0.32999999999999996 0.6125 0.33999999999999997 0.621875 0.32999999999999996 0.6318750000000001 0.3258333333333333 0.6425000000000001 0.32666666666666666 0.65 0.3175 0.653125 0.32083333333333336 0.6681250000000001 0.325 0.6743750000000001 0.32083333333333336 0.681875 0.32333333333333336 0.6825 0.32166666666666666 0.681875 0.31 0.67625 0.3 0.665625 0.29333333333333333 0.6575 0.28250000000000003 0.65 0.2808333333333333 0.6412500000000001 0.265 0.6300000000000001 0.26166666666666666 0.61375 0.24416666666666664 0.604375 0.2375 0.595 0.24083333333333332 0.5875 0.25 0.584375 0.25 0.576875 0.24 0.56375 0.22916666666666666 0.5537500000000001 0.2308333333333333 0.54625 0.23916666666666667 0.536875 0.2341666666666667 0.5362500000000001 0.22916666666666666 0.5331250000000001 0.22583333333333333 0.525625 0.22333333333333333 0.5125 0.23666666666666666 0.508125 0.23833333333333334 0.50125 0.22999999999999998 0.4912500000000001 0.22749999999999998 0.484375 0.2308333333333333 0.47750000000000004 0.24083333333333332 0.46375 0.22999999999999998 0.4525 0.22999999999999998 0.44750000000000006 0.2341666666666667 0.44000000000000006 0.2475 0.43562500000000004 0.24916666666666668 0.425 0.2791666666666667 0.421875 0.2891666666666667 0.425 0.30416666666666664
0 0.31625000000000003 0.09083333333333334 0.315625 0.12833333333333333 0.3175 0.13333333333333333 0.3275 0.13833333333333334 0.343125 0.13666666666666666 0.34875 0.13916666666666666 0.365625 0.13416666666666666 0.39875000000000005 0.13416666666666666 0.41000000000000003 0.13916666666666666 0.416875 0.13666666666666666 0.43062500000000004 0.13916666666666666 0.44000000000000006 0.13333333333333333 0.4375 0.10833333333333332 0.43937499999999996 0.09833333333333333 0.433125 0.07583333333333334 0.43375 0.07083333333333333 0.43937499999999996 0.06416666666666666 0.436875 0.05166666666666666 0.436875 0.03833333333333333 0.43875000000000003 0.0325 0.43062500000000004 0.015 0.4287500000000001 0.005 0.3975 0.0025 0.38312500000000005 0.004166666666666667 0.379375 0 0.369375 0.0025 0.35187500000000005 0 0.34875 0.004166666666666667 0.34187500000000004 0.005 0.33375000000000005 0.0025 0.324375 0.008333333333333333 0.3229974489795919 0.006802721088435375 0.32 0.01 0.31500000000000006 0.02583333333333333 0.314375 0.056666666666666664 0.31875 0.06416666666666666 0.32125000000000004 0.07416666666666667 0.31625000000000003 0.09083333333333334
0 0.5737500000000001 0.03166666666666666 0.576875 0.035833333333333335 0.576875 0.03 0.579375 0.029166666666666667 0.5825 0.035833333333333335 0.58625 0.0325 0.58125 0.027500000000000004 0.57125 0.03 0.57125 0.034166666666666665 0.5737500000000001 0.03166666666666666
0 0.58125 0.0234375 0.00078125 0.0015625
0 0.57125 0.017499999999999998 0.58125 0.010833333333333334 0.59125 0.015 0.599375 0.013333333333333332 0.6 0.020833333333333336 0.59125 0.02583333333333333 0.5962500000000001 0.035833333333333335 0.6025 0.034166666666666665 0.6118750000000001 0.03833333333333333 0.62375 0.03666666666666667 0.6325000000000001 0.04083333333333333 0.638125 0.04 0.64375 0.034166666666666665 0.650625 0.035833333333333335 0.6518750000000001 0.0325 0.645 0.03 0.6431250000000001 0.02583333333333333 0.6475000000000001 0.017499999999999998 0.65375 0.016666666666666666 0.660625 0.021666666666666667 0.6631250000000001 0.017499999999999998 0.67 0.015 0.6675000000000001 0 0.571875 0 0.5700000000000001 0.006666666666666666 0.5693750000000001 0.015 0.57125 0.017499999999999998
0 0.271875 0.13083333333333333 0.27937500000000004 0.13666666666666666 0.304375 0.13666666666666666 0.313125 0.13083333333333333 0.311875 0.0975 0.306875 0.08916666666666666 0.281875 0.0925 0.27937500000000004 0.08833333333333333 0.2575 0.08916666666666666 0.244375 0.08666666666666667 0.244375 0.12916666666666668 0.271875 0.13083333333333333
0 0.66625 0.0625 0.6675000000000001 0.07083333333333333 0.670625 0.07333333333333333 0.69125 0.0775 0.75875 0.08083333333333334 0.763125 0.0775 0.765 0.06916666666666667 0.7675000000000001 0.05083333333333333 0.766875 0.030833333333333334 0.77125 0.016666666666666666 0.77 0.005 0.7675000000000001 0 0.729375 0 0.7237500000000001 0.005 0.71875 0.003333333333333333 0.709375 0.006666666666666666 0.7025 0.004166666666666667 0.7 0.005 0.7 0.008333333333333333 0.696875 0.011666666666666667 0.6893750000000001 0.010833333333333334 0.6768750000000001 0.014166666666666666 0.66875 0.021666666666666667 0.666875 0.027500000000000004 0.6681250000000001 0.05416666666666666 0.66625 0.0625
0 0 0.029166666666666667 0 0.09333333333333334 0.0025 0.095 0.0018750000000000004 0.1025 0 0.10333333333333332 0 0.14916666666666667 0.013125000000000001 0.14916666666666667 0.03875 0.15833333333333333 0.058750000000000004 0.15083333333333332 0.0625 0.14666666666666667 0.0625 0.12333333333333334 0.056874999999999995 0.06999999999999999 0.051250000000000004 0.05 0.051875000000000004 0.017499999999999998 0.049375 0.005 0.040625 0 0.02125 0 0.016875 0.003333333333333333 0.003125 0.005 0.003125 0.024166666666666666 0 0.029166666666666667
0 0.7775000000000001 0.027500000000000004 0.806875 0.028333333333333332 0.8106250000000002 0.030833333333333334 0.840625 0.034166666666666665 0.8450000000000001 0.029166666666666667 0.8487500000000001 0.011666666666666667 0.8487500000000001 0.0016666666666666666 0.78 0 0.7731250000000001 0.005 0.77375 0.0225 0.7775000000000001 0.027500000000000004
0 0.826875 0.1025 0.8231250000000001 0.1 0.8225 0.10333333333333332 0.826875 0.1025
0 0.76875 0.08249999999999999 0.784375 0.08666666666666667 0.8 0.08499999999999999 0.80375 0.0875 0.815625 0.08666666666666667 0.820625 0.09083333333333334 0.83125 0.09083333333333334 0.834375 0.08916666666666666 0.8387500000000001 0.0775 0.838125 0.06 0.8125 0.06 0.8012500000000001 0.057499999999999996 0.795625 0.05333333333333333 0.775 0.05083333333333333 0.77 0.05333333333333333 0.7675000000000001 0.06166666666666667 0.765625 0.07833333333333334 0.76875 0.08249999999999999
0 0.440625 0.335 0.446875 0.36333333333333334 0.453125 0.3775 0.45625 0.38166666666666665 0.459375 0.38 0.46875 0.35833333333333334 0.479375 0.34833333333333333 0.47625 0.345 0.47062499999999996 0.3091666666666667 0.465625 0.3091666666666667 0.46375 0.3058333333333333 0.46312500000000006 0.29 0.45687500000000003 0.2866666666666667 0.45625 0.275 0.449375 0.27 0.449375 0.2625 0.44125000000000003 0.2558333333333333 0.440625 0.24833333333333335 0.43875000000000003 0.24666666666666667 0.43187500000000006 0.25166666666666665 0.42312500000000003 0.2816666666666666 0.42000000000000004 0.2866666666666667 0.425 0.31416666666666665 0.440625 0.335
0 0.32375000000000004 0.06666666666666667 0.334375 0.0625 0.34500000000000003 0.065 0.359375 0.0625 0.36875 0.065 0.41875 0.06416666666666666 0.429375 0.06666666666666667 0.43875000000000003 0.06333333333333332 0.436875 0.03916666666666667 0.43937499999999996 0.0325 0.43187500000000006 0.015 0.43 0.005 0.42750000000000005 0.003333333333333333 0.384375 0.003333333333333333 0.38125 0 0.34875 0 0.34750000000000003 0.0025 0.34125 0.003333333333333333 0.338125 0 0.33125 0 0.328125 0.003333333333333333 0.32 0.003333333333333333 0.316875 0.019166666666666665 0.313125 0.02583333333333333 0.31375000000000003 0.059166666666666666 0.32375000000000004 0.06666666666666667
0 0.7612500000000001 0.11499999999999999 0.7618750000000001 0.13 0.76875 0.13999999999999999 0.7825 0.14666666666666667 0.8200000000000001 0.14416666666666667 0.8318749999999999 0.11416666666666667 0.834375 0.09 0.838125 0.07833333333333334 0.8387500000000001 0.06166666666666667 0.8418750000000002 0.052500000000000005 0.8418750000000002 0.0375 0.8462500000000001 0.021666666666666667 0.846875 0.005 0.794375 0.0025 0.77875 0.005 0.775625 0.010833333333333334 0.775625 0.027500000000000004 0.771875 0.035833333333333335 0.771875 0.05 0.7681250000000001 0.0625 0.7675000000000001 0.08083333333333334 0.7625 0.08833333333333333 0.765 0.10833333333333332 0.7612500000000001 0.11499999999999999
0 0.421875 0.29 0.42750000000000005 0.3075 0.44125000000000003 0.3258333333333333 0.44875 0.35 0.449375 0.3616666666666667 0.4575 0.3683333333333333 0.45499999999999996 0.3716666666666667 0.45625 0.38 0.4625 0.375 0.46875 0.3591666666666667 0.47375 0.35333333333333333 0.48187500000000005 0.3525 0.48375 0.355 0.48375 0.3625 0.48625000000000007 0.3683333333333333 0.48875 0.36916666666666664 0.490625 0.35083333333333333 0.5006250000000001 0.3458333333333333 0.509375 0.345 0.514375 0.33999999999999997 0.51875 0.3408333333333333 0.525625 0.3491666666666667 0.52625 0.345 0.535 0.3358333333333333 0.545625 0.32999999999999996 0.559375 0.3308333333333333 0.56375 0.3383333333333333 0.57125 0.3383333333333333 0.58125 0.32916666666666666 0.596875 0.325 0.60625 0.33166666666666667 0.613125 0.3416666666666667 0.619375 0.33333333333333337 0.6300000000000001 0.3275 0.64375 0.3283333333333333 0.650625 0.32333333333333336 0.6612500000000001 0.32916666666666666 0.678125 0.3225 0.681875 0.32333333333333336 0.6831250000000001 0.32083333333333336 0.681875 0.31 0.6743750000000001 0.2975 0.665625 0.2925 0.6575 0.28250000000000003 0.65 0.27999999999999997 0.640625 0.26416666666666666 0.630625 0.26166666666666666 0.62625 0.2558333333333333 0.618125 0.25083333333333335 0.61375 0.24416666666666664 0.6025 0.23666666666666666 0.593125 0.24083333333333332 0.5875 0.24916666666666668 0.584375 0.25 0.576875 0.23916666666666667 0.5743750000000001 0.23916666666666667 0.56625 0.22999999999999998 0.555 0.22999999999999998 0.545 0.23833333333333334 0.5381250000000001 0.2341666666666667 0.534375 0.22666666666666666 0.52875 0.22333333333333333 0.51875 0.22833333333333333 0.50875 0.23833333333333334 0.49625 0.22749999999999998 0.484375 0.2308333333333333 0.476875 0.24083333333333332 0.46625000000000005 0.2308333333333333 0.45562500000000006 0.22916666666666666 0.448125 0.23333333333333334 0.441875 0.24500000000000002 0.43562500000000004 0.25 0.43187500000000006 0.25916666666666666 0.43062500000000004 0.26749999999999996 0.421875 0.29
0 0.591875 0.5258333333333333 0.593125 0.5225 0.59125 0.5225 0.591875 0.5258333333333333
0 0.578125 0.5116666666666666 0.5743750000000001 0.5091666666666667 0.57125 0.5108333333333334 0.5737500000000001 0.515 0.578125 0.5116666666666666
0 0.561875 0.515 0.5643750000000001 0.515 0.5650000000000001 0.5125 0.5650000000000001 0.51 0.5625 0.5091666666666667 0.56375 0.505 0.56 0.5116666666666666 0.561875 0.515
0 0.610625 0.49749999999999994 0.60875 0.4966666666666667 0.609375 0.5066666666666666 0.610625 0.49749999999999994
0 0.58203125 0.49375 0.0015625 0.00078125
0 0.68 0.4841666666666667 0.675 0.48250000000000004 0.675 0.4883333333333333 0.68 0.4841666666666667
0 0.624375 0.485 0.623125 0.48166666666666663 0.62 0.4833333333333333 0.6225 0.4875 0.624375 0.485
0 0.5700000000000001 0.4916666666666667 0.57125 0.48666666666666664 0.578125 0.48666666666666664 0.5825 0.4833333333333333 0.5675000000000001 0.48166666666666663 0.56375 0.4841666666666667 0.5631250000000001 0.49916666666666665 0.5700000000000001 0.4916666666666667
0 0.5925 0.5016666666666667 0.58875 0.5041666666666667 0.5900000000000001 0.5091666666666667 0.586875 0.5116666666666666 0.591875 0.5133333333333333 0.5956250000000001 0.5066666666666666 0.5975 0.5091666666666667 0.596875 0.5225 0.5987500000000001 0.5225 0.598125 0.5191666666666667 0.6012500000000001 0.5125 0.599375 0.5083333333333333 0.601875 0.505 0.5987500000000001 0.5016666666666667 0.5975 0.4875 0.591875 0.48083333333333333 0.5875 0.48083333333333333 0.586875 0.49083333333333334 0.5925 0.5016666666666667
0 0.70625 0.47750000000000004 0.703125 0.47333333333333333 0.7025 0.475 0.70625 0.47750000000000004
0 0.6893750000000001 0.4741666666666666 0.691875 0.47833333333333333 0.693125 0.4741666666666666 0.6950000000000001 0.47833333333333333 0.693125 0.47000000000000003 0.690625 0.47000000000000003 0.685 0.47333333333333333 0.6893750000000001 0.4741666666666666
0 0.639375 0.48083333333333333 0.6431250000000001 0.4741666666666666 0.6475000000000001 0.47833333333333333 0.649375 0.47750000000000004 0.6475000000000001 0.47333333333333333 0.64375 0.4741666666666666 0.6368750000000001 0.4691666666666666 0.629375 0.4741666666666666 0.639375 0.48083333333333333
0 0.584375 0.4703125 0.00078125 0.0015625
0 0.449375 0.39666666666666667 0.449375 0.40083333333333326 0.4600000000000001 0.43166666666666664 0.46312500000000006 0.43583333333333335 0.46687500000000004 0.4508333333333333 0.47625 0.46333333333333326 0.49000000000000005 0.505 0.490625 0.525 0.515625 0.5983333333333334 0.52 0.6025 0.5362500000000001 0.6033333333333333 0.740625 0.5783333333333334 0.81875 0.5725 0.8556250000000001 0.5675 0.858125 0.5641666666666667 0.8575000000000002 0.5575 0.849375 0.5458333333333333 0.8456250000000001 0.5083333333333333 0.8412499999999999 0.5058333333333334 0.83125 0.5075000000000001 0.819375 0.5341666666666667 0.8099999999999999 0.5458333333333333 0.8043750000000001 0.5475 0.796875 0.5383333333333333 0.795 0.5158333333333334 0.79 0.5108333333333334 0.780625 0.51 0.764375 0.5416666666666667 0.7550000000000001 0.5525 0.75 0.5549999999999999 0.7456250000000001 0.5508333333333333 0.7412500000000001 0.5333333333333333 0.740625 0.5183333333333333 0.7362500000000001 0.515 0.726875 0.515 0.7225 0.5183333333333333 0.7125 0.5425 0.704375 0.5525 0.6950000000000001 0.5583333333333333 0.690625 0.5541666666666667 0.685625 0.5333333333333333 0.68625 0.5258333333333333 0.681875 0.52 0.6737500000000001 0.515 0.6743750000000001 0.5133333333333333 0.67125 0.5141666666666667 0.66625 0.5208333333333333 0.6525000000000001 0.5533333333333333 0.64375 0.5625 0.63875 0.5625 0.6362500000000001 0.5591666666666667 0.629375 0.5466666666666666 0.6300000000000001 0.5425 0.62625 0.5291666666666667 0.61875 0.5241666666666667 0.6125 0.525 0.60625 0.5308333333333334 0.5893750000000001 0.5658333333333333 0.5825 0.5700000000000001 0.5775 0.5700000000000001 0.571875 0.5625 0.570625 0.5558333333333334 0.5643750000000001 0.5575 0.5625 0.5549999999999999 0.5625 0.545 0.565625 0.5391666666666667 0.561875 0.5308333333333334 0.54625 0.5291666666666667 0.545 0.5258333333333333 0.55 0.5225 0.5475000000000001 0.5158333333333334 0.5487500000000001 0.4966666666666667 0.54 0.49083333333333334 0.5325 0.49333333333333335 0.5268750000000001 0.49083333333333334 0.529375 0.4875 0.5275000000000001 0.4841666666666667 0.5331250000000001 0.45999999999999996 0.52375 0.45666666666666667 0.5112500000000001 0.45666666666666667 0.51375 0.4533333333333333 0.5162500000000001 0.4341666666666667 0.5118750000000001 0.4325 0.5112500000000001 0.42833333333333334 0.499375 0.42750000000000005 0.49750000000000005 0.42000000000000004 0.4912500000000001 0.4208333333333333 0.4875 0.4125 0.48625000000000007 0.41833333333333333 0.48187500000000005 0.4225 0.476875 0.4225 0.475 0.4175 0.47000000000000003 0.41500000000000004 0.47125000000000006 0.4066666666666666 0.476875 0.39666666666666667 0.48125 0.39666666666666667 0.48937500000000006 0.39 0.48937500000000006 0.37666666666666665 0.4875 0.375 0.48125 0.3775 0.476875 0.37416666666666665 0.47437500000000005 0.36416666666666664 0.475 0.3616666666666667 0.468125 0.36916666666666664 0.46687500000000004 0.3783333333333333 0.46312500000000006 0.38 0.458125 0.39249999999999996 0.449375 0.39666666666666667
0 0.7675000000000001 0.07083333333333333 0.76875 0.07916666666666666 0.7881250000000001 0.08416666666666667 0.8099999999999999 0.08249999999999999 0.81875 0.08583333333333333 0.834375 0.08583333333333333 0.838125 0.07666666666666666 0.838125 0.06333333333333332 0.8418750000000002 0.05416666666666666 0.8425 0.03833333333333333 0.8481250000000001 0.017499999999999998 0.8487500000000001 0.0025 0.8474999999999999 0 0.8275 0 0.8243750000000001 0.0025 0.785625 0 0.7837500000000001 0.0025 0.77625 0.003333333333333333 0.77375 0.008333333333333333 0.77375 0.027500000000000004 0.769375 0.03916666666666667 0.7706250000000001 0.057499999999999996 0.7675000000000001 0.07083333333333333
0 0.9418750000000001 0.016666666666666666 0.9756250000000002 0.01583333333333333 0.9800000000000001 0.01 0.9806250000000001 0.005 0.978125 0 0.943125 0 0.938125 0.009166666666666667 0.9375 0.015 0.9418750000000001 0.016666666666666666
0 0.2375 0.025 0.240625 0.027500000000000004 0.25375000000000003 0.024166666666666666 0.26125000000000004 0.026666666666666665 0.27687500000000004 0.02583333333333333 0.285625 0.029166666666666667 0.30375 0.029166666666666667 0.3075 0.025 0.30125 0.009166666666666667 0.30062500000000003 0 0.23562500000000003 0 0.2375 0.025
0 0.45062500000000005 0.07166666666666667 0.445625 0.08499999999999999 0.44375 0.1125 0.448125 0.12250000000000001 0.449375 0.1325 0.45875000000000005 0.1408333333333333 0.484375 0.1408333333333333 0.49312500000000004 0.1375 0.509375 0.1375 0.529375 0.13916666666666666 0.5381250000000001 0.145 0.5431250000000001 0.14250000000000002 0.556875 0.14416666666666667 0.566875 0.13666666666666666 0.56625 0.10333333333333332 0.5631250000000001 0.09333333333333334 0.56375 0.0775 0.5675000000000001 0.057499999999999996 0.5675000000000001 0.034166666666666665 0.5643750000000001 0.0225 0.56625 0.005 0.5431250000000001 0.003333333333333333 0.5325 0.008333333333333333 0.521875 0.008333333333333333 0.5162500000000001 0.005 0.45562500000000006 0.005 0.45125000000000004 0.010833333333333334 0.45125000000000004 0.026666666666666665 0.44750000000000006 0.034999999999999996 0.449375 0.04416666666666667 0.4443750000000001 0.05583333333333333 0.445625 0.06416666666666666 0.45062500000000005 0.07166666666666667
0 0.67 0.1408333333333333 0.7175 0.1375 0.75 0.14250000000000002 0.7568750000000001 0.13999999999999999 0.76 0.13583333333333333 0.75875 0.1125 0.755625 0.11000000000000001 0.716875 0.10666666666666666 0.675 0.1075 0.6681250000000001 0.10500000000000001 0.6637500000000001 0.11083333333333334 0.6631250000000001 0.13416666666666666 0.67 0.1408333333333333
0 0.446875 0.0375 0.44875 0.0475 0.445625 0.06166666666666667 0.45062500000000005 0.0675 0.475 0.0675 0.48375 0.07083333333333333 0.495 0.06916666666666667 0.5 0.07166666666666667 0.56375 0.07083333333333333 0.56875 0.04416666666666667 0.56875 0.034999999999999996 0.5650000000000001 0.02 0.56875 0.005833333333333334 0.5675000000000001 0.003333333333333333 0.54375 0 0.535625 0.005 0.521875 0.006666666666666666 0.515 0.003333333333333333 0.46312500000000006 0.0025 0.449375 0.005 0.44875 0.011666666666666667 0.44625000000000004 0.015 0.448125 0.017499999999999998 0.446875 0.0375
0 0.570625 0.13416666666666666 0.5743750000000001 0.13583333333333333 0.5875 0.1375 0.59125 0.135 0.6100000000000001 0.13333333333333333 0.62375 0.13416666666666666 0.63125 0.1375 0.65375 0.13666666666666666 0.6581250000000001 0.135 0.6612500000000001 0.1275 0.661875 0.0975 0.66 0.08916666666666666 0.661875 0.0775 0.66 0.07416666666666667 0.628125 0.07333333333333333 0.6206250000000001 0.07583333333333334 0.6143750000000001 0.0725 0.601875 0.075 0.575625 0.07166666666666667 0.5700000000000001 0.07583333333333334 0.570625 0.09166666666666666 0.56875 0.095 0.568125 0.12833333333333333 0.570625 0.13416666666666666
0 0.6725000000000001 0.049166666666666664 0.765 0.05333333333333333 0.766875 0.05 0.7662500000000001 0.0325 0.76875 0.018333333333333333 0.7618750000000001 0.0225 0.754375 0.017499999999999998 0.7475 0.023333333333333334 0.72875 0.023333333333333334 0.7237500000000001 0.019166666666666665 0.6900000000000001 0.018333333333333333 0.670625 0.025 0.6675000000000001 0.043333333333333335 0.6725000000000001 0.049166666666666664
0 0.180625 0.3225 0.178125 0.3416666666666667 0.19625 0.3516666666666667 0.19875 0.35583333333333333 0.20249999999999999 0.355 0.210625 0.345 0.21875 0.33916666666666667 0.23625000000000002 0.33666666666666667 0.25125000000000003 0.35666666666666663 0.255 0.35666666666666663 0.261875 0.345 0.26812500000000006 0.33916666666666667 0.275 0.3358333333333333 0.28687500000000005 0.3358333333333333 0.296875 0.3458333333333333 0.303125 0.3575 0.306875 0.3591666666666667 0.32125000000000004 0.33916666666666667 0.33187500000000003 0.335 0.34375 0.3408333333333333 0.355625 0.35666666666666663 0.36312500000000003 0.36083333333333334 0.369375 0.3775 0.421875 0.3775 0.43812500000000004 0.38 0.445625 0.37416666666666665 0.446875 0.37 0.440625 0.355 0.43937499999999996 0.3466666666666667 0.43375 0.3416666666666667 0.42750000000000005 0.32999999999999996 0.41875 0.29583333333333334 0.405625 0.26749999999999996 0.40062500000000006 0.24916666666666668 0.384375 0.22666666666666666 0.378125 0.2225 0.36812500000000004 0.22333333333333333 0.355625 0.23666666666666666 0.346875 0.22333333333333333 0.34187500000000004 0.22000000000000003 0.33375000000000005 0.22000000000000003 0.3275 0.22416666666666668 0.32062500000000005 0.23583333333333334 0.3125 0.22333333333333333 0.30625 0.21916666666666665 0.29625 0.22000000000000003 0.28375000000000006 0.23333333333333334 0.27 0.22000000000000003 0.259375 0.21916666666666665 0.25125000000000003 0.225 0.244375 0.2375 0.23374999999999999 0.22666666666666666 0.22062500000000002 0.22333333333333333 0.213125 0.22749999999999998 0.20375000000000001 0.24416666666666664 0.19187500000000002 0.2808333333333333 0.185625 0.29 0.18250000000000002 0.3 0.184375 0.31083333333333335 0.180625 0.3225
0 0.9706250000000001 0.15833333333333333 0.9950000000000001 0.15833333333333333 0.999375 0.15583333333333332 0.999375 0.1125 0.99 0.11583333333333332 0.9737500000000001 0.12666666666666665 0.9493750000000001 0.14750000000000002 0.9493750000000001 0.15166666666666667 0.9706250000000001 0.15833333333333333
0 0.9200000000000002 0.05416666666666666 0.93625 0.04666666666666667 0.938125 0.043333333333333335 0.92125 0.04 0.9168750000000001 0.04583333333333333 0.91625 0.05416666666666666 0.9200000000000002 0.05416666666666666
0 0.6675000000000001 0.1375 0.700625 0.13583333333333333 0.7518750000000001 0.13999999999999999 0.75875 0.13666666666666666 0.75875 0.11583333333333332 0.7625 0.10500000000000001 0.75875 0.095 0.758125 0.08499999999999999 0.75 0.08083333333333334 0.6737500000000001 0.0775 0.6637500000000001 0.10916666666666666 0.6637500000000001 0.13333333333333333 0.6675000000000001 0.1375
0 0.346875 0.056666666666666664 0.350625 0.05416666666666666 0.35187500000000005 0.05 0.340625 0.05166666666666666 0.340625 0.05416666666666666 0.346875 0.056666666666666664
0 0.31625000000000003 0.04083333333333333 0.31500000000000006 0.052500000000000005 0.32 0.058333333333333334 0.335 0.05500000000000001 0.338125 0.04 0.33625000000000005 0.035833333333333335 0.33937500000000004 0.03166666666666666 0.344375 0.03 0.35125 0.0325 0.36812500000000004 0.030833333333333334 0.375 0.034166666666666665 0.39437500000000003 0.0325 0.40062500000000006 0.035833333333333335 0.41125 0.03666666666666667 0.43562500000000004 0.03666666666666667 0.43875000000000003 0.0325 0.4325 0.01583333333333333 0.4325 0.003333333333333333 0.42625 0 0.319375 0 0.31812500000000005 0.0025 0.31375000000000003 0.03 0.31625000000000003 0.04083333333333333