0 0.5796875 0.82265625 0.00390625 0.0015625
0 0 0.8105882352941176 0.008368200836820083 0.8117647058823529 0.060669456066945605 0.8141176470588235 0.10878661087866108 0.8105882352941176 0.1527196652719665 0.8152941176470587 0.1631799163179916 0.8117647058823529 0.20502092050209203 0.8188235294117646 0.2615062761506276 0.8094117647058823 0.26569037656903766 0.8176470588235294 0.2845188284518828 0.8211764705882352 0.34728033472803344 0.8247058823529411 0.3807531380753138 0.8235294117647058 0.3953974895397489 0.8211764705882352 0.399581589958159 0.8164705882352941 0.41631799163179917 0.8176470588235294 0.42050209205020916 0.82 0.41422594142259417 0.8235294117647058 0.4456066945606694 0.8235294117647058 0.4560669456066945 0.8141176470588235 0.4623430962343096 0.8211764705882352 0.4686192468619247 0.8176470588235294 0.4728033472803347 0.8235294117647058 0.5334728033472803 0.8247058823529411 0.5418410041841004 0.8176470588235294 0.5481171548117155 0.8188235294117646 0.5481171548117155 0.8235294117647058 0.5564853556485355 0.8235294117647058 0.5585774058577406 0.8188235294117646 0.5732217573221756 0.8152941176470587 0.5774058577405857 0.82 0.5836820083682008 0.8129411764705882 0.5899581589958158 0.82 0.598326359832636 0.8152941176470587 0.602510460251046 0.8211764705882352 0.604602510460251 0.8152941176470587 0.6527196652719665 0.8235294117647058 0.6924686192468619 0.8141176470588235 0.7217573221757322 0.8176470588235294 0.7343096234309623 0.8105882352941176 0.7489539748953975 0.8164705882352941 0.8158995815899581 0.8164705882352941 0.8389121338912133 0.8152941176470587 0.8451882845188283 0.8117647058823529 0.8451882845188283 0.7847058823529411 0.8368200836820083 0.7788235294117647 0.811715481171548 0.7741176470588236 0.811715481171548 0.7517647058823529 0.799163179916318 0.7447058823529412 0.7803347280334727 0.7435294117647059 0.7677824267782427 0.7470588235294118 0.7656903765690377 0.7529411764705882 0.7468619246861924 0.7611764705882352 0.7447698744769874 0.7729411764705882 0.7154811715481172 0.7752941176470588 0.6945606694560669 0.7705882352941177 0.6799163179916318 0.7717647058823529 0.6652719665271967 0.7835294117647058 0.6569037656903765 0.7717647058823529 0.6338912133891214 0.7682352941176471 0.598326359832636 0.7729411764705882 0.5188284518828452 0.7694117647058824 0.50418410041841 0.7741176470588236 0.47907949790794974 0.7741176470588236 0.4581589958158996 0.7658823529411765 0.42677824267782427 0.7717647058823529 0.41213389121338906 0.7705882352941177 0.39748953974895396 0.7647058823529411 0.399581589958159 0.7611764705882352 0.38284518828451886 0.7717647058823529 0.36820083682008364 0.7682352941176471 0.34100418410041844 0.7705882352941177 0.32426778242677823 0.7658823529411765 0.3200836820083682 0.7576470588235293 0.31171548117154807 0.7658823529411765 0.303347280334728 0.7670588235294118 0.299163179916318 0.7588235294117647 0.2928870292887029 0.7670588235294118 0.2824267782426778 0.7682352941176471 0.27824267782426776 0.7576470588235293 0.2615062761506276 0.7670588235294118 0.24476987447698742 0.7670588235294118 0.23849372384937237 0.7647058823529411 0.24058577405857742 0.7552941176470588 0.23430962343096234 0.7588235294117647 0.21548117154811716 0.7576470588235293 0.17573221757322174 0.7635294117647058 0.17154811715481172 0.7529411764705882 0.15481171548117154 0.7611764705882352 0.13389121338912133 0.7552941176470588 0.12133891213389121 0.7576470588235293 0.11297071129707112 0.7494117647058823 0.09414225941422594 0.76 0.07531380753138076 0.7470588235294118 0.058577405857740586 0.7470588235294118 0.03556485355648535 0.7411764705882353 0.008368200836820083 0.7494117647058823 0 0.7811764705882352 0 0.8105882352941176
0 0.046025104602510455 0.8141176470588235 0.1631799163179916 0.8129411764705882 0.200836820083682 0.8188235294117646 0.24686192468619245 0.8141176470588235 0.303347280334728 0.8247058823529411 0.5230125523012552 0.8258823529411764 0.5941422594142259 0.8247058823529411 0.6150627615062761 0.82 0.6485355648535565 0.8247058823529411 0.6882845188284519 0.8164705882352941 0.7928870292887029 0.8176470588235294 0.8305439330543933 0.8164705882352941 0.8451882845188283 0.8117647058823529 0.8430962343096233 0.7823529411764706 0.8326359832635983 0.7776470588235294 0.801255230125523 0.7741176470588236 0.7552301255230125 0.7741176470588236 0.7364016736401673 0.7776470588235294 0.6945606694560669 0.7729411764705882 0.6757322175732218 0.7752941176470588 0.6631799163179916 0.7823529411764706 0.6569037656903765 0.7752941176470588 0.6359832635983264 0.7694117647058824 0.598326359832636 0.7752941176470588 0.5502092050209205 0.7717647058823529 0.5418410041841004 0.7752941176470588 0.47489539748953974 0.7764705882352941 0.403765690376569 0.7717647058823529 0.34309623430962344 0.7741176470588236 0.3263598326359832 0.7694117647058824 0.21966527196652716 0.7705882352941177 0.19874476987447698 0.7670588235294118 0.19246861924686193 0.7729411764705882 0.18828451882845187 0.7682352941176471 0.0815899581589958 0.7682352941176471 0.06485355648535565 0.7635294117647058 0.05439330543933054 0.7670588235294118 0.010460251046025104 0.7658823529411765 0.0041841004184100415 0.7694117647058824 0 0.8094117647058823 0.046025104602510455 0.8141176470588235
0 0 0.9211764705882353 0.23221757322175735 0.9176470588235294 0.29707112970711297 0.9258823529411764 0.41004184100418406 0.9223529411764705 0.6192468619246861 0.9235294117647058 0.6736401673640167 0.9129411764705881 0.7426778242677824 0.9117647058823529 0.7615062761506276 0.9152941176470588 0.7782426778242677 0.9117647058823529 0.9184100418410042 0.9094117647058824 0.905857740585774 0.8776470588235293 0.901673640167364 0.831764705882353 0.897489539748954 0.8258823529411764 0.8786610878661086 0.8188235294117646 0.7426778242677824 0.82 0.7384937238493723 0.8235294117647058 0.6861924686192469 0.82 0.6548117154811715 0.8270588235294116 0.610878661087866 0.8235294117647058 0.5857740585774058 0.8294117647058824 0.33682008368200833 0.828235294117647 0.24267782426778242 0.82 0.19874476987447698 0.8223529411764705 0.12343096234309622 0.8152941176470587 0.006276150627615063 0.82 0 0.8235294117647058 0 0.9211764705882353
0 0.07740585774058577 0.7411764705882353 0.08577405857740586 0.7364705882352941 0.0899581589958159 0.7411764705882353 0.09832635983263598 0.7376470588235293 0.10669456066945607 0.74 0.10251046025104602 0.7305882352941176 0.08786610878661087 0.7305882352941176 0.07531380753138076 0.7388235294117647 0.0711297071129707 0.7376470588235293 0.06903765690376569 0.74 0.07740585774058577 0.7411764705882353
0 0.084375 0.7265625 0.00234375 0.0015625
0 0.11171875 0.7265625 0.00234375 0.00390625
0 0.03556485355648535 0.7164705882352942 0.029288702928870293 0.72 0.03556485355648535 0.7223529411764706 0.03138075313807531 0.7247058823529412 0.043933054393305436 0.7341176470588235 0.05648535564853556 0.7341176470588235 0.03765690376569038 0.7211764705882353 0.03765690376569038 0.7141176470588235 0.0502092050209205 0.7094117647058823 0.05648535564853556 0.6952941176470588 0.02719665271966527 0.6952941176470588 0.02510460251046025 0.7094117647058823 0.03556485355648535 0.7164705882352942
0 0.07740585774058577 0.6870588235294117 0.07531380753138076 0.6905882352941177 0.07322175732217573 0.6964705882352942 0.07740585774058577 0.6870588235294117
0 0.75234375 0.37578125 0.00625 0.0015625
0 0.79609375 0.328125 0.00234375 0.00234375
0 0.7719665271966527 0.3235294117647059 0.7782426778242677 0.3247058823529412 0.7782426778242677 0.3164705882352941 0.7719665271966527 0.3176470588235294 0.7719665271966527 0.3235294117647059
0 0.12343096234309622 0.6588235294117647 0.13807531380753138 0.6658823529411765 0.13807531380753138 0.6717647058823529 0.12552301255230125 0.6788235294117647 0.11297071129707112 0.668235294117647 0.09205020920502091 0.668235294117647 0.0794979079497908 0.6835294117647058 0.10878661087866108 0.6882352941176471 0.10669456066945607 0.691764705882353 0.11506276150627615 0.6964705882352942 0.10460251046025104 0.6988235294117647 0.10460251046025104 0.7023529411764706 0.12133891213389121 0.7047058823529412 0.1317991631799163 0.7 0.13807531380753138 0.7047058823529412 0.13807531380753138 0.7129411764705882 0.12761506276150628 0.7164705882352942 0.12552301255230125 0.7282352941176471 0.11506276150627615 0.7376470588235293 0.1317991631799163 0.7341176470588235 0.1317991631799163 0.7435294117647059 0.14644351464435146 0.7482352941176471 0.17782426778242677 0.7458823529411764 0.18828451882845187 0.7388235294117647 0.2301255230125523 0.7482352941176471 0.2719665271966527 0.7423529411764707 0.2866108786610878 0.7529411764705882 0.3200836820083682 0.7529411764705882 0.33263598326359833 0.7435294117647059 0.3514644351464435 0.7517647058823529 0.3723849372384937 0.7552941176470588 0.41631799163179917 0.7517647058823529 0.4351464435146443 0.7635294117647058 0.4581589958158996 0.7635294117647058 0.4728033472803347 0.7552941176470588 0.4937238493723849 0.7658823529411765 0.5 0.7623529411764706 0.502092050209205 0.7647058823529411 0.5125523012552301 0.7529411764705882 0.5418410041841004 0.7517647058823529 0.5460251046025104 0.76 0.5585774058577406 0.7658823529411765 0.600418410041841 0.7658823529411765 0.606694560669456 0.7552941176470588 0.6234309623430961 0.7623529411764706 0.6443514644351465 0.7647058823529411 0.7364016736401673 0.7647058823529411 0.7510460251046025 0.7423529411764707 0.7698744769874477 0.7364705882352941 0.7782426778242677 0.7235294117647059 0.811715481171548 0.6294117647058823 0.8138075313807531 0.5835294117647059 0.799163179916318 0.5576470588235294 0.8138075313807531 0.5411764705882354 0.7949790794979079 0.5141176470588235 0.805439330543933 0.5105882352941176 0.8305439330543933 0.5176470588235295 0.8389121338912133 0.5094117647058823 0.8556485355648535 0.4576470588235294 0.8514644351464435 0.45294117647058824 0.8556485355648535 0.4470588235294118 0.8682008368200836 0.4435294117647059 0.8619246861924686 0.44117647058823534 0.8723849372384936 0.43647058823529405 0.8849372384937239 0.4023529411764706 0.903765690376569 0.3317647058823529 0.903765690376569 0.3 0.8891213389121339 0.2941176470588235 0.8723849372384936 0.2952941176470588 0.8221757322175731 0.2823529411764706 0.799163179916318 0.28117647058823525 0.7928870292887029 0.2858823529411765 0.7887029288702928 0.28117647058823525 0.7740585774058577 0.2823529411764706 0.7740585774058577 0.2788235294117647 0.7510460251046025 0.2752941176470588 0.7280334728033473 0.2752941176470588 0.7238493723849372 0.2788235294117647 0.7154811715481172 0.27294117647058824 0.6673640167364017 0.27176470588235296 0.6589958158995816 0.268235294117647 0.6380753138075314 0.2741176470588235 0.6401673640167364 0.268235294117647 0.6234309623430961 0.26588235294117646 0.6150627615062761 0.268235294117647 0.610878661087866 0.2647058823529412 0.5878661087866108 0.26588235294117646 0.5774058577405857 0.26235294117647057 0.47907949790794974 0.25764705882352945 0.4644351464435147 0.2541176470588235 0.4309623430962343 0.2541176470588235 0.41213389121338906 0.26 0.399581589958159 0.25058823529411767 0.3723849372384937 0.24941176470588236 0.37447698744769875 0.2611764705882353 0.34518828451882844 0.25764705882352945 0.3263598326359832 0.2611764705882353 0.30962343096234307 0.25764705882352945 0.2949790794979079 0.26588235294117646 0.2907949790794979 0.2788235294117647 0.2845188284518828 0.2823529411764706 0.27824267782426776 0.2752941176470588 0.2573221757322176 0.28941176470588237 0.2573221757322176 0.3023529411764706 0.2719665271966527 0.31529411764705884 0.26778242677824265 0.32 0.24686192468619245 0.3070588235294117 0.20502092050209203 0.32941176470588235 0.22384937238493724 0.34705882352941175 0.22803347280334724 0.3588235294117647 0.21966527196652716 0.3623529411764706 0.23221757322175735 0.36470588235294116 0.23430962343096234 0.3764705882352941 0.22803347280334724 0.4 0.20711297071129708 0.42470588235294116 0.21548117154811716 0.4376470588235294 0.20920502092050208 0.44000000000000006 0.19874476987447698 0.43176470588235294 0.18410041841004182 0.4329411764705882 0.18828451882845187 0.46411764705882347 0.19456066945606693 0.46941176470588236 0.18828451882845187 0.47058823529411764 0.19456066945606693 0.48 0.18828451882845187 0.5105882352941176 0.21129707112970708 0.5411764705882354 0.202928870292887 0.5764705882352941 0.17782426778242677 0.5964705882352941 0.1799163179916318 0.6047058823529412 0.17364016736401672 0.6070588235294118 0.15481171548117154 0.5988235294117648 0.11297071129707112 0.5941176470588235 0.10460251046025104 0.608235294117647 0.1108786610878661 0.6235294117647059 0.09832635983263598 0.628235294117647 0.09414225941422594 0.6364705882352941 0.09414225941422594 0.6576470588235294 0.12343096234309622 0.6588235294117647
0 0.3546875 0.25 0.00234375 0.00390625
0 0 0.9694117647058823 0.008368200836820083 0.9941176470588236 0.01882845188284519 0.9988235294117647 0.03138075313807531 0.9988235294117647 0.03556485355648535 0.9952941176470589 0.13598326359832635 0.9941176470588236 0.14435146443514643 0.9988235294117647 0.17364016736401672 0.9988235294117647 0.17782426778242677 0.9952941176470589 0.2217573221757322 0.9952941176470589 0.22803347280334724 0.9988235294117647 0.299163179916318 0.9988235294117647 0.31171548117154807 0.9952941176470589 0.32426778242677823 0.9988235294117647 0.3598326359832636 0.9988235294117647 0.37029288702928864 0.9952941176470589 0.399581589958159 0.9988235294117647 0.41422594142259417 0.9952941176470589 0.4393305439330543 0.9988235294117647 0.48744769874476984 0.9941176470588236 0.5418410041841004 0.9941176470588236 0.5543933054393305 0.9988235294117647 0.5732217573221756 0.9988235294117647 0.5794979079497907 0.9952941176470589 0.6380753138075314 0.9988235294117647 0.6506276150627615 0.9941176470588236 0.6673640167364017 0.9941176470588236 0.6715481171548117 0.9988235294117647 0.7531380753138075 0.9988235294117647 0.7615062761506276 0.9952941176470589 0.8263598326359831 0.9941176470588236 0.8430962343096233 0.9988235294117647 0.9351464435146444 0.9964705882352941 0.9163179916317992 0.9564705882352941 0.9163179916317992 0.9388235294117647 0.9246861924686192 0.9329411764705883 0.9267782426778242 0.9188235294117646 0.9142259414225942 0.9141176470588235 0.7761506276150627 0.9141176470588235 0.7635983263598326 0.9176470588235294 0.7384937238493723 0.9141176470588235 0.705020920502092 0.9176470588235294 0.6945606694560669 0.9141176470588235 0.6715481171548117 0.9152941176470588 0.6359832635983264 0.924705882352941 0.4351464435146443 0.924705882352941 0.4309623430962343 0.9282352941176469 0.41004184100418406 0.924705882352941 0.3514644351464435 0.9270588235294117 0.34518828451882844 0.9305882352941177 0.24476987447698742 0.9223529411764705 0.23430962343096234 0.924705882352941 0.21548117154811716 0.9188235294117646 0.200836820083682 0.9188235294117646 0.18410041841004182 0.924705882352941 0.1506276150627615 0.924705882352941 0.14644351464435146 0.9211764705882353 0.10878661087866108 0.924705882352941 0.058577405857740586 0.9211764705882353 0.02719665271966527 0.9258823529411764 0.006276150627615063 0.9235294117647058 0 0.924705882352941 0 0.9694117647058823
0 0.3734375 0.9078125 0.00234375 0.0015625
0 0.17782426778242677 0.9070588235294117 0.17364016736401672 0.9023529411764706 0.17154811715481172 0.9070588235294117 0.17782426778242677 0.9070588235294117
0 0.1903765690376569 0.9 0.18200836820083682 0.8988235294117647 0.18619246861924685 0.9023529411764706 0.1903765690376569 0.9
0 0.72109375 0.53125 0.00234375 0.00390625
0 0.6953125 0.51796875 0.00234375 0.0015625
0 0.55546875 0.51796875 0.00234375 0.0015625
0 0.6882845188284519 0.5164705882352941 0.6882845188284519 0.5117647058823529 0.6820083682008369 0.5117647058823529 0.6882845188284519 0.5164705882352941
0 0.5836820083682008 0.5105882352941176 0.5774058577405857 0.5105882352941176 0.5794979079497907 0.5164705882352941 0.5836820083682008 0.5105882352941176
0 0.48117154811715485 0.508235294117647 0.4707112970711297 0.508235294117647 0.4686192468619247 0.5129411764705882 0.48117154811715485 0.508235294117647
0 0.5836820083682008 0.49764705882352944 0.5794979079497907 0.4988235294117647 0.5815899581589958 0.5047058823529411 0.5836820083682008 0.49764705882352944
0 0.6799163179916318 0.5 0.6694560669456067 0.49764705882352944 0.6715481171548117 0.5105882352941176 0.6799163179916318 0.5
0 0.6401673640167364 0.5505882352941176 0.700836820083682 0.5305882352941176 0.698744769874477 0.5258823529411765 0.6861924686192469 0.528235294117647 0.6799163179916318 0.5223529411764706 0.6631799163179916 0.5211764705882354 0.6464435146443515 0.49411764705882355 0.6443514644351465 0.5011764705882353 0.6192468619246861 0.5152941176470589 0.5753138075313807 0.5235294117647059 0.6150627615062761 0.5447058823529412 0.6401673640167364 0.5505882352941176
0 0.34518828451882844 0.4988235294117647 0.34100418410041844 0.49294117647058827 0.3389121338912134 0.49764705882352944 0.34518828451882844 0.4988235294117647
0 0.36610878661087864 0.5117647058823529 0.35564853556485354 0.5047058823529411 0.3535564853556485 0.508235294117647 0.33682008368200833 0.5047058823529411 0.35564853556485354 0.5294117647058824 0.36820083682008364 0.5294117647058824 0.3953974895397489 0.5141176470588235 0.38912133891213385 0.5011764705882353 0.37447698744769875 0.491764705882353 0.3723849372384937 0.5070588235294118 0.36610878661087864 0.5117647058823529
0 0.21129707112970708 0.5211764705882354 0.2301255230125523 0.5188235294117647 0.23640167364016734 0.5035294117647059 0.22594142259414224 0.5047058823529411 0.20920502092050208 0.49058823529411766 0.19874476987447698 0.4988235294117647 0.200836820083682 0.5152941176470589 0.21129707112970708 0.5211764705882354
0 0.48326359832635984 0.5164705882352941 0.4581589958158996 0.5176470588235295 0.4707112970711297 0.5211764705882354 0.4728033472803347 0.528235294117647 0.48117154811715485 0.5294117647058824 0.48326359832635984 0.536470588235294 0.4916317991631799 0.54 0.5209205020920502 0.5329411764705883 0.5271966527196652 0.5258823529411765 0.5209205020920502 0.5235294117647059 0.5209205020920502 0.517255294117647 0.5125523012552301 0.5211764705882354 0.506276150627615 0.5129411764705882 0.5209205020920502 0.51098 0.5119415358413747 0.4955517169421967 0.50418410041841 0.4988235294117647 0.5 0.49411764705882355 0.48535564853556484 0.5070588235294118 0.48326359832635984 0.5164705882352941
0 0.6765625 0.4890625 0.00234375 0.00234375
0 0.41004184100418406 0.491764705882353 0.41631799163179917 0.4835294117647059 0.41004184100418406 0.48470588235294115 0.41004184100418406 0.491764705882353
0 0.598326359832636 0.4835294117647059 0.5920502092050209 0.48470588235294115 0.5920502092050209 0.491764705882353 0.598326359832636 0.4835294117647059
0 0.37029288702928864 0.4835294117647059 0.37029288702928864 0.4776470588235294 0.3619246861924686 0.4776470588235294 0.3598326359832636 0.48470588235294115 0.37029288702928864 0.4835294117647059
0 0.3859375 0.478125 0.00234375 0.00390625
0 0.403765690376569 0.471764705882353 0.39748953974895396 0.4682352941176471 0.3953974895397489 0.48 0.403765690376569 0.471764705882353
0 0.4560669456066945 0.4752941176470588 0.4560669456066945 0.4894117647058824 0.4644351464435147 0.4835294117647059 0.4539748953974895 0.4658823529411765 0.4602510460251046 0.45999999999999996 0.4665271966527197 0.4623529411764705 0.4707112970711297 0.4588235294117647 0.4665271966527197 0.4541176470588235 0.44142259414225943 0.4552941176470588 0.44142259414225943 0.4670588235294118 0.4560669456066945 0.4752941176470588
0 0.19765625 0.3578125 0.00234375 0.00234375
0 0.3921875 0.3 0.00234375 0.00234375
0 0.200836820083682 0.32823529411764707 0.200836820083682 0.3341176470588235 0.2217573221757322 0.3458823529411765 0.23640167364016734 0.36823529411764705 0.22803347280334724 0.4011764705882353 0.20920502092050208 0.42705882352941177 0.2301255230125523 0.45294117647058824 0.2531380753138075 0.4352941176470588 0.29707112970711297 0.42470588235294116 0.3263598326359832 0.42823529411764705 0.33682008368200833 0.4329411764705882 0.37029288702928864 0.46117647058823524 0.36610878661087864 0.471764705882353 0.3723849372384937 0.47058823529411764 0.3723849372384937 0.45999999999999996 0.42887029288702927 0.4352941176470588 0.4581589958158996 0.4352941176470588 0.4665271966527197 0.44117647058823534 0.48326359832635984 0.4423529411764706 0.5146443514644352 0.471764705882353 0.5523012552301255 0.4505882352941176 0.5878661087866108 0.4435294117647059 0.608786610878661 0.4458823529411765 0.6317991631799164 0.4564705882352941 0.6569037656903765 0.4788235294117647 0.700836820083682 0.4588235294117647 0.7447698744769874 0.4588235294117647 0.7719665271966527 0.46941176470588236 0.7887029288702928 0.48588235294117643 0.7887029288702928 0.5105882352941176 0.7677824267782427 0.5247058823529411 0.7656903765690377 0.5317647058823529 0.7468619246861924 0.5317647058823529 0.7364016736401673 0.5247058823529411 0.7280334728033473 0.5294117647058824 0.7259414225941423 0.5388235294117647 0.7447698744769874 0.5435294117647059 0.7677824267782427 0.5599999999999999 0.801255230125523 0.5552941176470588 0.8138075313807531 0.5423529411764706 0.807531380753138 0.5329411764705883 0.8326359832635983 0.528235294117647 0.8284518828451883 0.5223529411764706 0.8410041841004183 0.5117647058823529 0.8535564853556485 0.46352941176470586 0.8682008368200836 0.45294117647058824 0.8807531380753139 0.42470588235294116 0.910041841004184 0.32 0.910041841004184 0.3023529411764706 0.903765690376569 0.29647058823529415 0.8661087866108786 0.2917647058823529 0.8451882845188283 0.2835294117647059 0.7719665271966527 0.2752941176470588 0.33472803347280333 0.2447058823529412 0.33263598326359833 0.2529411764705882 0.3493723849372385 0.2529411764705882 0.3619246861924686 0.2647058823529412 0.37029288702928864 0.2611764705882353 0.38284518828451886 0.268235294117647 0.39748953974895396 0.28941176470588237 0.3953974895397489 0.3094117647058824 0.38912133891213385 0.30588235294117644 0.37447698744769875 0.32 0.36820083682008364 0.3164705882352941 0.36610878661087864 0.33294117647058824 0.3305439330543933 0.33999999999999997 0.2949790794979079 0.33529411764705885 0.2510460251046025 0.3094117647058824 0.24686192468619245 0.2988235294117647 0.24058577405857742 0.31058823529411766 0.200836820083682 0.32823529411764707
0 0.03125 0.99375 0.00390625 0.0015625
0 0.008368200836820083 0.9870588235294118 0.023012552301255228 0.9811764705882353 0.03556485355648535 0.983529411764706 0.03765690376569038 0.9941176470588236 0.060669456066945605 0.9952941176470589 0.06903765690376569 0.9905882352941177 0.0794979079497908 0.9941176470588236 0.0794979079497908 0.9905882352941177 0.08577405857740586 0.9905882352941177 0.0899581589958159 0.9941176470588236 0.09832635983263598 0.991764705882353 0.12552301255230125 0.9952941176470589 0.1401673640167364 0.9894117647058824 0.1422594142259414 0.9941176470588236 0.16527196652719664 0.9964705882352941 0.17782426778242677 0.9941176470588236 0.17573221757322174 0.9905882352941177 0.18200836820083682 0.9882352941176471 0.200836820083682 0.9870588235294118 0.20502092050209203 0.9941176470588236 0.28870292887029286 0.9988235294117647 0.3200836820083682 0.9905882352941177 0.32217573221757323 0.9941176470588236 0.33682008368200833 0.9952941176470589 0.38912133891213385 0.9952941176470589 0.3953974895397489 0.991764705882353 0.40794979079497906 0.9952941176470589 0.4686192468619247 0.9941176470588236 0.48744769874476984 0.991764705882353 0.5083682008368201 0.983529411764706 0.5167364016736402 0.9882352941176471 0.5167364016736402 0.9941176470588236 0.5251046025104602 0.9882352941176471 0.5397489539748953 0.9894117647058824 0.5460251046025104 0.9941176470588236 0.5397489539748953 0.9882352941176471 0.5460251046025104 0.9858823529411765 0.5669456066945606 0.9952941176470589 0.5774058577405857 0.9952941176470589 0.5815899581589958 0.9905882352941177 0.602510460251046 0.9952941176470589 0.6359832635983264 0.9952941176470589 0.6652719665271967 0.9894117647058824 0.6715481171548117 0.9952941176470589 0.6903765690376569 0.9988235294117647 0.700836820083682 0.9988235294117647 0.7092050209205021 0.9941176470588236 0.7405857740585773 0.9988235294117647 0.7573221757322175 0.9929411764705882 0.8242677824267781 0.9941176470588236 0.8200836820083681 0.991764705882353 0.8326359832635983 0.9823529411764707 0.8389121338912133 0.9929411764705882 0.8577405857740585 0.9964705882352941 0.897489539748954 0.9952941176470589 0.9142259414225942 0.9988235294117647 0.9267782426778242 0.9941176470588236 0.9142259414225942 0.9552941176470588 0.9142259414225942 0.9423529411764706 0.9267782426778242 0.9282352941176469 0.9267782426778242 0.9176470588235294 0.9163179916317992 0.9105882352941176 0.905857740585774 0.8847058823529412 0.897489539748954 0.8305882352941177 0.8786610878661086 0.82 0.7447698744769874 0.8211764705882352 0.7405857740585773 0.8294117647058824 0.7280334728033473 0.8235294117647058 0.7196652719665272 0.828235294117647 0.7154811715481172 0.8223529411764705 0.700836820083682 0.82 0.6610878661087866 0.828235294117647 0.6359832635983264 0.8294117647058824 0.6150627615062761 0.8247058823529411 0.600418410041841 0.8305882352941177 0.5836820083682008 0.831764705882353 0.3179916317991632 0.8294117647058824 0.2573221757322176 0.8211764705882352 0.18828451882845187 0.8235294117647058 0.13389121338912133 0.8164705882352941 0.0041841004184100415 0.8223529411764705 0 0.968235294117647 0.008368200836820083 0.9870588235294118