0 0.0225 0.9875 0.025625000000000002 0.9908333333333333 0.026875 0.9991666666666668 0.03375 0.9991666666666668 0.035625000000000004 0.9941666666666666 0.029375000000000002 0.9908333333333333 0.03125 0.9883333333333333 0.030625000000000003 0.9833333333333334 0.034375 0.9808333333333333 0.033125 0.9733333333333333 0.028750000000000005 0.9775 0.021875 0.9724999999999999 0.02375 0.9766666666666666 0.0225 0.9875
0 0.068125 0.9949999999999999 0.07125000000000001 0.9991666666666668 0.12625000000000003 0.9991666666666668 0.13 0.9833333333333334 0.13875 0.9716666666666667 0.140625 0.9658333333333333 0.14 0.9591666666666667 0.14375 0.9574999999999999 0.14375 0.9425000000000001 0.138125 0.9525 0.110625 0.9800000000000001 0.07062500000000001 0.9775 0.071875 0.9841666666666666 0.068125 0.9949999999999999
0 0.9850000000000001 0.27166666666666667 0.9887500000000001 0.2758333333333333 0.9868750000000001 0.2791666666666667 0.990625 0.28250000000000003 0.9943750000000001 0.2816666666666666 0.9962500000000001 0.2733333333333333 0.9943750000000001 0.26666666666666666 0.9912500000000002 0.2658333333333333 0.9868750000000001 0.25666666666666665 0.9825000000000002 0.25666666666666665 0.9818750000000002 0.26166666666666666 0.9850000000000001 0.27166666666666667
0 0.89625 0.21583333333333332 0.8956250000000001 0.23500000000000001 0.890625 0.24416666666666664 0.89375 0.24666666666666667 0.9075000000000001 0.24583333333333335 0.911875 0.25 0.91625 0.24083333333333332 0.92125 0.23666666666666666 0.9268750000000001 0.2375 0.92875 0.24166666666666664 0.928125 0.23833333333333334 0.931875 0.23583333333333334 0.9400000000000001 0.23833333333333334 0.9506249999999999 0.2341666666666667 0.959375 0.23500000000000001 0.9631250000000001 0.24083333333333332 0.9675 0.23916666666666667 0.9693750000000001 0.24083333333333332 0.968125 0.24416666666666664 0.9737500000000001 0.2533333333333333 0.9806250000000001 0.2525 0.98375 0.24833333333333335 0.9856250000000001 0.2375 0.9925 0.2308333333333333 0.9943750000000001 0.225 0.9956250000000001 0.12583333333333332 0.999375 0.12333333333333334 0.999375 0.10333333333333332 0.9943750000000001 0.09666666666666666 0.9668750000000002 0.09916666666666667 0.9581250000000001 0.10500000000000001 0.95375 0.12 0.94625 0.12833333333333333 0.9400000000000001 0.12416666666666668 0.9243750000000001 0.12416666666666668 0.9112500000000001 0.12833333333333333 0.899375 0.155 0.8868750000000001 0.19333333333333333 0.885 0.20750000000000002 0.89625 0.21583333333333332
0 0.9975000000000002 0.095 0.999375 0.095 0.999375 0.09166666666666666 0.9956250000000001 0.09166666666666666 0.9975000000000002 0.095
0 0.7925000000000001 0.7966666666666666 0.7925000000000001 0.8099999999999999 0.7993750000000001 0.8175000000000001 0.806875 0.85 0.811875 0.8566666666666667 0.83375 0.9108333333333333 0.83375 0.9266666666666665 0.8318749999999999 0.9341666666666667 0.8243750000000001 0.9400000000000001 0.813125 0.9408333333333333 0.8075000000000001 0.9475 0.805625 0.975 0.806875 0.9808333333333333 0.8143750000000001 0.9816666666666667 0.8162499999999999 0.9841666666666666 0.8150000000000001 0.9958333333333333 0.8325000000000001 0.9941666666666666 0.835 0.9908333333333333 0.83625 0.9941666666666666 0.834375 0.9866666666666667 0.838125 0.9875 0.8375 0.9833333333333334 0.8412499999999999 0.9824999999999999 0.8462500000000001 0.9891666666666665 0.8474999999999999 0.9949999999999999 0.85875 0.9958333333333333 0.8618750000000001 0.9908333333333333 0.8675 0.9925 0.8768750000000001 0.9891666666666665 0.8762500000000001 0.9941666666666666 0.9018750000000001 0.9966666666666667 0.9112500000000001 0.9941666666666666 0.9125 0.9866666666666667 0.915625 0.9866666666666667 0.9175000000000001 0.9908333333333333 0.92125 0.9908333333333333 0.9237500000000001 0.9949999999999999 0.946875 0.9958333333333333 0.9575000000000001 0.9991666666666668 0.9650000000000001 0.9991666666666668 0.9693750000000001 0.9958333333333333 0.9956250000000001 0.9941666666666666 0.996875 0.9833333333333334 0.999375 0.9808333333333333 0.999375 0.9275 0.9956250000000001 0.925 0.996875 0.9216666666666666 0.993125 0.9141666666666666 0.9943750000000001 0.9091666666666667 0.99 0.9075 0.9925 0.9041666666666666 0.9893750000000001 0.8983333333333332 0.993125 0.89 0.9893750000000001 0.8841666666666667 0.993125 0.8766666666666666 0.99 0.8699999999999999 0.9943750000000001 0.8675 0.9956250000000001 0.8625 0.9912500000000002 0.8558333333333333 0.9943750000000001 0.8525 0.9925 0.8491666666666667 0.9950000000000001 0.8400000000000001 0.99375 0.8233333333333333 0.9975000000000002 0.805 0.999375 0.8041666666666666 0.999375 0.795 0.996875 0.7925 0.996875 0.7766666666666666 0.99375 0.7649999999999999 0.9600000000000002 0.7625 0.95375 0.7641666666666667 0.944375 0.7725 0.9356250000000002 0.7899999999999999 0.9331250000000001 0.7883333333333333 0.931875 0.7808333333333334 0.9325000000000001 0.7849999999999999 0.921875 0.7849999999999999 0.9181250000000001 0.7899999999999999 0.915 0.7891666666666667 0.9137500000000001 0.7933333333333333 0.9037499999999999 0.7916666666666667 0.9012500000000001 0.775 0.890625 0.7625 0.8768750000000001 0.7641666666666667 0.8712500000000001 0.7683333333333333 0.868125 0.7683333333333333 0.86625 0.7649999999999999 0.859375 0.7649999999999999 0.843125 0.7791666666666667 0.843125 0.7825 0.83625 0.7883333333333333 0.8243750000000001 0.7875 0.820625 0.7825 0.8175000000000001 0.7833333333333333 0.806875 0.7783333333333333 0.8 0.7841666666666667 0.7931250000000001 0.7858333333333334 0.79 0.7891666666666667 0.7925000000000001 0.7966666666666666
0 0.028750000000000005 0.17083333333333334 0.025625000000000002 0.16583333333333333 0.025 0.17083333333333334 0.028750000000000005 0.17083333333333334
0 0 0.035833333333333335 0 0.04583333333333333 0.0018750000000000004 0.04666666666666667 0.005 0.065 0.005 0.07166666666666667 0 0.08166666666666667 0.0018750000000000004 0.08333333333333334 0 0.08583333333333333 0 0.14250000000000002 0.01 0.14666666666666667 0.00625 0.15083333333333332 0.011875 0.15416666666666667 0.015625 0.15166666666666667 0.025 0.15916666666666665 0.030000000000000006 0.15833333333333333 0.0325 0.155 0.0375 0.16083333333333333 0.036250000000000004 0.17166666666666666 0.043125000000000004 0.17666666666666667 0.05 0.17416666666666666 0.058750000000000004 0.175 0.059375 0.16666666666666669 0.068125 0.17166666666666666 0.07125000000000001 0.17666666666666667 0.0775 0.17666666666666667 0.084375 0.1675 0.09187500000000001 0.16499999999999998 0.09437500000000001 0.1575 0.10625 0.16833333333333333 0.11625 0.16666666666666669 0.11750000000000001 0.17166666666666666 0.13562500000000002 0.1675 0.134375 0.13666666666666666 0.13625 0.12250000000000001 0.135 0.11666666666666667 0.13125 0.1125 0.1325 0.0975 0.12687500000000002 0.08 0.11875 0.06666666666666667 0.095625 0.058333333333333334 0.09187500000000001 0.06166666666666667 0.085625 0.042499999999999996 0.07562500000000001 0.024166666666666666 0.0675 0.016666666666666666 0.048125 0.020833333333333336 0.035625000000000004 0.018333333333333333 0.021875 0.01 0.0075000000000000015 0.018333333333333333 0.004375 0.0225 0.0025 0.034166666666666665 0 0.035833333333333335
0 0.826875 0.5016666666666667 0.8243750000000001 0.5058333333333334 0.8243750000000001 0.5141666666666667 0.8306250000000001 0.5475 0.838125 0.5583333333333333 0.8543750000000001 0.5733333333333334 0.8625 0.5858333333333333 0.8618750000000001 0.5958333333333333 0.858125 0.6033333333333333 0.85 0.6075 0.8418750000000002 0.6075 0.8356250000000001 0.6158333333333333 0.836875 0.6266666666666667 0.8318749999999999 0.6591666666666667 0.8318749999999999 0.6733333333333333 0.835 0.7108333333333333 0.8418750000000002 0.7366666666666666 0.8525 0.7533333333333333 0.8643750000000001 0.7583333333333333 0.99 0.7566666666666666 0.993125 0.745 0.999375 0.7366666666666666 0.999375 0.6933333333333334 0.9975000000000002 0.6925 0.9962500000000001 0.6783333333333333 0.9962500000000001 0.6641666666666667 0.999375 0.6625 0.999375 0.6475 0.996875 0.6466666666666667 0.9956250000000001 0.6416666666666667 0.996875 0.6125 0.99375 0.6066666666666667 0.9950000000000001 0.5974999999999999 0.999375 0.5916666666666667 0.999375 0.5733333333333334 0.9956250000000001 0.5666666666666667 0.9956250000000001 0.5599999999999999 0.999375 0.5575 0.999375 0.545 0.996875 0.54 0.999375 0.5366666666666666 0.9975000000000002 0.5341666666666667 0.999375 0.5308333333333334 0.999375 0.5191666666666667 0.9950000000000001 0.5116666666666666 0.9943750000000001 0.4683333333333334 0.9962500000000001 0.44416666666666665 0.999375 0.44000000000000006 0.999375 0.4341666666666667 0.9875 0.42416666666666664 0.9793750000000001 0.43583333333333335 0.9731250000000001 0.45166666666666666 0.95875 0.4575 0.94625 0.45499999999999996 0.9340625000000001 0.45666666666666667 0.928125 0.4416666666666667 0.9175000000000001 0.4458333333333333 0.8925000000000001 0.4408333333333333 0.8793750000000001 0.44333333333333336 0.8762500000000001 0.43916666666666665 0.865625 0.4375 0.850625 0.44000000000000006 0.840625 0.44666666666666666 0.8256249999999999 0.4841666666666667 0.8243750000000001 0.49083333333333334 0.826875 0.5016666666666667
0 0.07421875 0.9984375 0.0015625 0.00078125
0 0.081875 0.9991666666666668 0.12625000000000003 0.9991666666666668 0.13 0.9841666666666666 0.13875 0.9733333333333333 0.140625 0.9666666666666666 0.139375 0.9591666666666667 0.14375 0.9583333333333334 0.14375 0.9533333333333334 0.140625 0.95 0.110625 0.9808333333333333 0.08625000000000001 0.9808333333333333 0.08625000000000001 0.9891666666666665 0.081875 0.9991666666666668
0 0.043125000000000004 0.25083333333333335 0.045 0.24666666666666667 0.03875 0.2475 0.03937500000000001 0.25 0.043125000000000004 0.25083333333333335
0 0 0.03833333333333333 0 0.04583333333333333 0.0037500000000000007 0.05333333333333333 0.005 0.06583333333333333 0.003125 0.07833333333333334 0 0.08333333333333334 0 0.18916666666666665 0.003125 0.19166666666666668 0.00625 0.20916666666666667 0.010625 0.215 0.018125000000000002 0.21833333333333332 0.03375 0.21833333333333332 0.05 0.2225 0.058750000000000004 0.2 0.06312500000000001 0.19416666666666665 0.071875 0.19083333333333333 0.078125 0.19583333333333333 0.08875000000000001 0.195 0.095625 0.19833333333333333 0.09875 0.20249999999999999 0.103125 0.21749999999999997 0.11937500000000001 0.21583333333333332 0.12250000000000001 0.22000000000000003 0.12625000000000003 0.21916666666666665 0.13 0.22583333333333333 0.13375 0.225 0.14 0.2125 0.13562500000000002 0.21166666666666667 0.133125 0.205 0.11750000000000001 0.19916666666666666 0.113125 0.18833333333333332 0.11750000000000001 0.17583333333333334 0.13687500000000002 0.17166666666666666 0.140625 0.1675 0.13875 0.1575 0.13625 0.155 0.13562500000000002 0.13 0.1375 0.11916666666666667 0.1325 0.09583333333333334 0.12312500000000001 0.07333333333333333 0.115625 0.06583333333333333 0.09875 0.0625 0.09187500000000001 0.06416666666666666 0.078125 0.030833333333333334 0.07250000000000001 0.021666666666666667 0.0675 0.018333333333333333 0.0475 0.021666666666666667 0.035 0.019166666666666665 0.026250000000000002 0.0125 0.02125 0.011666666666666667 0.008125 0.019166666666666665 0.003125 0.026666666666666665 0.0018750000000000004 0.0375 0 0.03833333333333333
0 0 0.5033333333333333 0.07562500000000001 0.5191666666666667 0.099375 0.5216666666666667 0.10500000000000001 0.525 0.1125 0.5233333333333333 0.115625 0.5266666666666666 0.12375 0.52 0.144375 0.5116666666666666 0.15250000000000002 0.505 0.18937500000000002 0.4875 0.1875 0.44333333333333336 0.183125 0.43499999999999994 0.181875 0.425 0.16625 0.38333333333333336 0.16687500000000002 0.3625 0.164375 0.3575 0.10875000000000001 0.3575 0.038125000000000006 0.345 0.02 0.3458333333333333 0.008125 0.3433333333333333 0 0.3433333333333333 0 0.5033333333333333
0 0.00078125 0.33828125 0.0015625 0.00078125
0 0.14875 0.37333333333333335 0.14500000000000002 0.3716666666666667 0.14375 0.37333333333333335 0.14875 0.37333333333333335
0 0.05750000000000001 0.3591666666666667 0.05 0.3575 0.04875 0.3591666666666667 0.05750000000000001 0.3591666666666667
0 0.079375 0.35583333333333333 0.08125 0.36083333333333334 0.08125 0.355 0.07375000000000001 0.35666666666666663 0.079375 0.35583333333333333
0 0.068125 0.3591666666666667 0.06875 0.35583333333333333 0.0675 0.3525 0.06625 0.35333333333333333 0.065625 0.3591666666666667 0.068125 0.3591666666666667
0 0 0.3875 0.0025 0.39 0 0.39166666666666666 0 0.4691666666666666 0.008125 0.47333333333333333 0 0.485 0 0.5650000000000001 0.0018750000000000004 0.5658333333333333 0.0018750000000000004 0.5725 0 0.5733333333333334 0 0.6575 0.005 0.6616666666666666 0.030000000000000006 0.6649999999999999 0.048125 0.6708333333333333 0.07 0.6716666666666666 0.104375 0.6775 0.11625 0.675 0.13625 0.6575 0.14750000000000002 0.6158333333333333 0.14875 0.5883333333333333 0.151875 0.5825 0.155 0.5650000000000001 0.15125000000000002 0.55 0.13875 0.5508333333333333 0.12062500000000001 0.545 0.11750000000000001 0.5391666666666667 0.11812500000000001 0.5291666666666667 0.12437500000000001 0.5208333333333333 0.13625 0.5133333333333333 0.14750000000000002 0.51 0.165 0.49833333333333335 0.175625 0.495 0.18812500000000001 0.48583333333333334 0.19 0.48166666666666663 0.18875000000000003 0.4708333333333333 0.17875000000000002 0.4683333333333334 0.17250000000000001 0.47000000000000003 0.17250000000000001 0.465 0.175625 0.46416666666666667 0.185625 0.4491666666666666 0.181875 0.4458333333333333 0.18250000000000002 0.4383333333333333 0.17625000000000002 0.42833333333333334 0.176875 0.42416666666666664 0.179375 0.4258333333333333 0.17875000000000002 0.4225 0.175625 0.42000000000000004 0.175 0.41 0.171875 0.4083333333333333 0.17125 0.40166666666666667 0.16375 0.38333333333333336 0.164375 0.36583333333333334 0.15750000000000003 0.3725 0.154375 0.37 0.14750000000000002 0.3783333333333333 0.14 0.38 0.13687500000000002 0.3775 0.13 0.3775 0.109375 0.38916666666666666 0.109375 0.38333333333333336 0.09187500000000001 0.37916666666666665 0.084375 0.36333333333333334 0.07250000000000001 0.36416666666666664 0.069375 0.36666666666666664 0.06625 0.38416666666666666 0.05750000000000001 0.39166666666666666 0.044375000000000005 0.39 0.043125000000000004 0.38666666666666666 0.034375 0.38666666666666666 0.03125 0.38 0.030000000000000006 0.36583333333333334 0.026875 0.35833333333333334 0.018125000000000002 0.34833333333333333 0.005 0.3458333333333333 0 0.3458333333333333 0 0.3875
0 0.79 0.8150000000000001 0.835 0.9116666666666667 0.85625 0.9133333333333333 0.865625 0.9199999999999999 0.896875 0.9208333333333334 0.92125 0.9258333333333333 0.999375 0.9266666666666665 0.999375 0.915 0.9975000000000002 0.9141666666666666 0.9962500000000001 0.9075 0.9962500000000001 0.9016666666666666 0.999375 0.8983333333333332 0.999375 0.8808333333333334 0.9975000000000002 0.8800000000000001 0.996875 0.875 0.999375 0.8699999999999999 0.999375 0.8458333333333334 0.996875 0.8408333333333333 0.996875 0.8291666666666666 0.999375 0.8266666666666665 0.999375 0.7666666666666667 0.9950000000000001 0.7583333333333333 0.9925 0.7608333333333334 0.903125 0.7608333333333334 0.8981250000000001 0.7633333333333333 0.89125 0.7608333333333334 0.8568749999999999 0.7608333333333334 0.8425 0.7775 0.8275 0.7791666666666667 0.8025 0.7725 0.7931250000000001 0.7783333333333333 0.7881250000000001 0.7875 0.7875 0.7975 0.79 0.8150000000000001
0 0.009375 0.5008333333333332 0.009375 0.49749999999999994 0.00625 0.4958333333333333 0.004375 0.49083333333333334 0.0037500000000000007 0.5 0.009375 0.5008333333333332
0 0.005625 0.4716666666666667 0.004375 0.465 0.0037500000000000007 0.47000000000000003 0.005625 0.4716666666666667
0 0 0.4216666666666667 0.005 0.42750000000000005 0.0125 0.425 0.01125 0.4208333333333333 0.013125000000000001 0.41833333333333333 0.005 0.4116666666666666 0.0018750000000000004 0.4133333333333333 0.0025 0.41833333333333333 0 0.4216666666666667
0 0.1296875 0.38671875 0.00078125 0.00234375
0 0 0.39499999999999996 0.005 0.39666666666666667 0.0075000000000000015 0.38666666666666666 0.005 0.38249999999999995 0.0018750000000000004 0.38416666666666666 0.0025 0.3908333333333333 0 0.39499999999999996
0 0.164375 0.37416666666666665 0.159375 0.37916666666666665 0.16125 0.38249999999999995 0.164375 0.3808333333333333 0.165 0.365 0.16 0.365 0.159375 0.3716666666666667 0.164375 0.37416666666666665
0 0.01625 0.37083333333333335 0.015000000000000003 0.37416666666666665 0.021875 0.3725 0.021875 0.36416666666666664 0.019375 0.36333333333333334 0.01625 0.3683333333333333 0.014375000000000002 0.36333333333333334 0.013125000000000001 0.36583333333333334 0.01625 0.37083333333333335
0 0.005625 0.3716666666666667 0.009375 0.355 0.0075000000000000015 0.35416666666666663 0.003125 0.3591666666666667 0.0018750000000000004 0.36583333333333334 0.005625 0.3716666666666667
0 0 0.04083333333333333 0 0.0475 0.003125 0.052500000000000005 0.0037500000000000007 0.07166666666666667 0.0025 0.07916666666666666 0 0.08083333333333334 0 0.2575 0.0025 0.26 0 0.265 0 0.33999999999999997 0.004375 0.3416666666666667 0.003125 0.34833333333333333 0.005 0.3525 0.010625 0.3433333333333333 0.02375 0.3441666666666666 0.028125 0.3491666666666667 0.028125 0.3525 0.03125 0.355 0.031875 0.36666666666666664 0.034375 0.36916666666666664 0.0325 0.3725 0.03875 0.38333333333333336 0.03875 0.40083333333333326 0.043125000000000004 0.4033333333333333 0.043125000000000004 0.4116666666666666 0.03937500000000001 0.41500000000000004 0.04 0.4175 0.049375 0.4291666666666667 0.05375 0.42750000000000005 0.056874999999999995 0.43 0.06000000000000001 0.4383333333333333 0.055625 0.4625 0.05750000000000001 0.46749999999999997 0.05375 0.4758333333333333 0.046875 0.4666666666666667 0.048125 0.46333333333333326 0.04625 0.4608333333333333 0.035625000000000004 0.4625 0.028750000000000005 0.45 0.025625000000000002 0.44833333333333336 0.0225 0.45916666666666667 0.015625 0.46333333333333326 0.016875 0.4666666666666667 0.013125000000000001 0.4741666666666666 0.008125 0.47750000000000004 0.00625 0.48916666666666664 0.015000000000000003 0.4875 0.025625000000000002 0.4925 0.033125 0.49000000000000005 0.0425 0.49333333333333335 0.055625 0.4925 0.061250000000000006 0.495 0.061875 0.5016666666666667 0.0675 0.5025000000000001 0.0775 0.5008333333333332 0.08125 0.4966666666666667 0.08875000000000001 0.49416666666666664 0.09187500000000001 0.49083333333333334 0.0925 0.4841666666666667 0.090625 0.48083333333333333 0.093125 0.47833333333333333 0.103125 0.4841666666666667 0.10562500000000001 0.49749999999999994 0.10562500000000001 0.49333333333333335 0.1075 0.49416666666666664 0.108125 0.49083333333333334 0.110625 0.48916666666666664 0.113125 0.49333333333333335 0.11812500000000001 0.48916666666666664 0.12000000000000002 0.4833333333333333 0.125 0.48666666666666664 0.12375 0.48916666666666664 0.12625000000000003 0.4916666666666667 0.13 0.49000000000000005 0.12937500000000002 0.48583333333333334 0.13187500000000002 0.4875 0.13 0.47750000000000004 0.140625 0.47333333333333333 0.140625 0.4491666666666666 0.145625 0.44666666666666666 0.14625000000000002 0.4583333333333333 0.150625 0.465 0.15625 0.4666666666666667 0.15750000000000003 0.47000000000000003 0.171875 0.47000000000000003 0.183125 0.4666666666666667 0.185625 0.46333333333333326 0.185 0.45499999999999996 0.183125 0.45 0.176875 0.4458333333333333 0.18 0.43916666666666665 0.17875000000000002 0.4341666666666667 0.17250000000000001 0.43166666666666664 0.164375 0.4333333333333333 0.16 0.43 0.1609375 0.42666666666666664 0.164375 0.42666666666666664 0.16812500000000002 0.4216666666666667 0.16625 0.41833333333333333 0.16812500000000002 0.41583333333333333 0.164375 0.41833333333333333 0.16 0.41500000000000004 0.16375 0.41083333333333333 0.16312500000000002 0.4041666666666667 0.16 0.40083333333333326 0.1625 0.39416666666666667 0.16125 0.39 0.153125 0.3908333333333333 0.14250000000000002 0.37583333333333335 0.148125 0.36916666666666664 0.154375 0.3683333333333333 0.15687500000000001 0.3591666666666667 0.16125 0.3616666666666667 0.164375 0.36 0.165 0.3516666666666667 0.169375 0.34833333333333333 0.170625 0.3383333333333333 0.185 0.3283333333333333 0.186875 0.32416666666666666 0.185625 0.3 0.181875 0.2925 0.18250000000000002 0.28250000000000003 0.185 0.27666666666666667 0.185625 0.2525 0.180625 0.24833333333333335 0.16125 0.24916666666666668 0.155625 0.2425 0.149375 0.22000000000000003 0.146875 0.21583333333333332 0.143125 0.215 0.140625 0.2058333333333333 0.11937500000000001 0.19916666666666666 0.11374999999999999 0.18833333333333332 0.114375 0.1825 0.11812500000000001 0.17583333333333334 0.13625 0.17166666666666666 0.14 0.16833333333333333 0.14 0.1625 0.14375 0.15833333333333333 0.14375 0.14750000000000002 0.14750000000000002 0.14333333333333334 0.14750000000000002 0.13083333333333333 0.150625 0.13 0.15125000000000002 0.12666666666666665 0.150625 0.12166666666666666 0.148125 0.12583333333333332 0.14500000000000002 0.11916666666666667 0.14875 0.11583333333333332 0.14125000000000001 0.1125 0.140625 0.10166666666666666 0.139375 0.10666666666666666 0.13625 0.10833333333333332 0.12625000000000003 0.07916666666666666 0.11875 0.06666666666666667 0.098125 0.06166666666666667 0.09187500000000001 0.06333333333333332 0.07875000000000001 0.03166666666666666 0.068125 0.018333333333333333 0.044375000000000005 0.020833333333333336 0.020625 0.011666666666666667 0.00625 0.02 0.0018750000000000004 0.029166666666666667 0.0025 0.03666666666666667 0 0.04083333333333333
0 0.6890625 0.41484375 0.0015625 0.00078125
0 0.16375 0.5508333333333333 0.18 0.5475 0.18937500000000002 0.55 0.19312500000000002 0.5475 0.209375 0.5458333333333333 0.23312500000000003 0.5458333333333333 0.2875 0.5508333333333333 0.324375 0.5491666666666666 0.35750000000000004 0.5558333333333334 0.384375 0.5575 0.40875000000000006 0.5575 0.415625 0.5508333333333333 0.42250000000000004 0.5575 0.480625 0.5641666666666667 0.50375 0.5633333333333332 0.54375 0.5666666666666667 0.556875 0.5616666666666666 0.56125 0.5675 0.5675000000000001 0.5708333333333333 0.6225 0.5775 0.659375 0.5775 0.681875 0.5825 0.7081250000000001 0.5833333333333333 0.784375 0.5925 0.8025 0.6 0.81125 0.6008333333333333 0.83625 0.5991666666666666 0.850625 0.6016666666666667 0.8568749999999999 0.5916666666666667 0.85625 0.585 0.853125 0.5808333333333333 0.8325000000000001 0.5633333333333332 0.82875 0.5566666666666666 0.8125 0.4708333333333333 0.8075000000000001 0.4583333333333333 0.8006249999999999 0.45499999999999996 0.77375 0.4533333333333333 0.769375 0.4508333333333333 0.76375 0.4225 0.755625 0.4133333333333333 0.70125 0.41083333333333333 0.6943750000000001 0.4166666666666667 0.68875 0.4258333333333333 0.685625 0.425 0.6831250000000001 0.42833333333333334 0.681875 0.44333333333333336 0.66875 0.44333333333333336 0.6708545918367347 0.43435374149659856 0.669375 0.43583333333333335 0.6637500000000001 0.43499999999999994 0.664375 0.42833333333333334 0.660625 0.425 0.6575 0.4141666666666667 0.650625 0.4133333333333333 0.6456250000000001 0.4083333333333333 0.640625 0.41 0.629375 0.4 0.57125 0.39499999999999996 0.5643750000000001 0.3983333333333333 0.555625 0.39666666666666667 0.5518750000000001 0.4 0.555 0.4041666666666667 0.5525 0.4066666666666666 0.548125 0.4033333333333333 0.5475000000000001 0.3975 0.545625 0.39666666666666667 0.539375 0.3983333333333333 0.5331250000000001 0.3933333333333333 0.525625 0.39416666666666667 0.52 0.39 0.50125 0.39 0.48687500000000006 0.3883333333333333 0.48375 0.38583333333333336 0.445 0.38666666666666666 0.43500000000000005 0.39666666666666667 0.4325 0.39249999999999996 0.425 0.39249999999999996 0.418125 0.38416666666666666 0.39187500000000003 0.385 0.34875 0.38166666666666665 0.34 0.38333333333333336 0.334375 0.39249999999999996 0.3325 0.39 0.3325 0.38416666666666666 0.32875 0.38166666666666665 0.30375 0.38333333333333336 0.294375 0.37916666666666665 0.209375 0.3783333333333333 0.205625 0.38333333333333336 0.20437500000000003 0.3975 0.19875 0.4041666666666667 0.200625 0.41083333333333333 0.185625 0.4133333333333333 0.183125 0.4175 0.18625 0.43166666666666664 0.1925 0.44416666666666665 0.19437500000000002 0.4916666666666667 0.165625 0.5041666666666667 0.148125 0.5166666666666667 0.138125 0.5183333333333333 0.12687500000000002 0.5258333333333333 0.12250000000000001 0.5325 0.121875 0.5366666666666666 0.12625000000000003 0.5433333333333333 0.139375 0.5458333333333333 0.154375 0.545 0.16375 0.5508333333333333
0 0.175 0.36916666666666664 0.171875 0.3683333333333333 0.17125 0.37916666666666665 0.175 0.36916666666666664
0 0.9662500000000002 0.08833333333333333 0.9631250000000001 0.08833333333333333 0.9625 0.09166666666666666 0.9662500000000002 0.08833333333333333
0 0.865625 0.20166666666666666 0.869375 0.20416666666666666 0.8825000000000001 0.20416666666666666 0.884375 0.21000000000000002 0.8943749999999999 0.21416666666666667 0.896875 0.22000000000000003 0.8975 0.2325 0.9075000000000001 0.22999999999999998 0.9112500000000001 0.23500000000000001 0.9193749999999999 0.2325 0.9393750000000001 0.2325 0.9493750000000001 0.22749999999999998 0.9525 0.2308333333333333 0.984375 0.23333333333333334 0.9881250000000001 0.22916666666666666 0.9887500000000001 0.215 0.9943750000000001 0.21000000000000002 0.993125 0.19833333333333333 0.9950000000000001 0.19083333333333333 0.99375 0.16166666666666668 0.9956250000000001 0.1325 0.99375 0.12166666666666666 0.9956250000000001 0.09916666666666667 0.999375 0.0975 0.999375 0.08666666666666667 0.996875 0.08499999999999999 0.999375 0.08083333333333334 0.999375 0.07333333333333333 0.9950000000000001 0.0675 0.9893750000000001 0.06999999999999999 0.968125 0.09166666666666666 0.9637500000000001 0.10083333333333333 0.95875 0.10166666666666666 0.95375 0.09666666666666666 0.9493750000000001 0.09583333333333334 0.9375 0.10166666666666666 0.928125 0.11000000000000001 0.9181250000000001 0.12416666666666668 0.9106250000000001 0.1275 0.9075000000000001 0.135 0.9043750000000002 0.135 0.900625 0.13083333333333333 0.896875 0.1325 0.89375 0.1408333333333333 0.8856250000000001 0.14250000000000002 0.8768750000000001 0.15 0.8675 0.15416666666666667 0.8625 0.16416666666666666 0.859375 0.16416666666666666 0.85875 0.17333333333333334 0.865625 0.20166666666666666
0 0.0025 0.20916666666666667 0.0025 0.2125 0 0.21416666666666667 0 0.25083333333333335 0.0018750000000000004 0.25166666666666665 0.0025 0.2575 0.0025 0.2633333333333333 0 0.265 0 0.3383333333333333 0.008125 0.3416666666666667 0.050624999999999996 0.34833333333333333 0.079375 0.3491666666666667 0.10875000000000001 0.3575 0.12062500000000001 0.35833333333333334 0.13875 0.35333333333333333 0.16687500000000002 0.3525 0.17125 0.34750000000000003 0.17250000000000001 0.3375 0.180625 0.3308333333333333 0.17625000000000002 0.32916666666666666 0.175625 0.3258333333333333 0.181875 0.3225 0.18250000000000002 0.31916666666666665 0.176875 0.31416666666666665 0.174375 0.3075 0.16812500000000002 0.3058333333333333 0.165 0.30166666666666664 0.165 0.2975 0.16812500000000002 0.29333333333333333 0.181875 0.29416666666666663 0.17875000000000002 0.29166666666666663 0.18250000000000002 0.2875 0.18375000000000002 0.275 0.181875 0.27166666666666667 0.185625 0.25416666666666665 0.18 0.24833333333333335 0.16062500000000002 0.24666666666666667 0.15625 0.24083333333333332 0.14750000000000002 0.21333333333333332 0.14187500000000003 0.2125 0.140625 0.20916666666666667 0.13687500000000002 0.2125 0.13625 0.20916666666666667 0.1375 0.21833333333333332 0.133125 0.22416666666666668 0.11374999999999999 0.21749999999999997 0.108125 0.21833333333333332 0.10500000000000001 0.21083333333333334 0.09437500000000001 0.19833333333333333 0.081875 0.19666666666666666 0.075 0.19166666666666668 0.068125 0.1925 0.051875000000000004 0.2058333333333333 0.04875 0.21666666666666665 0.04375 0.22083333333333335 0.03375 0.21749999999999997 0.018125000000000002 0.21749999999999997 0.013125000000000001 0.21333333333333332 0.014375000000000002 0.20916666666666667 0.011875 0.2058333333333333 0.008125 0.20750000000000002 0.005 0.20166666666666666 0.0025 0.20249999999999999 0 0.205 0.0025 0.20916666666666667
0 0.0025 0.19 0.00125 0.14750000000000002 0 0.1925 0.0025 0.19
0 0.789375 0.8 0.79125 0.8025 0.790625 0.8099999999999999 0.79625 0.8175000000000001 0.7975000000000001 0.8275 0.8006249999999999 0.8308333333333333 0.806875 0.8516666666666666 0.8106250000000002 0.8558333333333333 0.8243750000000001 0.8866666666666667 0.834375 0.9141666666666666 0.8331250000000001 0.9333333333333333 0.8262500000000002 0.9408333333333333 0.8137500000000001 0.9425000000000001 0.8081250000000001 0.9550000000000001 0.80625 0.9650000000000001 0.806875 0.9791666666666666 0.81875 0.9841666666666666 0.815625 0.9925 0.8168750000000001 0.9958333333333333 0.820625 0.9941666666666666 0.819375 0.9833333333333334 0.8231250000000001 0.9833333333333334 0.825 0.9883333333333333 0.82875 0.9883333333333333 0.8306250000000001 0.9875 0.8300000000000001 0.9833333333333334 0.834375 0.9800000000000001 0.838125 0.9808333333333333 0.8412499999999999 0.975 0.8456250000000001 0.9791666666666666 0.8481250000000001 0.9949999999999999 0.859375 0.9949999999999999 0.8612500000000001 0.99 0.8668750000000001 0.9916666666666666 0.8768750000000001 0.9883333333333333 0.883125 0.99 0.881875 0.9941666666666666 0.8868750000000001 0.9966666666666667 0.8981250000000001 0.9966666666666667 0.9081250000000001 0.9941666666666666 0.9081250000000001 0.9908333333333333 0.905625 0.99 0.9081250000000001 0.9841666666666666 0.9175000000000001 0.9858333333333332 0.9237500000000001 0.99 0.925 0.9949999999999999 0.9631250000000001 0.9974999999999999 0.9875 0.9925 0.99 0.9949999999999999 0.9943750000000001 0.9941666666666666 0.9975000000000002 0.9775 0.999375 0.9766666666666666 0.999375 0.9266666666666665 0.9975000000000002 0.9258333333333333 0.9950000000000001 0.9166666666666666 0.99375 0.8966666666666667 0.9956250000000001 0.8891666666666665 0.993125 0.8841666666666667 0.9962500000000001 0.865 0.9950000000000001 0.8433333333333334 0.9962500000000001 0.8166666666666667 0.9975000000000002 0.8099999999999999 0.999375 0.8091666666666667 0.999375 0.7725 0.996875 0.7708333333333333 0.9943750000000001 0.7633333333333333 0.953125 0.7616666666666666 0.94625 0.7658333333333334 0.93125 0.7649999999999999 0.9081250000000001 0.7733333333333333 0.9043750000000002 0.7775 0.9012500000000001 0.7675 0.89125 0.7616666666666666 0.8793750000000001 0.7616666666666666 0.8712500000000001 0.7649999999999999 0.858125 0.7625 0.8456250000000001 0.7775 0.8387500000000001 0.7791666666666667 0.8393750000000001 0.7825 0.83625 0.7866666666666666 0.826875 0.7858333333333334 0.82125 0.7808333333333334 0.805 0.7758333333333333 0.796875 0.7783333333333333 0.79 0.7858333333333334 0.7887500000000001 0.7908333333333333 0.789375 0.8
0 0.83125 0.6575 0.8331250000000001 0.7008333333333333 0.838125 0.7308333333333333 0.8525 0.755 0.8625 0.7583333333333333 0.883125 0.7591666666666667 0.9943750000000001 0.7566666666666666 0.9950000000000001 0.7458333333333333 0.999375 0.7383333333333333 0.999375 0.6908333333333333 0.9975000000000002 0.69 0.996875 0.6816666666666666 0.996875 0.6641666666666667 0.999375 0.6625 0.999375 0.645 0.9975000000000002 0.6441666666666667 0.9975000000000002 0.6366666666666666 0.999375 0.6358333333333334 0.9975000000000002 0.6116666666666666 0.999375 0.6108333333333333 0.999375 0.6075 0.996875 0.6058333333333333 0.9943750000000001 0.5941666666666666 0.9481250000000001 0.5941666666666666 0.9425000000000001 0.5991666666666666 0.9337500000000001 0.5933333333333334 0.899375 0.5908333333333333 0.8862500000000001 0.595 0.865 0.5900000000000001 0.85875 0.6041666666666667 0.8418750000000002 0.6075 0.8375 0.6141666666666666 0.8375 0.6333333333333333 0.83125 0.6575
0 0.0025 0.2058333333333333 0 0.2058333333333333 0 0.2525 0.0018750000000000004 0.2533333333333333 0.0037500000000000007 0.26166666666666666 0 0.26666666666666666 0 0.33999999999999997 0.0025 0.3408333333333333 0 0.3441666666666666 0 0.35833333333333334 0.0025 0.3616666666666667 0 0.365 0 0.36916666666666664 0.0018750000000000004 0.37 0.0018750000000000004 0.37416666666666665 0 0.375 0 0.3883333333333333 0.0018750000000000004 0.38916666666666666 0.0018750000000000004 0.39249999999999996 0 0.3933333333333333 0 0.39666666666666667 0.0025 0.39916666666666667 0 0.4033333333333333 0 0.42333333333333334 0.003125 0.42833333333333334 0 0.4333333333333333 0 0.43666666666666665 0.0018750000000000004 0.4375 0 0.44000000000000006 0 0.47000000000000003 0.004375 0.4766666666666667 0.0025 0.4841666666666667 0.0037500000000000007 0.5008333333333332 0.023125 0.505 0.026875 0.5016666666666667 0.025625000000000002 0.49916666666666665 0.0325 0.4966666666666667 0.03375 0.49833333333333335 0.031875 0.5016666666666667 0.035 0.5075000000000001 0.046875 0.5083333333333333 0.05 0.5116666666666666 0.060625000000000005 0.5116666666666666 0.0675 0.5033333333333333 0.078125 0.5033333333333333 0.09875 0.49749999999999994 0.10250000000000001 0.49916666666666665 0.10562500000000001 0.505 0.1125 0.5058333333333334 0.11625 0.5008333333333332 0.12250000000000001 0.5075000000000001 0.12000000000000002 0.5116666666666666 0.121875 0.5141666666666667 0.1325 0.515 0.13687500000000002 0.5116666666666666 0.135 0.5041666666666667 0.13687500000000002 0.5016666666666667 0.140625 0.5025000000000001 0.14625000000000002 0.49333333333333335 0.150625 0.49416666666666664 0.148125 0.4966666666666667 0.14750000000000002 0.5016666666666667 0.15375 0.5016666666666667 0.15750000000000003 0.49749999999999994 0.16875 0.495 0.174375 0.4883333333333333 0.18125 0.4875 0.183125 0.4841666666666667 0.18250000000000002 0.4758333333333333 0.185625 0.4708333333333333 0.185625 0.44749999999999995 0.17875000000000002 0.42750000000000005 0.17375000000000002 0.425 0.17625000000000002 0.4216666666666667 0.175 0.4091666666666667 0.171875 0.4066666666666666 0.165 0.39 0.164375 0.3591666666666667 0.165 0.3525 0.171875 0.3441666666666666 0.17250000000000001 0.33416666666666667 0.17750000000000002 0.32666666666666666 0.184375 0.325 0.18625 0.32166666666666666 0.185625 0.3091666666666667 0.183125 0.30666666666666664 0.185 0.3025 0.180625 0.2925 0.185 0.2758333333333333 0.185 0.2533333333333333 0.181875 0.25 0.16812500000000002 0.24916666666666668 0.165 0.25166666666666665 0.16062500000000002 0.2475 0.155625 0.24083333333333332 0.146875 0.21583333333333332 0.14250000000000002 0.21666666666666665 0.1375 0.22166666666666668 0.13687500000000002 0.22749999999999998 0.1275 0.22916666666666666 0.12312500000000001 0.22333333333333333 0.113125 0.21833333333333332 0.10875000000000001 0.21916666666666665 0.10562500000000001 0.21416666666666667 0.10562500000000001 0.20666666666666664 0.10187500000000001 0.20750000000000002 0.0925 0.19749999999999998 0.08125 0.19749999999999998 0.07875000000000001 0.1925 0.07250000000000001 0.19 0.0675 0.19333333333333333 0.056874999999999995 0.19166666666666668 0.04625 0.20166666666666666 0.043125000000000004 0.21083333333333334 0.03937500000000001 0.20916666666666667 0.033125 0.21333333333333332 0.019375 0.20083333333333334 0.011875 0.20166666666666666 0.01125 0.19333333333333333 0.005 0.19583333333333333 0.00625 0.19916666666666666 0.0025 0.2058333333333333
0 0.03203125 0.17890625 0.0015625 0.00078125
0 0.0025 0.19083333333333333 0.004375 0.17583333333333334 0.00125 0.1625 0 0.1925 0.0025 0.19083333333333333
0 0 0.15166666666666667 0.003125 0.15083333333333332 0.0025 0.155 0 0.15583333333333332 0 0.16 0.0018750000000000004 0.16 0.005 0.14750000000000002 0 0.14750000000000002 0 0.15166666666666667
0 0.183125 0.255 0.18125 0.25416666666666665 0.181875 0.2575 0.183125 0.255
0 0.008125 0.08833333333333333 0.009375 0.08 0.0075000000000000015 0.07916666666666666 0.00625 0.08333333333333334 0.008125 0.08833333333333333
0 0.015000000000000003 0.0725 0.01625 0.0675 0.011875 0.0675 0.015000000000000003 0.0725
0 0.02890625 0.05078125 0.0015625 0.00078125
0 0.0175 0.10666666666666666 0.011875 0.11499999999999999 0.0075000000000000015 0.10666666666666666 0.004375 0.11666666666666667 0 0.11833333333333333 0 0.13666666666666666 0.0025 0.13916666666666666 0 0.14416666666666667 0 0.19666666666666666 0.0025 0.19916666666666666 0.0025 0.2033333333333333 0 0.205 0 0.20833333333333334 0.0018750000000000004 0.20916666666666667 0.0018750000000000004 0.21416666666666667 0 0.215 0 0.21916666666666665 0.0018750000000000004 0.22000000000000003 0.0018750000000000004 0.22416666666666668 0 0.225 0 0.24666666666666667 0.0025 0.25 0.0025 0.2633333333333333 0 0.2658333333333333 0 0.3375 0.0125 0.3416666666666667 0.085 0.3491666666666667 0.109375 0.355 0.16812500000000002 0.35 0.17 0.3408333333333333 0.16812500000000002 0.33666666666666667 0.16312500000000002 0.33416666666666667 0.17250000000000001 0.33249999999999996 0.170625 0.3275 0.17750000000000002 0.3183333333333333 0.179375 0.32333333333333336 0.18250000000000002 0.32083333333333336 0.175625 0.3158333333333333 0.174375 0.3091666666666667 0.16625 0.30833333333333335 0.164375 0.31 0.16375 0.3175 0.1675 0.32083333333333336 0.16625 0.3258333333333333 0.16812500000000002 0.3275 0.16125 0.32916666666666666 0.159375 0.31666666666666665 0.15687500000000001 0.3125 0.15625 0.2991666666666667 0.16125 0.28250000000000003 0.171875 0.2875 0.175 0.28583333333333333 0.17625000000000002 0.2791666666666667 0.17250000000000001 0.27166666666666667 0.176875 0.26916666666666667 0.17750000000000002 0.26166666666666666 0.17375000000000002 0.26083333333333336 0.17 0.25416666666666665 0.16375 0.2533333333333333 0.15625 0.24166666666666664 0.15 0.22000000000000003 0.14 0.205 0.11875 0.19916666666666666 0.11374999999999999 0.19083333333333333 0.11500000000000002 0.17833333333333332 0.11812500000000001 0.175 0.13 0.16999999999999998 0.13687500000000002 0.17083333333333334 0.139375 0.16833333333333333 0.135 0.1575 0.13375 0.11166666666666666 0.13062500000000002 0.09416666666666666 0.12562500000000001 0.08583333333333333 0.11812500000000001 0.08249999999999999 0.099375 0.08 0.09187500000000001 0.08499999999999999 0.08687500000000001 0.0625 0.0875 0.056666666666666664 0.085625 0.05166666666666666 0.08125 0.05083333333333333 0.0825 0.04416666666666667 0.0775 0.035833333333333335 0.075 0.04083333333333333 0.074375 0.049166666666666664 0.071875 0.045 0.07312500000000001 0.04833333333333333 0.07125000000000001 0.05 0.06625 0.045 0.064375 0.052500000000000005 0.035625000000000004 0.05166666666666666 0.029375000000000002 0.0675 0.025625000000000002 0.065 0.020625 0.0675 0.024375 0.08166666666666667 0.0175 0.10666666666666666
0 0.074375 0.03166666666666666 0.074375 0.028333333333333332 0.07 0.025 0.069375 0.029166666666666667 0.074375 0.03166666666666666
0 0.06875 0.023333333333333334 0.06625 0.021666666666666667 0.06375 0.0225 0.06875 0.023333333333333334
0 0.0375 0.0225 0.034375 0.021666666666666667 0.033125 0.0225 0.0375 0.0225
0 0.02125 0.01583333333333333 0.030000000000000006 0.020833333333333336 0.030625000000000003 0.019166666666666665 0.026250000000000002 0.015 0.026250000000000002 0.017499999999999998 0.02125 0.01583333333333333
0 0.8918750000000001 0.21333333333333332 0.89 0.21000000000000002 0.889375 0.21333333333333332 0.8918750000000001 0.21333333333333332
0 0.8631249999999999 0.20083333333333334 0.875 0.20750000000000002 0.88125 0.2058333333333333 0.88375 0.20916666666666667 0.8862500000000001 0.1925 0.896875 0.16499999999999998 0.89875 0.14583333333333331 0.900625 0.14333333333333334 0.896875 0.1408333333333333 0.8943749999999999 0.14416666666666667 0.8856250000000001 0.14416666666666667 0.868125 0.15 0.86 0.15333333333333332 0.8568749999999999 0.15916666666666665 0.85625 0.16583333333333333 0.8631249999999999 0.20083333333333334
0 0.900625 0.13583333333333333 0.9043750000000002 0.13666666666666666 0.9043750000000002 0.13333333333333333 0.900625 0.13083333333333333 0.8975 0.135 0.8975 0.13916666666666666 0.900625 0.13583333333333333
0 0.95625 0.1075 0.95625 0.10083333333333333 0.9512500000000002 0.09916666666666667 0.9493750000000001 0.1025 0.9493750000000001 0.1125 0.95625 0.1075
0 0.39625000000000005 0.24916666666666668 0.40062500000000006 0.24833333333333335 0.395625 0.24666666666666667 0.39437500000000003 0.2475 0.39625000000000005 0.24916666666666668
0 0.3925 0.2475 0.386875 0.24583333333333335 0.379375 0.2475 0.3925 0.2475
0 0.50125 0.25166666666666665 0.50375 0.24833333333333335 0.496875 0.24583333333333335 0.49625 0.24833333333333335 0.50125 0.25166666666666665
0 0.6125 0.2425 0.6143750000000001 0.2375 0.6125 0.23500000000000001 0.609375 0.23583333333333334 0.609375 0.24 0.6125 0.2425
0 0.5068750000000001 0.2341666666666667 0.508125 0.23500000000000001 0.510625 0.22749999999999998 0.5075000000000001 0.22666666666666666 0.51 0.22833333333333333 0.5068750000000001 0.2341666666666667
0 0.38984375 0.22734375 0.00078125 0.00078125
0 0.4 0.2341666666666667 0.3975 0.23166666666666663 0.3975 0.23583333333333334 0.4 0.2341666666666667
0 0.7106250000000001 0.22999999999999998 0.70625 0.23833333333333334 0.7106250000000001 0.24416666666666664 0.7106250000000001 0.25166666666666665 0.70875 0.255 0.71125 0.25833333333333336 0.711875 0.2683333333333333 0.745 0.27166666666666667 0.7456250000000001 0.265 0.748125 0.26166666666666666 0.745 0.25666666666666665 0.7475 0.25166666666666665 0.75125 0.2533333333333333 0.754375 0.23916666666666667 0.7300000000000001 0.24 0.7262500000000001 0.23666666666666666 0.7306250000000001 0.2341666666666667 0.7325 0.22999999999999998 0.7262500000000001 0.22916666666666666 0.723125 0.23166666666666663 0.70625 0.225 0.70625 0.22833333333333333 0.7106250000000001 0.22999999999999998
0 0.6431250000000001 0.22666666666666666 0.640625 0.225 0.64 0.22749999999999998 0.6431250000000001 0.22666666666666666
0 0.40062500000000006 0.22000000000000003 0.40375000000000005 0.2225 0.40625 0.22000000000000003 0.40375000000000005 0.21333333333333332 0.40375000000000005 0.21666666666666665 0.40062500000000006 0.22000000000000003
0 0.38312500000000005 0.21749999999999997 0.384375 0.2225 0.386875 0.2225 0.385 0.21666666666666665 0.388125 0.21333333333333332 0.38375000000000004 0.21083333333333334 0.38 0.2125 0.37875000000000003 0.21333333333333332 0.38312500000000005 0.21749999999999997
0 0.4325 0.2058333333333333 0.428125 0.20416666666666666 0.428125 0.20666666666666664 0.4325 0.2058333333333333
0 0.759375 0.08166666666666667 0.7575000000000001 0.08083333333333334 0.758125 0.0875 0.759375 0.08166666666666667
0 0.390625 0.058333333333333334 0.39125 0.05500000000000001 0.38875000000000004 0.056666666666666664 0.390625 0.058333333333333334
0 0.38984375 0.05078125 0.0015625 0.00078125
0 0.30812500000000004 0.043333333333333335 0.306875 0.04166666666666667 0.30625 0.04416666666666667 0.30812500000000004 0.043333333333333335
0 0.303125 0.03984375 0.00078125 0.00078125
0 0.343125 0.03916666666666667 0.34187500000000004 0.03833333333333333 0.34125 0.04 0.343125 0.03916666666666667
0 0.515 0.029166666666666667 0.530625 0.0325 0.529375 0.029166666666666667 0.5206250000000001 0.02583333333333333 0.5206250000000001 0.03 0.515 0.029166666666666667
0 0.410625 0.028333333333333332 0.41343220338983055 0.026836158192090398 0.41000000000000003 0.024166666666666666 0.410625 0.028333333333333332
0 0.414375 0.0325 0.418125 0.034166666666666665 0.4175 0.03 0.41379870129870133 0.027121212121212122 0.414375 0.0325
0 0.121875 0.19416666666666665 0.14125000000000001 0.19833333333333333 0.14875 0.20249999999999999 0.15750000000000003 0.23166666666666663 0.16375 0.24083333333333332 0.17 0.24333333333333332 0.19 0.2425 0.19437500000000002 0.23500000000000001 0.19875 0.21666666666666665 0.20625 0.20750000000000002 0.21937500000000001 0.2033333333333333 0.24312500000000004 0.20666666666666664 0.24375 0.2125 0.24937500000000004 0.22000000000000003 0.250625 0.22999999999999998 0.25625 0.24166666666666664 0.28937500000000005 0.24666666666666667 0.293125 0.24416666666666664 0.29500000000000004 0.2325 0.29812500000000003 0.22749999999999998 0.29875 0.21666666666666665 0.30375 0.20833333333333334 0.31 0.205 0.334375 0.2033333333333333 0.338125 0.195 0.34937500000000005 0.19833333333333333 0.36062500000000003 0.19416666666666665 0.36 0.19916666666666666 0.3625 0.20249999999999999 0.371875 0.205 0.37625000000000003 0.2033333333333333 0.38 0.19666666666666666 0.386875 0.195 0.396875 0.20083333333333334 0.40062500000000006 0.19749999999999998 0.42062499999999997 0.2 0.4287500000000001 0.19833333333333333 0.43812500000000004 0.2033333333333333 0.45375000000000004 0.205 0.46312500000000006 0.20166666666666666 0.476875 0.20750000000000002 0.48125 0.20666666666666664 0.48937500000000006 0.21083333333333334 0.490625 0.21583333333333332 0.48812500000000003 0.22000000000000003 0.49000000000000005 0.21833333333333332 0.49000000000000005 0.22666666666666666 0.49250000000000005 0.22666666666666666 0.49250000000000005 0.2225 0.49625 0.22416666666666668 0.49812500000000004 0.24 0.50375 0.23333333333333334 0.50125 0.21666666666666665 0.508125 0.20750000000000002 0.515625 0.20833333333333334 0.51875 0.20416666666666666 0.534375 0.20166666666666666 0.56875 0.2058333333333333 0.5850000000000001 0.205 0.6012500000000001 0.21000000000000002 0.613125 0.20916666666666667 0.6168750000000001 0.215 0.6256250000000001 0.21916666666666665 0.6300000000000001 0.21083333333333334 0.6362500000000001 0.21000000000000002 0.669375 0.21166666666666667 0.6893750000000001 0.21666666666666665 0.69625 0.22416666666666668 0.706875 0.21833333333333332 0.716875 0.21916666666666665 0.7237500000000001 0.21583333333333332 0.7300000000000001 0.21916666666666665 0.7362500000000001 0.2308333333333333 0.7393750000000001 0.2308333333333333 0.7418750000000001 0.2341666666666667 0.744375 0.23500000000000001 0.7506250000000001 0.22833333333333333 0.7550000000000001 0.22749999999999998 0.7568750000000001 0.2308333333333333 0.75625 0.23833333333333334 0.75875 0.2375 0.75875 0.2308333333333333 0.760625 0.22833333333333333 0.7662500000000001 0.22833333333333333 0.77125 0.2225 0.7862500000000001 0.22583333333333333 0.7881250000000001 0.22916666666666666 0.7931250000000001 0.2308333333333333 0.796875 0.22916666666666666 0.806875 0.2341666666666667 0.8125 0.2341666666666667 0.8175000000000001 0.22833333333333333 0.8231250000000001 0.22833333333333333 0.8275 0.2308333333333333 0.8262500000000002 0.2375 0.8225 0.24083333333333332 0.8225 0.2683333333333333 0.8262500000000002 0.27416666666666667 0.8262500000000002 0.2791666666666667 0.826875 0.2758333333333333 0.8318749999999999 0.27999999999999997 0.8487500000000001 0.2791666666666667 0.8487500000000001 0.26749999999999996 0.853125 0.26166666666666666 0.851875 0.25833333333333336 0.8556250000000001 0.2558333333333333 0.8618750000000001 0.24166666666666664 0.8668750000000001 0.23666666666666666 0.89 0.22999999999999998 0.89125 0.22416666666666668 0.8881249999999999 0.21666666666666665 0.86625 0.21083333333333334 0.8618750000000001 0.20416666666666666 0.8418750000000002 0.10333333333333332 0.8387500000000001 0.09333333333333334 0.834375 0.08833333333333333 0.805625 0.08499999999999999 0.8012500000000001 0.0875 0.79625 0.0975 0.7862500000000001 0.07083333333333333 0.78 0.0625 0.779375 0.058333333333333334 0.765 0.04583333333333333 0.76 0.04666666666666667 0.75875 0.05166666666666666 0.754375 0.05333333333333333 0.75375 0.058333333333333334 0.74375 0.06833333333333333 0.7412500000000001 0.0675 0.75 0.07416666666666667 0.7462500000000001 0.0925 0.74375 0.08916666666666666 0.7375 0.09333333333333334 0.7368750000000001 0.0875 0.7325 0.08499999999999999 0.733125 0.08083333333333334 0.72 0.08 0.7175 0.07416666666666667 0.713125 0.08 0.71125 0.075 0.7081250000000001 0.07416666666666667 0.6768750000000001 0.0725 0.670625 0.075 0.6675000000000001 0.08 0.6612500000000001 0.058333333333333334 0.655 0.04833333333333333 0.6475000000000001 0.04 0.6375 0.035833333333333335 0.6325000000000001 0.035833333333333335 0.6300000000000001 0.03916666666666667 0.633125 0.0475 0.625 0.057499999999999996 0.618125 0.06083333333333333 0.6162500000000001 0.065 0.61375 0.065 0.6125 0.06083333333333333 0.609375 0.07083333333333333 0.604375 0.07416666666666667 0.6 0.07166666666666667 0.5900000000000001 0.07166666666666667 0.5856250000000001 0.0675 0.545 0.065 0.54 0.0625 0.535625 0.06583333333333333 0.5325 0.0725 0.528125 0.06999999999999999 0.519375 0.0775 0.515625 0.08666666666666667 0.508125 0.09 0.49312500000000004 0.0875 0.48625000000000007 0.09666666666666666 0.48187500000000005 0.09416666666666666 0.48187500000000005 0.0875 0.47750000000000004 0.08166666666666667 0.48125 0.07916666666666666 0.48125 0.06666666666666667 0.48500000000000004 0.06166666666666667 0.49312500000000004 0.06083333333333333 0.4956250000000001 0.065 0.50125 0.06166666666666667 0.50125 0.05500000000000001 0.49750000000000005 0.058333333333333334 0.49437500000000006 0.052500000000000005 0.4912500000000001 0.056666666666666664 0.49031250000000004 0.05333333333333333 0.48687500000000006 0.05333333333333333 0.48250000000000004 0.057499999999999996 0.480625 0.05333333333333333 0.47718750000000004 0.05333333333333333 0.47625 0.056666666666666664 0.47375 0.05333333333333333 0.47250000000000003 0.05583333333333333 0.46687500000000004 0.05333333333333333 0.46687500000000004 0.057499999999999996 0.46312500000000006 0.056666666666666664 0.4600000000000001 0.06 0.45625 0.058333333333333334 0.45687500000000003 0.06416666666666666 0.45437500000000003 0.065 0.449375 0.06083333333333333 0.428125 0.058333333333333334 0.4287500000000001 0.05166666666666666 0.425 0.05 0.425 0.043333333333333335 0.42062499999999997 0.03916666666666667 0.42312500000000003 0.052500000000000005 0.41125 0.049166666666666664 0.41125 0.056666666666666664 0.40750000000000003 0.06 0.40375000000000005 0.056666666666666664 0.3975 0.059166666666666666 0.39375 0.065 0.385625 0.0675 0.38375000000000004 0.06083333333333333 0.388125 0.05333333333333333 0.379375 0.0475 0.37875000000000003 0.03166666666666666 0.37625000000000003 0.03 0.36125 0.03833333333333333 0.34875 0.03916666666666667 0.34937500000000005 0.04666666666666667 0.3425 0.049166666666666664 0.338125 0.043333333333333335 0.333125 0.057499999999999996 0.33 0.06083333333333333 0.31812500000000005 0.057499999999999996 0.295625 0.058333333333333334 0.29375 0.05333333333333333 0.28937500000000005 0.052500000000000005 0.28625 0.04833333333333333 0.271875 0.04833333333333333 0.2625 0.045 0.261875 0.04 0.270625 0.02583333333333333 0.26875 0.025 0.26687500000000003 0.029166666666666667 0.26125000000000004 0.024166666666666666 0.2475 0.024166666666666666 0.24500000000000002 0.029166666666666667 0.23562500000000003 0.0325 0.22687500000000002 0.043333333333333335 0.22749999999999998 0.05083333333333333 0.22375000000000003 0.05083333333333333 0.21937500000000001 0.06166666666666667 0.21875 0.07833333333333334 0.216875 0.08 0.21375000000000002 0.08 0.21125000000000002 0.07666666666666666 0.21000000000000002 0.0675 0.20375000000000001 0.06083333333333333 0.175 0.0625 0.165 0.08916666666666666 0.159375 0.11750000000000001 0.14250000000000002 0.17333333333333334 0.139375 0.17666666666666667 0.12312500000000001 0.1775 0.11812500000000001 0.1825 0.11875 0.19083333333333333 0.121875 0.19416666666666665
0 0.25625 0.01875 0.003125 0.00078125
0 0.38625000000000004 0.018333333333333333 0.390625 0.020833333333333336 0.390625 0.024166666666666666 0.38875000000000004 0.025 0.39 0.03 0.405625 0.019166666666666665 0.39437500000000003 0.011666666666666667 0.38375000000000004 0.011666666666666667 0.38625000000000004 0.018333333333333333
0 0 0.6925 0.0025 0.6975 0.0025 0.7108333333333333 0 0.7133333333333333 0 0.7183333333333334 0.003125 0.7224999999999999 0.0018750000000000004 0.7308333333333333 0 0.7316666666666667 0 0.8158333333333333 0.0625 0.8283333333333334 0.07312500000000001 0.8283333333333334 0.08125 0.8324999999999999 0.099375 0.8333333333333334 0.11875 0.8266666666666665 0.12375 0.8225 0.13375 0.8216666666666667 0.139375 0.8108333333333333 0.14375 0.8066666666666666 0.14750000000000002 0.8099999999999999 0.14875 0.8025 0.155625 0.8 0.16062500000000002 0.7758333333333333 0.16812500000000002 0.7683333333333333 0.17250000000000001 0.7441666666666666 0.170625 0.7375 0.17375000000000002 0.7341666666666666 0.17375000000000002 0.7308333333333333 0.16812500000000002 0.725 0.164375 0.7166666666666667 0.14375 0.715 0.12125000000000001 0.7075 0.11812500000000001 0.6991666666666666 0.12062500000000001 0.6775 0.1125 0.6816666666666666 0.08812500000000001 0.6808333333333334 0.083125 0.6775 0.053125 0.6766666666666666 0.016875 0.6666666666666667 0.0025 0.6658333333333333 0 0.6666666666666667 0 0.6925
0 0.8081250000000001 0.9824999999999999 0.8143750000000001 0.9841666666666666 0.8143750000000001 0.9916666666666666 0.811875 0.9949999999999999 0.8150000000000001 0.9991666666666668 0.820625 0.9958333333333333 0.8356250000000001 0.9941666666666666 0.859375 0.9966666666666667 0.8625 0.9925 0.8800000000000001 0.9958333333333333 0.88375 0.9991666666666668 0.9012500000000001 0.9991666666666668 0.9112500000000001 0.9958333333333333 0.9337500000000001 0.9966666666666667 0.938125 0.9991666666666668 0.944375 0.9966666666666667 0.9487500000000001 0.9991666666666668 0.9693750000000001 0.9991666666666668 0.9725000000000001 0.9958333333333333 0.98125 0.9958333333333333 0.984375 0.9991666666666668 0.9925 0.9991666666666668 0.999375 0.9891666666666665 0.999375 0.9291666666666666 0.9925 0.9275 0.9331250000000001 0.9275 0.9081250000000001 0.925 0.890625 0.9199999999999999 0.86625 0.9199999999999999 0.85625 0.9141666666666666 0.8450000000000001 0.9125 0.834375 0.9175000000000001 0.83375 0.93 0.828125 0.9383333333333332 0.813125 0.9391666666666666 0.805625 0.9458333333333334 0.805625 0.9791666666666666 0.8081250000000001 0.9824999999999999
0 0.835 0.4491666666666666 0.8293750000000001 0.4608333333333333 0.820625 0.45916666666666667 0.8225 0.46333333333333326 0.820625 0.4666666666666667 0.820625 0.47833333333333333 0.8231250000000001 0.48166666666666663 0.8231250000000001 0.5158333333333334 0.8300000000000001 0.55 0.8643750000000001 0.5875 0.8731250000000002 0.5925 0.8825000000000001 0.5941666666666666 0.92125 0.5908333333333333 0.9712500000000001 0.595 0.9925 0.5933333333333334 0.999375 0.5891666666666666 0.999375 0.5708333333333333 0.996875 0.5675 0.9975000000000002 0.5625 0.999375 0.5616666666666666 0.999375 0.5133333333333333 0.996875 0.5116666666666666 0.9956250000000001 0.5041666666666667 0.9956250000000001 0.4666666666666667 0.996875 0.45666666666666667 0.999375 0.45499999999999996 0.999375 0.42333333333333334 0.9806250000000001 0.4216666666666667 0.98125 0.42416666666666664 0.9712500000000001 0.43583333333333335 0.9693750000000001 0.44833333333333336 0.9668750000000002 0.45166666666666666 0.9575000000000001 0.4541666666666667 0.9356250000000002 0.4491666666666666 0.93 0.44000000000000006 0.9256249999999999 0.4375 0.913125 0.44333333333333336 0.905625 0.44000000000000006 0.8925000000000001 0.43916666666666665 0.884375 0.4341666666666667 0.8800000000000001 0.43916666666666665 0.8768750000000001 0.43583333333333335 0.8625 0.43166666666666664 0.8487500000000001 0.43499999999999994 0.844375 0.4416666666666667 0.835 0.4491666666666666
0 0.795625 0.8166666666666667 0.798125 0.8241666666666667 0.796875 0.8275 0.8006249999999999 0.8316666666666667 0.806875 0.8516666666666666 0.811875 0.8583333333333334 0.83375 0.9116666666666667 0.8331250000000001 0.9324999999999999 0.8275 0.9391666666666666 0.8125 0.9425000000000001 0.8075000000000001 0.9525 0.805625 0.9683333333333334 0.806875 0.9808333333333333 0.8162499999999999 0.9833333333333334 0.8150000000000001 0.9941666666666666 0.8168750000000001 0.9966666666666667 0.82125 0.9941666666666666 0.83625 0.9941666666666666 0.835 0.9883333333333333 0.838125 0.9858333333333332 0.8387500000000001 0.9875 0.8393750000000001 0.9824999999999999 0.8418750000000002 0.9808333333333333 0.8474999999999999 0.9949999999999999 0.859375 0.9949999999999999 0.8618750000000001 0.99 0.8668750000000001 0.9925 0.869375 0.99 0.8787499999999999 0.9891666666666665 0.88125 0.9908333333333333 0.8793750000000001 0.9941666666666666 0.8856250000000001 0.9966666666666667 0.9018750000000001 0.9966666666666667 0.9125 0.9925 0.9137500000000001 0.9941666666666666 0.9137500000000001 0.9883333333333333 0.9237500000000001 0.9949999999999999 0.946875 0.9958333333333333 0.95875 0.9991666666666668 0.971875 0.9949999999999999 0.9956250000000001 0.9941666666666666 0.9975000000000002 0.9783333333333333 0.999375 0.9775 0.999375 0.9225 0.9950000000000001 0.9166666666666666 0.99375 0.8975 0.9956250000000001 0.8891666666666665 0.993125 0.8825 0.9950000000000001 0.8800000000000001 0.996875 0.8608333333333332 0.9950000000000001 0.8558333333333333 0.9950000000000001 0.845 0.996875 0.8158333333333333 0.999375 0.8125 0.999375 0.7708333333333333 0.9943750000000001 0.7625 0.959375 0.76 0.945625 0.7641666666666667 0.930625 0.7625 0.928125 0.7649999999999999 0.920625 0.7641666666666667 0.915 0.7683333333333333 0.9106250000000001 0.7658333333333334 0.9043750000000002 0.7691666666666667 0.9018750000000001 0.7658333333333334 0.89 0.7608333333333334 0.8700000000000001 0.7641666666666667 0.8568749999999999 0.7616666666666666 0.8487500000000001 0.7741666666666667 0.84375 0.7783333333333333 0.8375 0.7791666666666667 0.8356250000000001 0.7825 0.8275 0.7841666666666667 0.8137500000000001 0.7766666666666666 0.8012500000000001 0.775 0.794375 0.7791666666666667 0.789375 0.7866666666666666 0.790625 0.8108333333333333 0.795625 0.8166666666666667
0 0.12687500000000002 0.515 0.12937500000000002 0.5116666666666666 0.13187500000000002 0.515 0.13562500000000002 0.5116666666666666 0.133125 0.5075000000000001 0.13062500000000002 0.5108333333333334 0.125 0.5108333333333334 0.12375 0.5116666666666666 0.12687500000000002 0.515
0 0.154375 0.5 0.155625 0.49749999999999994 0.153125 0.4966666666666667 0.151875 0.49833333333333335 0.154375 0.5
0 0.16062500000000002 0.4958333333333333 0.16375 0.4916666666666667 0.16812500000000002 0.495 0.17 0.49083333333333334 0.16125 0.4916666666666667 0.159375 0.49416666666666664 0.16062500000000002 0.4958333333333333
0 0.1609375 0.48359375 0.00234375 0.00078125
0 0.14875 0.4841666666666667 0.14250000000000002 0.4833333333333333 0.14375 0.48666666666666664 0.14875 0.4841666666666667
0 0.175 0.41796875 0.00078125 0.00078125
0 0.0037500000000000007 0.05 0.01125 0.05333333333333333 0.01 0.058333333333333334 0.005 0.06333333333333332 0.006875000000000001 0.07083333333333333 0.003125 0.08166666666666667 0.003125 0.09083333333333334 0 0.09416666666666666 0 0.19749999999999998 0.0018750000000000004 0.19833333333333333 0.0018750000000000004 0.2033333333333333 0 0.20416666666666666 0 0.25666666666666665 0.0025 0.25916666666666666 0.0025 0.2625 0 0.26416666666666666 0 0.3408333333333333 0.003125 0.3416666666666667 0 0.3466666666666667 0.0025 0.36083333333333334 0 0.365 0 0.36916666666666664 0.0025 0.3716666666666667 0.0018750000000000004 0.3783333333333333 0 0.37916666666666665 0 0.39666666666666667 0.003125 0.4 0.0025 0.4033333333333333 0 0.4041666666666667 0.0025 0.4058333333333334 0.0025 0.4083333333333333 0 0.4091666666666667 0 0.42333333333333334 0.0025 0.4258333333333333 0.003125 0.43499999999999994 0.01 0.4383333333333333 0.0037500000000000007 0.4425 0.0037500000000000007 0.4491666666666666 0.00875 0.4525 0 0.4616666666666666 0 0.4691666666666666 0.005 0.4766666666666667 0.0018750000000000004 0.48916666666666664 0.0025 0.5008333333333332 0.005 0.5033333333333333 0.01625 0.5025000000000001 0.015625 0.49833333333333335 0.00875 0.495 0.0125 0.4916666666666667 0.025 0.4966666666666667 0.033125 0.4966666666666667 0.035625000000000004 0.5066666666666666 0.03875 0.5083333333333333 0.060625000000000005 0.5116666666666666 0.0675 0.5033333333333333 0.078125 0.5025000000000001 0.1 0.49416666666666664 0.10250000000000001 0.49416666666666664 0.10562500000000001 0.5 0.10875000000000001 0.4966666666666667 0.12625000000000003 0.49916666666666665 0.13562500000000002 0.4916666666666667 0.13875 0.4875 0.13875 0.48083333333333333 0.14625000000000002 0.4758333333333333 0.14875 0.4708333333333333 0.15375 0.47833333333333333 0.16125 0.4766666666666667 0.165 0.4716666666666667 0.17750000000000002 0.47333333333333333 0.18250000000000002 0.46749999999999997 0.181875 0.46333333333333326 0.185 0.4575 0.184375 0.4491666666666666 0.18 0.4458333333333333 0.180625 0.43916666666666665 0.17875000000000002 0.4341666666666667 0.1675 0.4258333333333333 0.17 0.4216666666666667 0.17 0.41583333333333333 0.16687500000000002 0.4116666666666666 0.1675 0.40750000000000003 0.165 0.40499999999999997 0.165 0.40083333333333326 0.16187500000000002 0.3975 0.165 0.3683333333333333 0.16187500000000002 0.3591666666666667 0.17125 0.3458333333333333 0.171875 0.3383333333333333 0.18125 0.3283333333333333 0.185 0.3275 0.186875 0.3225 0.185 0.29833333333333334 0.181875 0.2925 0.185625 0.27166666666666667 0.185625 0.2533333333333333 0.181875 0.24916666666666668 0.164375 0.25 0.16062500000000002 0.2475 0.155625 0.24083333333333332 0.15 0.22083333333333335 0.14625000000000002 0.21416666666666667 0.143125 0.21333333333333332 0.140625 0.2058333333333333 0.11875 0.20166666666666666 0.11374999999999999 0.19416666666666665 0.114375 0.17833333333333332 0.11937500000000001 0.1725 0.128125 0.16833333333333333 0.138125 0.16833333333333333 0.135 0.16083333333333333 0.13375 0.11416666666666667 0.13 0.09333333333333334 0.11937500000000001 0.08 0.12312500000000001 0.07833333333333334 0.12062500000000001 0.07833333333333334 0.11937500000000001 0.06999999999999999 0.11374999999999999 0.08083333333333334 0.10250000000000001 0.07833333333333334 0.09187500000000001 0.08083333333333334 0.08937500000000001 0.06083333333333333 0.0825 0.04166666666666667 0.06875 0.020833333333333336 0.056874999999999995 0.024166666666666666 0.048125 0.023333333333333334 0.034375 0.020833333333333336 0.025625000000000002 0.013333333333333332 0.02125 0.013333333333333332 0.010625 0.019166666666666665 0.008125 0.025 0.005 0.025 0.00625 0.0325 0.0037500000000000007 0.03916666666666667 0.005625 0.04666666666666667 0.0037500000000000007 0.05
0 0 0.5650000000000001 0.0025 0.5666666666666667 0.0018750000000000004 0.5741666666666666 0 0.575 0 0.6591666666666667 0.01125 0.6649999999999999 0.03125 0.6658333333333333 0.052500000000000005 0.6716666666666666 0.110625 0.6783333333333333 0.11687499999999999 0.6758333333333333 0.1375 0.6575 0.148125 0.6141666666666666 0.14875 0.5925 0.155 0.5675 0.155 0.5591666666666667 0.15125000000000002 0.55 0.14 0.5516666666666666 0.12312500000000001 0.5483333333333333 0.11687499999999999 0.5408333333333333 0.11500000000000002 0.53 0.10562500000000001 0.5258333333333333 0.08375 0.5208333333333333 0.06375 0.5208333333333333 0.046875 0.5141666666666667 0.011875 0.5075000000000001 0 0.5075000000000001 0 0.5650000000000001
0 0.093125 0.155 0.10625 0.15416666666666667 0.10875000000000001 0.15083333333333332 0.10562500000000001 0.14416666666666667 0.10250000000000001 0.14250000000000002 0.096875 0.14333333333333334 0.095 0.14750000000000002 0.08937500000000001 0.14916666666666667 0.08875000000000001 0.15083333333333332 0.093125 0.155
0 0.1125 0.12265625 0.0015625 0.00078125
0 0 0.034999999999999996 0 0.04666666666666667 0.0018750000000000004 0.0475 0.004375 0.06333333333333332 0.004375 0.07166666666666667 0.0025 0.07833333333333334 0 0.08 0 0.14333333333333334 0.011875 0.14250000000000002 0.0125 0.145 0.00875 0.15166666666666667 0.015000000000000003 0.15 0.020625 0.15416666666666667 0.035 0.15333333333333332 0.03937500000000001 0.16 0.038125000000000006 0.17166666666666666 0.043125000000000004 0.17583333333333334 0.046875 0.17583333333333334 0.049375 0.17083333333333334 0.059375 0.1625 0.06375 0.16499999999999998 0.07 0.1625 0.08625000000000001 0.16333333333333333 0.08687500000000001 0.15916666666666665 0.080625 0.15666666666666668 0.07875000000000001 0.1525 0.08125 0.14750000000000002 0.08875000000000001 0.14416666666666667 0.08812500000000001 0.13833333333333334 0.093125 0.13666666666666666 0.09187500000000001 0.12416666666666668 0.09875 0.11750000000000001 0.10124999999999999 0.12583333333333332 0.10562500000000001 0.12666666666666665 0.1075 0.12333333333333334 0.10625 0.11916666666666667 0.10875000000000001 0.11499999999999999 0.1125 0.11583333333333332 0.11625 0.10916666666666666 0.1125 0.10416666666666667 0.108125 0.11166666666666666 0.104375 0.10583333333333333 0.10687500000000001 0.1025 0.10687500000000001 0.09416666666666666 0.11500000000000002 0.09333333333333334 0.12312500000000001 0.09916666666666667 0.12687500000000002 0.09833333333333333 0.12562500000000001 0.10916666666666666 0.13062500000000002 0.10666666666666666 0.12625000000000003 0.1075 0.128125 0.10083333333333333 0.13062500000000002 0.10083333333333333 0.13 0.09333333333333334 0.11750000000000001 0.0925 0.11125 0.08916666666666666 0.11125 0.08166666666666667 0.12312500000000001 0.08166666666666667 0.12250000000000001 0.07416666666666667 0.11937500000000001 0.06999999999999999 0.11625 0.075 0.096875 0.07166666666666667 0.0975 0.06666666666666667 0.09125000000000001 0.065 0.085625 0.045 0.07875000000000001 0.030833333333333334 0.0675 0.017499999999999998 0.051875000000000004 0.020833333333333336 0.040625 0.02 0.02125 0.010833333333333334 0.008125 0.018333333333333333 0.003125 0.02583333333333333 0.0025 0.0325 0 0.034999999999999996
0 0.880625 0.25416666666666665 0.8825000000000001 0.24833333333333335 0.8800000000000001 0.2475 0.8768750000000001 0.255 0.880625 0.25416666666666665
0 0.885 0.24583333333333335 0.884375 0.25 0.8875 0.25666666666666665 0.8943749999999999 0.25166666666666665 0.89 0.24833333333333335 0.889375 0.24083333333333332 0.8862500000000001 0.24083333333333332 0.8875 0.24500000000000002 0.885 0.24583333333333335
0 0.865 0.39916666666666667 0.878125 0.4091666666666667 0.88125 0.4216666666666667 0.8868750000000001 0.4333333333333333 0.9125 0.44000000000000006 0.9293750000000001 0.43666666666666665 0.93625 0.4458333333333333 0.9418750000000001 0.4491666666666666 0.961875 0.4525 0.9693750000000001 0.4491666666666666 0.98375 0.42333333333333334 0.999375 0.4175 0.999375 0.3908333333333333 0.996875 0.3883333333333333 0.9956250000000001 0.3775 0.9950000000000001 0.335 0.9956250000000001 0.315 0.9975000000000002 0.30666666666666664 0.999375 0.3058333333333333 0.999375 0.28500000000000003 0.9850000000000001 0.2833333333333333 0.9787500000000001 0.27999999999999997 0.9775 0.27416666666666667 0.9737500000000001 0.27666666666666667 0.9712500000000001 0.275 0.9712500000000001 0.2683333333333333 0.9756250000000002 0.26166666666666666 0.9775 0.2475 0.9737500000000001 0.2475 0.9700000000000001 0.2558333333333333 0.9643750000000001 0.2475 0.9568749999999999 0.24333333333333332 0.95625 0.23666666666666666 0.9493750000000001 0.24 0.9450000000000001 0.2375 0.940625 0.24 0.9175000000000001 0.24083333333333332 0.9175000000000001 0.2475 0.906875 0.2475 0.905 0.25666666666666665 0.899375 0.2525 0.89875 0.26083333333333336 0.890625 0.26 0.8868750000000001 0.2633333333333333 0.885 0.26749999999999996 0.8868750000000001 0.27083333333333337 0.8862500000000001 0.27666666666666667 0.874375 0.27749999999999997 0.865625 0.29333333333333333 0.8618750000000001 0.30666666666666664 0.8612500000000001 0.3525 0.865 0.39916666666666667
0 0.0037500000000000007 0.9833333333333334 0.0037500000000000007 0.9866666666666667 0.008125 0.9908333333333333 0.005625 0.9941666666666666 0.016875 0.9966666666666667 0.01875 0.9991666666666668 0.035625000000000004 0.9991666666666668 0.036875000000000005 0.9966666666666667 0.0425 0.9958333333333333 0.045 0.9916666666666666 0.046875 0.9958333333333333 0.046875 0.9925 0.05 0.9908333333333333 0.050624999999999996 0.9958333333333333 0.058125 0.9958333333333333 0.060625000000000005 0.9991666666666668 0.12562500000000001 0.9991666666666668 0.128125 0.985 0.13687500000000002 0.9733333333333333 0.13875 0.9633333333333333 0.13687500000000002 0.96 0.1375 0.9558333333333333 0.13 0.9591666666666667 0.12062500000000001 0.9724999999999999 0.10687500000000001 0.9816666666666667 0.058750000000000004 0.9733333333333333 0.05500000000000001 0.985 0.053125 0.9841666666666666 0.055625 0.9883333333333333 0.053125 0.99 0.0425 0.9883333333333333 0.040625 0.9841666666666666 0.04625 0.9808333333333333 0.046875 0.9775 0.04375 0.9716666666666667 0.03937500000000001 0.9716666666666667 0.036250000000000004 0.9766666666666666 0.029375000000000002 0.9650000000000001 0.025625000000000002 0.9633333333333333 0.00875 0.9650000000000001 0.01 0.9766666666666666 0.0037500000000000007 0.9833333333333334
0 0.6300000000000001 0.9658333333333333 0.635 0.9633333333333333 0.6300000000000001 0.9608333333333332 0.628125 0.9625 0.6300000000000001 0.9658333333333333
0 0.625 0.9458333333333334 0.63125 0.9383333333333332 0.6318750000000001 0.9324999999999999 0.628125 0.9316666666666666 0.6206250000000001 0.9425000000000001 0.62 0.9458333333333334 0.625 0.9458333333333334
0 0.515625 0.9333333333333333 0.5175000000000001 0.9283333333333333 0.515 0.9258333333333333 0.510625 0.93 0.51 0.9316666666666666 0.515625 0.9333333333333333
0 0.515625 0.9241666666666667 0.5162500000000001 0.9208333333333334 0.514375 0.9208333333333334 0.515625 0.9241666666666667
0 0.30812500000000004 0.9091666666666667 0.31062500000000004 0.9133333333333333 0.306875 0.9183333333333333 0.31062500000000004 0.9166666666666666 0.31875 0.9191666666666667 0.324375 0.9125 0.32937500000000003 0.915 0.32062500000000005 0.9041666666666666 0.32062500000000005 0.8983333333333332 0.30062500000000003 0.8983333333333332 0.3 0.9041666666666666 0.30812500000000004 0.9091666666666667
0 0.40437500000000004 0.9108333333333333 0.40437500000000004 0.9191666666666667 0.410625 0.9158333333333333 0.414375 0.9183333333333333 0.415625 0.9133333333333333 0.418125 0.9116666666666667 0.41625000000000006 0.9099999999999999 0.418125 0.9075 0.4175 0.9008333333333333 0.4131250000000001 0.9 0.410625 0.905 0.40499999999999997 0.8991666666666667 0.39875000000000005 0.8983333333333332 0.3975 0.8933333333333333 0.396875 0.9025000000000001 0.40437500000000004 0.9108333333333333
0 0.203125 0.9 0.20249999999999999 0.9041666666666666 0.20625 0.9041666666666666 0.21187499999999998 0.8983333333333332 0.21937500000000001 0.8975 0.216875 0.8875 0.20875 0.8891666666666665 0.20812500000000003 0.8991666666666667 0.203125 0.9
0 0.20750000000000002 0.8875 0.20812500000000003 0.8833333333333334 0.205625 0.8825 0.20500000000000002 0.8866666666666667 0.20750000000000002 0.8875
0 0.1975 0.8833333333333334 0.19625 0.8758333333333332 0.195625 0.8875 0.1975 0.8833333333333334
0 0.13187500000000002 0.8625 0.146875 0.8658333333333333 0.179375 0.8641666666666665 0.195625 0.8708333333333333 0.19875 0.8683333333333334 0.22749999999999998 0.8708333333333333 0.23125 0.8733333333333333 0.22937500000000002 0.8800000000000001 0.2375 0.8841666666666667 0.24000000000000005 0.8908333333333334 0.24312500000000004 0.8775000000000001 0.24625000000000002 0.8733333333333333 0.26875 0.8716666666666667 0.28375000000000006 0.8758333333333332 0.306875 0.8741666666666668 0.31375000000000003 0.8775000000000001 0.32625000000000004 0.8783333333333333 0.33 0.8833333333333334 0.334375 0.8833333333333334 0.334375 0.8800000000000001 0.33875 0.8833333333333334 0.33687500000000004 0.8783333333333333 0.35250000000000004 0.8775000000000001 0.396875 0.885 0.414375 0.885 0.414375 0.8908333333333334 0.416875 0.8958333333333334 0.426875 0.8933333333333333 0.43125 0.8949999999999999 0.433125 0.8916666666666666 0.441875 0.8991666666666667 0.45562500000000006 0.8908333333333334 0.46187500000000004 0.89 0.5050000000000001 0.8966666666666667 0.5318750000000001 0.8966666666666667 0.545 0.9 0.553125 0.9183333333333333 0.5581250000000001 0.905 0.5643750000000001 0.9033333333333333 0.6112500000000001 0.9099999999999999 0.638125 0.9099999999999999 0.64625 0.9133333333333333 0.64625 0.9216666666666666 0.650625 0.9258333333333333 0.6575 0.9199999999999999 0.6612500000000001 0.9216666666666666 0.6631250000000001 0.9166666666666666 0.6743750000000001 0.9158333333333333 0.7225 0.9225 0.748125 0.9216666666666666 0.7675000000000001 0.9283333333333333 0.7881250000000001 0.9291666666666666 0.8006249999999999 0.9324999999999999 0.8231250000000001 0.9324999999999999 0.828125 0.9283333333333333 0.8275 0.9108333333333333 0.815625 0.8875 0.7931250000000001 0.8308333333333333 0.785 0.8233333333333333 0.785625 0.8066666666666666 0.7831250000000001 0.7983333333333333 0.7725000000000001 0.7891666666666667 0.753125 0.7875 0.743125 0.7758333333333333 0.7368750000000001 0.7641666666666667 0.713125 0.7575000000000001 0.678125 0.7558333333333334 0.664375 0.7649999999999999 0.664375 0.77 0.661875 0.7733333333333333 0.6368750000000001 0.7733333333333333 0.6275000000000001 0.7649999999999999 0.6212500000000001 0.7508333333333332 0.603125 0.745 0.5943750000000001 0.7383333333333333 0.5643750000000001 0.7325 0.5431250000000001 0.7316666666666667 0.5325 0.7341666666666666 0.5268750000000001 0.7291666666666667 0.5118750000000001 0.7258333333333333 0.480625 0.7224999999999999 0.42125 0.7258333333333333 0.41125 0.7191666666666666 0.366875 0.7158333333333333 0.340625 0.7233333333333334 0.333125 0.73 0.324375 0.7441666666666666 0.32062500000000005 0.745 0.3175 0.7424999999999999 0.29625 0.7408333333333333 0.28875 0.7358333333333333 0.28500000000000003 0.7258333333333333 0.2775 0.72 0.26 0.7166666666666667 0.22937500000000002 0.7166666666666667 0.22375000000000003 0.7208333333333333 0.21375000000000002 0.7433333333333334 0.20125 0.7383333333333333 0.184375 0.7375 0.176875 0.7441666666666666 0.17375000000000002 0.7541666666666667 0.17375000000000002 0.78 0.170625 0.7891666666666667 0.16062500000000002 0.8033333333333333 0.154375 0.8166666666666667 0.150625 0.8166666666666667 0.143125 0.8241666666666667 0.13 0.8425 0.12875 0.8574999999999999 0.13187500000000002 0.8625
0 0.8931250000000001 0.21083333333333334 0.896875 0.215 0.89875 0.22166666666666668 0.9012500000000001 0.22333333333333333 0.89875 0.225 0.9012500000000001 0.2308333333333333 0.9075000000000001 0.22999999999999998 0.9112500000000001 0.2341666666666667 0.940625 0.23333333333333334 0.9487500000000001 0.2308333333333333 0.9581250000000001 0.2308333333333333 0.9712500000000001 0.23500000000000001 0.9775 0.2325 0.9875 0.23333333333333334 0.99 0.22999999999999998 0.990625 0.22166666666666668 0.9950000000000001 0.21333333333333332 0.9956250000000001 0.20750000000000002 0.9950000000000001 0.1525 0.9962500000000001 0.12583333333333332 0.999375 0.12250000000000001 0.999375 0.10500000000000001 0.9962500000000001 0.10083333333333333 0.9962500000000001 0.09833333333333333 0.999375 0.09666666666666666 0.999375 0.0875 0.996875 0.08499999999999999 0.999375 0.08 0.999375 0.07416666666666667 0.9962500000000001 0.06916666666666667 0.9943750000000001 0.0675 0.9818750000000002 0.07666666666666666 0.9650000000000001 0.1 0.9600000000000002 0.1025 0.9525 0.10166666666666666 0.945625 0.11166666666666666 0.9262500000000001 0.11750000000000001 0.92125 0.1275 0.9112500000000001 0.12916666666666668 0.9037499999999999 0.14666666666666667 0.9037499999999999 0.15166666666666667 0.8950000000000001 0.16416666666666666 0.8956250000000001 0.16833333333333333 0.8918750000000001 0.17833333333333332 0.8931250000000001 0.18916666666666665 0.8856250000000001 0.19916666666666666 0.8862500000000001 0.20916666666666667 0.8931250000000001 0.21083333333333334
0 0.05 0.28583333333333333 0.04875 0.2875 0.05 0.29083333333333333 0.05 0.28583333333333333
0 0.004375 0.03916666666666667 0.008125 0.042499999999999996 0.004375 0.04458333333333333 0.005 0.05166666666666666 0.01 0.05083333333333333 0.01 0.0325 0.0075000000000000015 0.0325 0.00875 0.034166666666666665 0.004375 0.03916666666666667
0 0.046875 0.026666666666666665 0.0425 0.028333333333333332 0.048125 0.029166666666666667 0.046875 0.026666666666666665
0 0.005 0.07416666666666667 0.0025 0.09333333333333334 0 0.09583333333333334 0.003125 0.10416666666666667 0 0.10833333333333332 0 0.1925 0.0018750000000000004 0.19333333333333333 0.006875000000000001 0.21083333333333334 0.015625 0.21749999999999997 0.028750000000000005 0.22166666666666668 0.029375000000000002 0.22833333333333333 0.0325 0.22749999999999998 0.040625 0.23666666666666666 0.041875 0.24416666666666664 0.03875 0.24833333333333335 0.04 0.25083333333333335 0.050624999999999996 0.25 0.05375 0.2475 0.05437500000000001 0.22999999999999998 0.051250000000000004 0.22416666666666668 0.05375 0.21000000000000002 0.059375 0.19833333333333333 0.066875 0.19166666666666668 0.074375 0.19166666666666668 0.078125 0.195 0.0925 0.19749999999999998 0.100625 0.20666666666666664 0.10187500000000001 0.2125 0.10500000000000001 0.21583333333333332 0.11750000000000001 0.215 0.12250000000000001 0.21916666666666665 0.12687500000000002 0.21916666666666665 0.13125 0.22416666666666668 0.13687500000000002 0.22000000000000003 0.140625 0.21333333333333332 0.14 0.21083333333333334 0.13687500000000002 0.21000000000000002 0.13625 0.2058333333333333 0.133125 0.2033333333333333 0.11812500000000001 0.19749999999999998 0.114375 0.18833333333333332 0.11625 0.18 0.11937500000000001 0.17666666666666667 0.14 0.16916666666666666 0.13562500000000002 0.15583333333333332 0.134375 0.12666666666666665 0.13187500000000002 0.12 0.1325 0.09833333333333333 0.12625000000000003 0.08416666666666667 0.11000000000000001 0.07916666666666666 0.09437500000000001 0.08083333333333334 0.090625 0.075 0.08812500000000001 0.05500000000000001 0.08125 0.03833333333333333 0.075 0.027500000000000004 0.0675 0.02 0.06000000000000001 0.0225 0.05500000000000001 0.027500000000000004 0.05625 0.03166666666666666 0.0625 0.034999999999999996 0.061875 0.0375 0.053125 0.03833333333333333 0.051250000000000004 0.04166666666666667 0.049375 0.04083333333333333 0.05 0.03833333333333333 0.0425 0.04083333333333333 0.04 0.04416666666666667 0.036875000000000005 0.03833333333333333 0.03375 0.03916666666666667 0.0325 0.04416666666666667 0.025625000000000002 0.04 0.023125 0.0475 0.02 0.04833333333333333 0.015625 0.05583333333333333 0.00625 0.06333333333333332 0.008125 0.07166666666666667 0.005 0.07416666666666667
0 0.015000000000000003 0.029166666666666667 0.018125000000000002 0.02583333333333333 0.029375000000000002 0.025 0.028750000000000005 0.029166666666666667 0.030625000000000003 0.03 0.03937500000000001 0.0225 0.025 0.013333333333333332 0.0175 0.01583333333333333 0.014375000000000002 0.025 0.015000000000000003 0.029166666666666667
0 0.12687500000000002 0.705 0.17125 0.7108333333333333 0.181875 0.73 0.1975 0.735 0.213125 0.735 0.22062500000000002 0.7141666666666666 0.23125 0.7125 0.26687500000000003 0.715 0.27437500000000004 0.7191666666666666 0.275625 0.7224999999999999 0.28125 0.7191666666666666 0.288125 0.7191666666666666 0.295625 0.7266666666666667 0.296875 0.7325 0.309375 0.7316666666666667 0.31375000000000003 0.7375 0.3171875 0.7375 0.3175 0.7333333333333333 0.32062500000000005 0.7375 0.33062500000000006 0.7216666666666667 0.3425 0.7208333333333333 0.358125 0.7141666666666666 0.375 0.7125 0.41937500000000005 0.7175 0.434375 0.7216666666666667 0.47125000000000006 0.7224999999999999 0.4800000000000001 0.7191666666666666 0.48187500000000005 0.7116666666666667 0.4875 0.7066666666666667 0.49312500000000004 0.7191666666666666 0.50625 0.7241666666666666 0.5625 0.7308333333333333 0.584375 0.7291666666666667 0.60875 0.7458333333333333 0.6168750000000001 0.7466666666666667 0.619375 0.75 0.62375 0.7491666666666666 0.634375 0.7616666666666666 0.641875 0.76 0.6475000000000001 0.7658333333333334 0.654375 0.7666666666666667 0.675625 0.7525 0.718125 0.755 0.740625 0.7625 0.7550000000000001 0.7808333333333334 0.76875 0.7841666666666667 0.779375 0.7833333333333333 0.7862500000000001 0.7791666666666667 0.7931250000000001 0.7666666666666667 0.8087500000000001 0.7658333333333334 0.820625 0.77 0.8418750000000002 0.7708333333333333 0.8456250000000001 0.7683333333333333 0.8487500000000001 0.7583333333333333 0.8450000000000001 0.7483333333333333 0.8375 0.7391666666666666 0.83375 0.7283333333333333 0.826875 0.6241666666666666 0.82125 0.6141666666666666 0.8162499999999999 0.6125 0.8162499999999999 0.6075 0.8143750000000001 0.6058333333333333 0.80625 0.6066666666666667 0.803125 0.6116666666666666 0.7993750000000001 0.6116666666666666 0.795625 0.6083333333333333 0.795 0.6016666666666667 0.7931250000000001 0.6008333333333333 0.789375 0.605 0.784375 0.5991666666666666 0.774375 0.595 0.7375 0.5916666666666667 0.726875 0.5933333333333334 0.695625 0.5875 0.6881250000000001 0.5900000000000001 0.686875 0.5958333333333333 0.685 0.5966666666666667 0.6793750000000001 0.5883333333333333 0.655625 0.58 0.6162500000000001 0.5816666666666667 0.608125 0.5775 0.5700000000000001 0.5766666666666667 0.550625 0.5700000000000001 0.515 0.5675 0.504375 0.5708333333333333 0.49437500000000006 0.5666666666666667 0.46312500000000006 0.5675 0.45375000000000004 0.5633333333333332 0.42437500000000006 0.5608333333333333 0.40812499999999996 0.5616666666666666 0.40062500000000006 0.5650000000000001 0.39375 0.5608333333333333 0.355625 0.5616666666666666 0.34937500000000005 0.5583333333333333 0.31812500000000005 0.5533333333333333 0.293125 0.5566666666666666 0.290625 0.5541666666666667 0.248125 0.5541666666666667 0.2375 0.55 0.20875 0.55 0.196875 0.5541666666666667 0.18875000000000003 0.5691666666666666 0.18250000000000002 0.5633333333333332 0.171875 0.5616666666666666 0.16625 0.5641666666666667 0.159375 0.5716666666666667 0.154375 0.5841666666666667 0.15125000000000002 0.6 0.150625 0.605 0.15375 0.6116666666666666 0.14750000000000002 0.6241666666666666 0.143125 0.6541666666666667 0.139375 0.6666666666666667 0.121875 0.6891666666666667 0.12250000000000001 0.7008333333333333 0.12687500000000002 0.705
0 0.8162499999999999 0.24833333333333335 0.8150000000000001 0.2475 0.8137500000000001 0.24833333333333335 0.8162499999999999 0.24833333333333335
0 0.4912500000000001 0.23583333333333334 0.49312500000000004 0.22833333333333333 0.48875 0.22833333333333333 0.48812500000000003 0.23166666666666663 0.4912500000000001 0.23583333333333334
0 0.18812500000000001 0.3025 0.19187500000000002 0.32333333333333336 0.18812500000000001 0.33333333333333337 0.178125 0.3433333333333333 0.170625 0.3725 0.170625 0.38249999999999995 0.175 0.3975 0.17875000000000002 0.4058333333333334 0.183125 0.41 0.20875 0.41083333333333333 0.21187499999999998 0.4041666666666667 0.21000000000000002 0.40083333333333326 0.216875 0.39416666666666667 0.22062500000000002 0.38 0.22687500000000002 0.375 0.238125 0.37333333333333335 0.25 0.37666666666666665 0.275625 0.37583333333333335 0.28625 0.38166666666666665 0.294375 0.38249999999999995 0.29625 0.385 0.29625 0.3933333333333333 0.293125 0.4041666666666667 0.296875 0.4116666666666666 0.30250000000000005 0.4141666666666667 0.316875 0.41083333333333333 0.31625000000000003 0.40750000000000003 0.32125000000000004 0.40499999999999997 0.325 0.39916666666666667 0.325625 0.39 0.33187500000000003 0.3808333333333333 0.34125 0.37916666666666665 0.3925 0.38333333333333336 0.4025 0.38666666666666666 0.421875 0.38333333333333336 0.43125 0.38583333333333336 0.43375 0.3908333333333333 0.4375 0.39 0.43937499999999996 0.38583333333333336 0.45437500000000003 0.39 0.48812500000000003 0.385 0.49812500000000004 0.3908333333333333 0.5050000000000001 0.38916666666666666 0.51375 0.39166666666666666 0.525625 0.39 0.55 0.39249999999999996 0.553125 0.39583333333333337 0.5518750000000001 0.3983333333333333 0.5387500000000001 0.40083333333333326 0.5475000000000001 0.4025 0.54625 0.41083333333333333 0.5493750000000001 0.41833333333333333 0.553125 0.41833333333333333 0.5543750000000001 0.41500000000000004 0.555 0.41083333333333333 0.5525 0.40750000000000003 0.5525 0.4033333333333333 0.566875 0.39249999999999996 0.5962500000000001 0.39583333333333337 0.6056250000000001 0.39916666666666667 0.60875 0.4041666666666667 0.630625 0.39916666666666667 0.639375 0.40166666666666667 0.64375 0.40750000000000003 0.6475000000000001 0.4083333333333333 0.65 0.4116666666666666 0.6475000000000001 0.41833333333333333 0.654375 0.41916666666666663 0.6612500000000001 0.42666666666666664 0.6625 0.42833333333333334 0.6581250000000001 0.43083333333333335 0.6568750000000001 0.43499999999999994 0.661875 0.43583333333333335 0.664375 0.43916666666666665 0.681875 0.4383333333333333 0.69375 0.4116666666666666 0.7106250000000001 0.40499999999999997 0.740625 0.4116666666666666 0.760625 0.4125 0.765625 0.41916666666666663 0.76875 0.4408333333333333 0.7725000000000001 0.44833333333333336 0.785625 0.45166666666666666 0.806875 0.44833333333333336 0.8137500000000001 0.4375 0.8168750000000001 0.42666666666666664 0.8243750000000001 0.42000000000000004 0.871875 0.42416666666666664 0.8768750000000001 0.4175 0.8762500000000001 0.41083333333333333 0.8731250000000002 0.40750000000000003 0.8643750000000001 0.40499999999999997 0.8618750000000001 0.3983333333333333 0.8606250000000001 0.36416666666666664 0.8575000000000002 0.34750000000000003 0.8556250000000001 0.3058333333333333 0.8525 0.28833333333333333 0.8450000000000001 0.2833333333333333 0.8262500000000002 0.2833333333333333 0.8175000000000001 0.2791666666666667 0.809375 0.2475 0.8006249999999999 0.23916666666666667 0.795625 0.23833333333333334 0.7931250000000001 0.23333333333333334 0.774375 0.23500000000000001 0.7618750000000001 0.24 0.758125 0.2341666666666667 0.7550000000000001 0.24333333333333332 0.746875 0.25166666666666665 0.7475 0.25916666666666666 0.745 0.265 0.746875 0.2725 0.715625 0.26916666666666667 0.7081250000000001 0.2733333333333333 0.70125 0.25833333333333336 0.6987500000000001 0.23916666666666667 0.700625 0.23833333333333334 0.701875 0.24166666666666664 0.7037500000000001 0.2341666666666667 0.7025 0.2325 0.698125 0.23500000000000001 0.6925000000000001 0.23166666666666663 0.6881250000000001 0.22833333333333333 0.68625 0.22000000000000003 0.684375 0.2225 0.6831250000000001 0.21916666666666665 0.675 0.2225 0.6737500000000001 0.21916666666666665 0.670625 0.22083333333333335 0.66875 0.21833333333333332 0.6675000000000001 0.2225 0.665 0.22166666666666668 0.664375 0.21833333333333332 0.6625 0.22000000000000003 0.6631250000000001 0.225 0.660625 0.22416666666666668 0.659375 0.22000000000000003 0.654375 0.2225 0.653125 0.22000000000000003 0.65 0.225 0.64875 0.21916666666666665 0.641875 0.21666666666666665 0.634375 0.22666666666666666 0.6275000000000001 0.23166666666666663 0.62625 0.22749999999999998 0.623125 0.22833333333333333 0.6162500000000001 0.21583333333333332 0.613125 0.22000000000000003 0.603125 0.2225 0.6034375000000001 0.22000000000000003 0.599375 0.21916666666666665 0.5943750000000001 0.22166666666666668 0.5875 0.2125 0.5775 0.21583333333333332 0.5675000000000001 0.21083333333333334 0.5625 0.21666666666666665 0.5575 0.21749999999999997 0.550625 0.215 0.55 0.21000000000000002 0.54625 0.2125 0.5431250000000001 0.20666666666666664 0.54 0.20833333333333334 0.5375 0.2058333333333333 0.525625 0.20416666666666666 0.516875 0.21083333333333334 0.5050000000000001 0.2058333333333333 0.504375 0.22333333333333333 0.50875 0.22583333333333333 0.510625 0.23166666666666663 0.5075000000000001 0.24 0.50875 0.24500000000000002 0.50125 0.2533333333333333 0.49812500000000004 0.2475 0.48500000000000004 0.24583333333333335 0.484375 0.2375 0.4800000000000001 0.2375 0.47750000000000004 0.2341666666666667 0.47875000000000006 0.22333333333333333 0.473125 0.21416666666666667 0.46687500000000004 0.21666666666666665 0.4525 0.21083333333333334 0.42312500000000003 0.21083333333333334 0.421875 0.205 0.414375 0.20249999999999999 0.405625 0.21333333333333332 0.3975 0.20750000000000002 0.39312500000000006 0.20833333333333334 0.39375 0.22416666666666668 0.403125 0.22916666666666666 0.398125 0.2375 0.398125 0.24166666666666664 0.39375 0.24083333333333332 0.4 0.24416666666666664 0.3975 0.25 0.37375 0.25 0.36312500000000003 0.24666666666666667 0.36062500000000003 0.23333333333333334 0.3625 0.2308333333333333 0.366875 0.23166666666666663 0.37062500000000004 0.22583333333333333 0.36312500000000003 0.21666666666666665 0.36062500000000003 0.20916666666666667 0.35750000000000004 0.20833333333333334 0.355625 0.21583333333333332 0.34875 0.2058333333333333 0.315625 0.20833333333333334 0.30500000000000005 0.21416666666666667 0.296875 0.23583333333333334 0.29375 0.2525 0.29000000000000004 0.2558333333333333 0.283125 0.24833333333333335 0.253125 0.24500000000000002 0.24937500000000004 0.23166666666666663 0.24500000000000002 0.22666666666666666 0.24562500000000004 0.2225 0.23937500000000003 0.21166666666666667 0.234375 0.20750000000000002 0.224375 0.20666666666666664 0.21375000000000002 0.20916666666666667 0.20437500000000003 0.21666666666666665 0.195 0.23916666666666667 0.19187500000000002 0.2533333333333333 0.18812500000000001 0.2816666666666666 0.18812500000000001 0.3025
0 0.16875 0.8866666666666667 0.169375 0.8941666666666667 0.16625 0.9125 0.16062500000000002 0.9241666666666667 0.15125000000000002 0.9358333333333333 0.14187500000000003 0.9724999999999999 0.12937500000000002 0.9933333333333334 0.13562500000000002 0.9991666666666668 0.16187500000000002 0.9991666666666668 0.1675 0.9966666666666667 0.18875000000000003 0.9958333333333333 0.1975 0.9916666666666666 0.19937500000000002 0.9941666666666666 0.19875 0.99 0.20187500000000003 0.9875 0.20500000000000002 0.9875 0.20625 0.9941666666666666 0.210625 0.9925 0.21187499999999998 0.9949999999999999 0.215 0.9916666666666666 0.215625 0.9949999999999999 0.22687500000000002 0.9949999999999999 0.2375 0.9908333333333333 0.240625 0.9949999999999999 0.246875 0.9958333333333333 0.27125000000000005 0.9949999999999999 0.27375000000000005 0.9891666666666665 0.27875 0.9883333333333333 0.28250000000000003 0.9941666666666666 0.319375 0.9991666666666668 0.3325 0.9991666666666668 0.334375 0.9966666666666667 0.343125 0.9958333333333333 0.374375 0.9958333333333333 0.388125 0.9925 0.395 0.9941666666666666 0.40062500000000006 0.99 0.414375 0.9875 0.43187500000000006 0.9908333333333333 0.43500000000000005 0.9949999999999999 0.45187499999999997 0.9991666666666668 0.475 0.9991666666666668 0.47625 0.9966666666666667 0.48875 0.9949999999999999 0.5362500000000001 0.9966666666666667 0.5375 0.9991666666666668 0.570625 0.9991666666666668 0.578125 0.9958333333333333 0.5850000000000001 0.9966666666666667 0.58625 0.9991666666666668 0.604375 0.9991666666666668 0.6100000000000001 0.9958333333333333 0.6225 0.9958333333333333 0.6275000000000001 0.9991666666666668 0.6768750000000001 0.9991666666666668 0.678125 0.9966666666666667 0.7212500000000001 0.9991666666666668 0.72875 0.99 0.7362500000000001 0.9883333333333333 0.7412500000000001 0.99 0.74 0.9941666666666666 0.7475 0.9991666666666668 0.771875 0.9949999999999999 0.775625 0.9891666666666665 0.78125 0.99 0.780625 0.9941666666666666 0.7887500000000001 0.9991666666666668 0.80375 0.9991666666666668 0.8081250000000001 0.9941666666666666 0.80375 0.9858333333333332 0.8025 0.9516666666666665 0.8087500000000001 0.945 0.806875 0.9408333333333333 0.790625 0.9324999999999999 0.7612500000000001 0.9308333333333334 0.75125 0.9266666666666665 0.7350000000000001 0.925 0.6993750000000001 0.9241666666666667 0.6725000000000001 0.9191666666666667 0.6587500000000001 0.9216666666666666 0.654375 0.9258333333333333 0.6475000000000001 0.9258333333333333 0.64375 0.9216666666666666 0.644375 0.9183333333333333 0.624375 0.9133333333333333 0.6168750000000001 0.915 0.619375 0.9216666666666666 0.6125 0.925 0.6075 0.9141666666666666 0.5806250000000001 0.9066666666666666 0.55625 0.9058333333333334 0.5518750000000001 0.9091666666666667 0.546875 0.9041666666666666 0.529375 0.8983333333333332 0.5050000000000001 0.9008333333333333 0.46375 0.8925000000000001 0.45625 0.8941666666666667 0.43375 0.8891666666666665 0.41937500000000005 0.8908333333333334 0.4125 0.8866666666666667 0.40437500000000004 0.89 0.396875 0.8875 0.39375 0.89 0.38875000000000004 0.8858333333333333 0.355625 0.8808333333333334 0.33875 0.8800000000000001 0.335 0.8825 0.334375 0.8800000000000001 0.3325 0.885 0.33 0.885 0.321875 0.8800000000000001 0.261875 0.875 0.24250000000000002 0.8766666666666666 0.23374999999999999 0.8808333333333334 0.22687500000000002 0.8800000000000001 0.22375000000000003 0.8733333333333333 0.20875 0.8716666666666667 0.195625 0.875 0.195 0.8800000000000001 0.1875 0.8724999999999999 0.178125 0.8683333333333334 0.165 0.8691666666666666 0.16187500000000002 0.8758333333333332 0.1625 0.8800000000000001 0.16875 0.8866666666666667
0 0.865 0.3983333333333333 0.8768750000000001 0.4058333333333334 0.883125 0.4225 0.8875 0.4208333333333333 0.8918750000000001 0.425 0.8943749999999999 0.42833333333333334 0.8931250000000001 0.43499999999999994 0.9181250000000001 0.43916666666666665 0.9293750000000001 0.43 0.9325000000000001 0.4325 0.9325000000000001 0.4383333333333333 0.93625 0.4458333333333333 0.9512500000000002 0.45166666666666666 0.965625 0.45166666666666666 0.9725000000000001 0.44666666666666666 0.984375 0.4216666666666667 0.999375 0.41583333333333333 0.999375 0.39249999999999996 0.9975000000000002 0.39166666666666666 0.9956250000000001 0.37916666666666665 0.9950000000000001 0.33416666666666667 0.9956250000000001 0.3158333333333333 0.9975000000000002 0.305 0.999375 0.30416666666666664 0.999375 0.29166666666666663 0.996875 0.2875 0.999375 0.28250000000000003 0.999375 0.27 0.9962500000000001 0.26749999999999996 0.9912500000000002 0.2558333333333333 0.9912500000000002 0.2475 0.9956250000000001 0.2375 0.993125 0.22999999999999998 0.9956250000000001 0.22416666666666668 0.9962500000000001 0.21083333333333334 0.99375 0.195 0.9950000000000001 0.13333333333333333 0.993125 0.12583333333333332 0.9950000000000001 0.12250000000000001 0.999375 0.12333333333333334 0.999375 0.10416666666666667 0.9950000000000001 0.10083333333333333 0.9850000000000001 0.1 0.9631250000000001 0.10166666666666666 0.9493750000000001 0.13333333333333333 0.945625 0.13333333333333333 0.9425000000000001 0.1275 0.9387500000000001 0.12583333333333332 0.92125 0.12583333333333332 0.9106250000000001 0.1325 0.899375 0.15916666666666665 0.8862500000000001 0.20166666666666666 0.8868750000000001 0.20833333333333334 0.89375 0.20916666666666667 0.89625 0.2125 0.8975 0.2308333333333333 0.89125 0.23833333333333334 0.8793750000000001 0.24083333333333332 0.875 0.24500000000000002 0.875 0.25666666666666665 0.8775000000000001 0.2625 0.878125 0.2725 0.865 0.29583333333333334 0.865625 0.30416666666666664 0.8625 0.3091666666666667 0.8618750000000001 0.355 0.865 0.3983333333333333
0 0 0.8416666666666666 0.0025 0.8441666666666666 0.0037500000000000007 0.8550000000000001 0.0025 0.8658333333333333 0 0.8683333333333334 0 0.9066666666666666 0.0018750000000000004 0.9075 0.0018750000000000004 0.9108333333333333 0 0.9116666666666667 0 0.99 0.0025 0.9941666666666666 0.01125 0.9991666666666668 0.029375000000000002 0.9991666666666668 0.043125000000000004 0.9933333333333334 0.06875 0.9949999999999999 0.07312500000000001 0.9991666666666668 0.083125 0.9991666666666668 0.084375 0.9966666666666667 0.08625000000000001 0.9991666666666668 0.103125 0.9991666666666668 0.10500000000000001 0.9958333333333333 0.12250000000000001 0.9949999999999999 0.12312500000000001 0.99 0.12062500000000001 0.9875 0.12000000000000002 0.9783333333333333 0.13 0.9783333333333333 0.13687500000000002 0.9708333333333334 0.13625 0.96 0.14375 0.9516666666666665 0.148125 0.9349999999999999 0.16187500000000002 0.9125 0.16625 0.9008333333333333 0.165625 0.8916666666666666 0.155625 0.8841666666666667 0.155 0.8724999999999999 0.13187500000000002 0.8683333333333334 0.12625000000000003 0.8641666666666665 0.12437500000000001 0.8474999999999999 0.13 0.8291666666666666 0.121875 0.8275 0.099375 0.8358333333333332 0.08687500000000001 0.8358333333333332 0.068125 0.8316666666666667 0.0625 0.8333333333333334 0.05500000000000001 0.8283333333333334 0.015000000000000003 0.8241666666666667 0.0025 0.82 0 0.8208333333333334 0 0.8416666666666666