0 0.6890034364261168 0.503125 0.6924398625429553 0.5 0.7010309278350516 0.50234375 0.711340206185567 0.5 0.7422680412371134 0.5 0.7628865979381444 0.503125 0.7817869415807561 0.50078125 0.8470790378006873 0.50234375 0.8762886597938145 0.50078125 0.8969072164948454 0.496875 0.8934707903780069 0.48046875 0.8316151202749141 0.48125 0.816151202749141 0.47734375 0.8058419243986255 0.48125 0.7817869415807561 0.48125 0.7749140893470792 0.4765625 0.7611683848797252 0.48046875 0.7491408934707905 0.48046875 0.7508591065292097 0.47734375 0.7439862542955327 0.48203125 0.7302405498281788 0.4796875 0.7079037800687286 0.4828125 0.6993127147766324 0.48125 0.6786941580756014 0.48359375 0.6701030927835052 0.490625 0.6718213058419245 0.5 0.6890034364261168 0.503125
0 0.8934707903780069 0.4015625 0.8780068728522338 0.40859375 0.9278350515463918 0.39296875 0.9982817869415808 0.39140625 0.9982817869415808 0.35390625 0.9072164948453609 0.35625 0.8762886597938145 0.3796875 0.8745704467353953 0.40078125 0.8934707903780069 0.4015625
0 0.8195876288659795 0.453125 0.8264604810996564 0.46015625 0.8350515463917526 0.4625 0.845360824742268 0.4640625 0.8608247422680414 0.46171875 0.8659793814432991 0.459375 0.8556701030927837 0.4015625 0.8505154639175257 0.39921875 0.816151202749141 0.40078125 0.8058419243986255 0.4078125 0.8109965635738833 0.45234375 0.8195876288659795 0.453125
0 0.6219931271477663 0.62265625 0.6185567010309279 0.61875 0.6151202749140894 0.62265625 0.6219931271477663 0.62265625
0 0.6374570446735396 0.584375 0.6271477663230242 0.58359375 0.6219931271477663 0.57734375 0.6151202749140894 0.5796875 0.6116838487972509 0.5765625 0.604810996563574 0.5875 0.6374570446735396 0.584375
0 0.596875 0.57109375 0.0015625 0.0015625
0 0.58359375 0.5703125 0.0015625 0.00234375
0 0.668384879725086 0.58359375 0.6769759450171822 0.59375 0.7079037800687286 0.6046875 0.7268041237113403 0.6203125 0.7611683848797252 0.6296875 0.7680412371134021 0.6390625 0.7749140893470792 0.6390625 0.7749140893470792 0.64453125 0.7783505154639176 0.63046875 0.7731958762886599 0.6296875 0.7731958762886599 0.6265625 0.7783505154639176 0.62734375 0.7646048109965636 0.61953125 0.7594501718213059 0.61953125 0.7577319587628867 0.6125 0.7646048109965636 0.6109375 0.7680412371134021 0.61328125 0.7766323024054984 0.609375 0.7869415807560138 0.61328125 0.7989690721649485 0.6046875 0.816151202749141 0.603125 0.8625429553264606 0.62890625 0.8780068728522338 0.6203125 0.8883161512027492 0.621875 0.8934707903780069 0.63515625 0.9072164948453609 0.6484375 0.9140893470790379 0.646875 0.9175257731958764 0.6359375 0.9243986254295533 0.63203125 0.9432989690721649 0.634375 0.9845360824742269 0.67578125 0.9896907216494846 0.67734375 0.9965635738831615 0.675 0.9982817869415808 0.565625 0.8969072164948454 0.56484375 0.8780068728522338 0.5671875 0.8711340206185568 0.56484375 0.8487972508591065 0.565625 0.8247422680412372 0.5625 0.7938144329896908 0.56640625 0.7491408934707905 0.56484375 0.7336769759450172 0.5703125 0.7302405498281788 0.5765625 0.7199312714776632 0.57421875 0.6890034364261168 0.57421875 0.6804123711340206 0.578125 0.6804123711340206 0.5703125 0.6735395189003437 0.5671875 0.6563573883161513 0.56875 0.6477663230240551 0.56328125 0.6323024054982819 0.5640625 0.6271477663230242 0.56875 0.668384879725086 0.58359375
0 0.9003436426116839 0.49921875 0.9003436426116839 0.509375 0.9072164948453609 0.515625 0.9192439862542956 0.51875 0.9278350515463918 0.52578125 0.9347079037800687 0.5234375 0.957044673539519 0.528125 0.9725085910652922 0.52421875 0.9879725085910653 0.52578125 0.9948453608247423 0.50703125 0.993127147766323 0.4703125 0.9982817869415808 0.46796875 0.9879725085910653 0.465625 0.993127147766323 0.4625 0.9982817869415808 0.46359374999999997 0.9982817869415808 0.44609375 0.9862542955326461 0.465625 0.9725085910652922 0.4734375 0.9656357388316152 0.47109375 0.9604810996563575 0.47421875 0.9415807560137457 0.475 0.9312714776632303 0.4796875 0.9261168384879725 0.4765625 0.9140893470790379 0.4765625 0.9106529209621994 0.4796875 0.9089347079037802 0.49140625 0.9003436426116839 0.49921875
0 0.6288659793814434 0.50625 0.661512027491409 0.50234375 0.6924398625429553 0.50625 0.7199312714776632 0.50078125 0.7491408934707905 0.5015625 0.7680412371134021 0.5046875 0.7800687285223369 0.5015625 0.8780068728522338 0.5015625 0.8969072164948454 0.49921875 0.8986254295532646 0.49453125 0.8969072164948454 0.47890625 0.8900343642611684 0.4703125 0.879725085910653 0.46953125 0.8659793814432991 0.47734375 0.8487972508591065 0.46640625 0.8367697594501718 0.46875 0.8316151202749141 0.46640625 0.8213058419243987 0.47265625 0.816151202749141 0.46640625 0.8006872852233677 0.46796875 0.7886597938144331 0.46640625 0.7886597938144331 0.46328125 0.7800687285223369 0.46640625 0.7646048109965636 0.46640625 0.7663230240549829 0.4734375 0.7577319587628867 0.4765625 0.7336769759450172 0.465625 0.7147766323024055 0.4765625 0.6975945017182131 0.47421875 0.6907216494845361 0.46640625 0.6838487972508591 0.46640625 0.6357388316151203 0.48046875 0.6254295532646049 0.490625 0.6237113402061857 0.5046875 0.6288659793814434 0.50625
0 0.7714776632302407 0.46328125 0.7817869415807561 0.4609375 0.8041237113402062 0.46328125 0.802405498281787 0.43671875 0.79553264604811 0.43515625 0.7903780068728523 0.4375 0.7800687285223369 0.43359375 0.7714776632302407 0.43515625 0.7646048109965636 0.43125 0.7594501718213059 0.434375 0.7611683848797252 0.459375 0.7714776632302407 0.46328125
0 0.7405498281786942 0.57890625 0.7611683848797252 0.5828125 0.7783505154639176 0.59296875 0.809278350515464 0.596875 0.8264604810996564 0.60234375 0.845360824742268 0.61796875 0.8694158075601376 0.63125 0.8848797250859107 0.6609375 0.9037800687285223 0.675 0.9467353951890034 0.6921875 0.9982817869415808 0.6984375 0.9982817869415808 0.56640625 0.9037800687285223 0.5640625 0.8762886597938145 0.56796875 0.8694158075601376 0.565625 0.8470790378006873 0.56640625 0.8127147766323025 0.56328125 0.7938144329896908 0.5671875 0.7491408934707905 0.565625 0.7353951890034365 0.57109375 0.7336769759450172 0.575 0.7405498281786942 0.57890625
0 0.8264604810996564 0.55546875 0.8367697594501718 0.55390625 0.8316151202749141 0.55 0.8247422680412372 0.553125 0.8264604810996564 0.55546875
0 0.7405498281786942 0.553125 0.7405498281786942 0.55703125 0.7577319587628867 0.56015625 0.7491408934707905 0.55546875 0.7611683848797252 0.55 0.7542955326460482 0.55234375 0.7474226804123713 0.55078125 0.7474226804123713 0.5546875 0.7405498281786942 0.553125
0 0.6288659793814434 0.53984375 0.6563573883161513 0.5390625 0.6786941580756014 0.54453125 0.7130584192439863 0.53984375 0.7646048109965636 0.54375 0.816151202749141 0.54375 0.8230240549828179 0.54140625 0.88659793814433 0.5421875 0.8986254295532646 0.53828125 0.9003436426116839 0.521875 0.8917525773195877 0.51171875 0.8831615120274915 0.509375 0.8659793814432991 0.5171875 0.845360824742268 0.51796875 0.8298969072164949 0.51328125 0.816151202749141 0.5140625 0.8109965635738833 0.5109375 0.8041237113402062 0.5109375 0.8006872852233677 0.5171875 0.7920962199312716 0.5140625 0.7817869415807561 0.51640625 0.7731958762886599 0.51171875 0.7714776632302407 0.515625 0.7577319587628867 0.51953125 0.7405498281786942 0.51953125 0.7371134020618557 0.5109375 0.7147766323024055 0.51796875 0.7044673539518901 0.51796875 0.6975945017182131 0.5125 0.6907216494845361 0.5140625 0.6821305841924399 0.51015625 0.661512027491409 0.5109375 0.6477663230240551 0.51953125 0.6323024054982819 0.51796875 0.6254295532646049 0.52265625 0.6237113402061857 0.53671875 0.6288659793814434 0.53984375
0 0.6254295532646049 0.55703125 0.6323024054982819 0.56328125 0.6443298969072165 0.5625 0.6701030927835052 0.5671875 0.6821305841924399 0.5625 0.6855670103092784 0.57109375 0.6941580756013745 0.575 0.7096219931271478 0.57421875 0.7268041237113403 0.57734375 0.731958762886598 0.57578125 0.7491408934707905 0.56015625 0.731958762886598 0.56171875 0.7027491408934708 0.559375 0.6890034364261168 0.5640625 0.6735395189003437 0.55703125 0.6786941580756014 0.55234375 0.6872852233676976 0.5515625 0.6838487972508591 0.546875 0.6580756013745706 0.53984375 0.6357388316151203 0.540625 0.6254295532646049 0.54296875 0.6254295532646049 0.55703125
0 0.7886597938144331 0.6109375 0.7835051546391754 0.60546875 0.7903780068728523 0.60546875 0.7783505154639176 0.6046875 0.7783505154639176 0.609375 0.7886597938144331 0.6109375
0 0.7010309278350516 0.5984375 0.7096219931271478 0.59921875 0.7147766323024055 0.60859375 0.7336769759450172 0.62265625 0.7439862542955327 0.625 0.7594501718213059 0.625 0.7542955326460482 0.61484375 0.7646048109965636 0.6078125 0.7611683848797252 0.6015625 0.7680412371134021 0.59609375 0.8230240549828179 0.603125 0.845360824742268 0.61953125 0.8505154639175257 0.61953125 0.8625429553264606 0.62890625 0.8711340206185568 0.63046875 0.879725085910653 0.64765625 0.8848797250859107 0.6453125 0.8900343642611684 0.6484375 0.8848797250859107 0.65 0.8883161512027492 0.66171875 0.8934707903780069 0.665625 0.8986254295532646 0.66484375 0.9140893470790379 0.67890625 0.9381443298969072 0.6859375 0.9415807560137457 0.68125 0.9484536082474226 0.6796875 0.9621993127147768 0.68515625 0.9553264604810998 0.68984375 0.963917525773196 0.68515625 0.9725085910652922 0.68515625 0.9776632302405499 0.69453125 0.9982817869415808 0.6953125 0.9982817869415808 0.56640625 0.8969072164948454 0.56484375 0.879725085910653 0.56796875 0.8694158075601376 0.56484375 0.8505154639175257 0.56640625 0.8213058419243987 0.56328125 0.79553264604811 0.56640625 0.7508591065292097 0.56484375 0.7353951890034365 0.56875 0.7336769759450172 0.58046875 0.725085910652921 0.5828125 0.718213058419244 0.58203125 0.718213058419244 0.5796875 0.7096219931271478 0.58359375 0.7044673539518901 0.57578125 0.6872852233676976 0.584375 0.6872852233676976 0.5921875 0.7010309278350516 0.5984375
0 0.7611683848797252 0.56328125 0.7886597938144331 0.56875 0.7972508591065293 0.5671875 0.802405498281787 0.56171875 0.802405498281787 0.5578125 0.7920962199312716 0.55625 0.7835051546391754 0.54921875 0.7680412371134021 0.55 0.7714776632302407 0.54609375 0.7560137457044674 0.55703125 0.7542955326460482 0.56015625 0.7611683848797252 0.56328125
0 0.8367697594501718 0.5625 0.8591065292096222 0.56953125 0.8934707903780069 0.5640625 0.8934707903780069 0.5609375 0.8814432989690723 0.55546875 0.8762886597938145 0.55859375 0.8659793814432991 0.5578125 0.8436426116838488 0.5453125 0.8316151202749141 0.54609375 0.8350515463917526 0.5515625 0.8298969072164949 0.553125 0.8178694158075602 0.55078125 0.809278350515464 0.55234375 0.8075601374570448 0.55703125 0.8159021863638628 0.5623414855072464 0.8333333333333334 0.5578125 0.8367697594501718 0.5625
0 0.6340206185567011 0.5609375 0.6477663230240551 0.5609375 0.6597938144329898 0.565625 0.6769759450171822 0.56640625 0.6975945017182131 0.57578125 0.7371134020618557 0.578125 0.7491408934707905 0.5625 0.7439862542955327 0.5578125 0.7371134020618557 0.56015625 0.711340206185567 0.55859375 0.6941580756013745 0.5484375 0.6563573883161513 0.54140625 0.6374570446735396 0.5421875 0.6288659793814434 0.55 0.6271477663230242 0.55703125 0.6340206185567011 0.5609375
0 0.2525773195876289 0.6671875 0.2577319587628866 0.6640625 0.2508591065292097 0.66328125 0.24742268041237114 0.66484375 0.2525773195876289 0.6671875
0 0.16838487972508592 0.65390625 0.1907216494845361 0.66484375 0.211340206185567 0.65859375 0.22852233676975947 0.62890625 0.24742268041237114 0.625 0.26632302405498287 0.628125 0.29381443298969073 0.65859375 0.302405498281787 0.6625 0.3178694158075602 0.66171875 0.3298969072164949 0.6546875 0.34879725085910657 0.63046875 0.3762886597938145 0.6265625 0.3780068728522337 0.61953125 0.39003436426116844 0.6109375 0.3969072164948454 0.6171875 0.40549828178694164 0.6171875 0.4072164948453609 0.62421875 0.41408934707903783 0.6203125 0.42439862542955326 0.621875 0.422680412371134 0.63515625 0.41408934707903783 0.634375 0.4089347079037801 0.640625 0.4175257731958763 0.65390625 0.4312714776632303 0.65859375 0.4484536082474227 0.653125 0.4518900343642612 0.64375 0.46735395189003437 0.62890625 0.48797250859106533 0.62421875 0.4896907216494846 0.61484375 0.4965635738831615 0.6125 0.5051546391752578 0.6015625 0.5103092783505155 0.58359375 0.5171821305841925 0.578125 0.5154639175257733 0.5703125 0.4965635738831615 0.56640625 0.4896907216494846 0.57265625 0.4639175257731959 0.58203125 0.45360824742268047 0.58046875 0.46219931271477666 0.575 0.45360824742268047 0.565625 0.4209621993127148 0.56796875 0.4123711340206186 0.5640625 0.3969072164948454 0.5640625 0.365979381443299 0.56796875 0.3470790378006873 0.575 0.30927835051546393 0.5671875 0.3075601374570447 0.571875 0.29381443298969073 0.5765625 0.26632302405498287 0.5828125 0.23539518900343642 0.584375 0.20962199312714777 0.5953125 0.17869415807560138 0.6015625 0.1632302405498282 0.60859375 0.15635738831615123 0.61640625 0.15463917525773196 0.63046875 0.16838487972508592 0.65390625
0 0 0.34453125 0.005154639175257733 0.34609375 0.0034364261168384883 0.35546875 0.022336769759450172 0.365625 0.02061855670103093 0.37578125 0.005154639175257733 0.37421875 0 0.3828125 0 0.4078125 0.006872852233676977 0.415625 0.03436426116838488 0.42421875 0.070446735395189 0.42890625 0.09106529209621994 0.43828125 0.10137457044673541 0.4375 0.11512027491408935 0.44140625 0.140893470790378 0.44375 0.17353951890034364 0.45390625 0.18384879725085912 0.453125 0.20274914089347082 0.459375 0.21477663230240554 0.459375 0.22336769759450173 0.4640625 0.281786941580756 0.47265625 0.31615120274914094 0.48203125 0.33333333333333337 0.48125 0.3350515463917526 0.47578125 0.3470790378006873 0.471875 0.34536082474226804 0.4625 0.33676975945017185 0.459375 0.34192439862542956 0.45625 0.31271477663230246 0.4421875 0.2972508591065292 0.43828125 0.2920962199312715 0.43125 0.27491408934707906 0.43125 0.2611683848797251 0.42421875 0.2525773195876289 0.4234375 0.24226804123711343 0.41640625 0.23539518900343642 0.4171875 0.2061855670103093 0.40703125 0.19243986254295536 0.3984375 0.18556701030927836 0.39921875 0.16494845360824745 0.39296875 0.13745704467353953 0.3796875 0.1202749140893471 0.378125 0.08934707903780069 0.365625 0.05670103092783506 0.35859375 0.03436426116838488 0.3453125 0.018900343642611686 0.340625 0.01202749140893471 0.3453125 0 0.34453125
0 0.8814432989690723 0.44375 0.8762886597938145 0.43984375 0.8762886597938145 0.44609375 0.8814432989690723 0.44375
0 0.8934707903780069 0.46875 0.9072164948453609 0.48046875 0.9140893470790379 0.475 0.9278350515463918 0.4828125 0.9347079037800687 0.48125 0.9415807560137457 0.484375 0.9553264604810998 0.475 0.970790378006873 0.48125 0.9862542955326461 0.48359375 0.9982817869415808 0.44453125 0.993127147766323 0.44140625 0.9742268041237114 0.4390625 0.9742268041237114 0.421875 0.970790378006873 0.425 0.9621993127147768 0.421875 0.9501718213058419 0.440625 0.9140893470790379 0.440625 0.8934707903780069 0.44765625 0.8883161512027492 0.45234375 0.8934707903780069 0.46875
0 0.5910652920962199 0.453125 0.5979381443298969 0.45703125 0.6065292096219932 0.453125 0.6271477663230242 0.4546875 0.6632302405498283 0.446875 0.6872852233676976 0.45 0.6907216494845361 0.45703125 0.711340206185567 0.453125 0.711340206185567 0.44921875 0.718213058419244 0.446875 0.7268041237113403 0.4515625 0.7353951890034365 0.44921875 0.738831615120275 0.453125 0.7336769759450172 0.4578125 0.7508591065292097 0.45546875 0.7577319587628867 0.45 0.7577319587628867 0.428125 0.7405498281786942 0.41953125 0.718213058419244 0.4203125 0.6924398625429553 0.4171875 0.6769759450171822 0.421875 0.6701030927835052 0.41953125 0.6288659793814434 0.41953125 0.6219931271477663 0.421875 0.6151202749140894 0.41875 0.604810996563574 0.42109375 0.5945017182130584 0.42890625 0.5876288659793815 0.44375 0.5910652920962199 0.453125
0 0.85859375 0.5640625 0.0015625 0.0015625
0 0.6718213058419245 0.56171875 0.661512027491409 0.56328125 0.6769759450171822 0.5640625 0.6718213058419245 0.56171875
0 0.7199312714776632 0.57734375 0.7285223367697595 0.5796875 0.7353951890034365 0.578125 0.745704467353952 0.56328125 0.7044673539518901 0.559375 0.6838487972508591 0.565625 0.6993127147766324 0.578125 0.7199312714776632 0.57734375
0 0.79553264604811 0.56796875 0.7989690721649485 0.56015625 0.7800687285223369 0.5609375 0.7697594501718215 0.55859375 0.7680412371134021 0.56484375 0.79553264604811 0.56796875
0 0.640625 0.55 0.003125 0.00078125
0 0.6254295532646049 0.53671875 0.6323024054982819 0.540625 0.6580756013745706 0.53984375 0.6666666666666667 0.54296875 0.6666666666666667 0.54765625 0.6546391752577321 0.55703125 0.6580756013745706 0.5609375 0.6718213058419245 0.5609375 0.6890034364261168 0.565625 0.7061855670103093 0.56015625 0.7233676975945018 0.56015625 0.7371134020618557 0.56328125 0.7680412371134021 0.5578125 0.7852233676975946 0.56171875 0.7886597938144331 0.559375 0.8367697594501718 0.55703125 0.8470790378006873 0.5609375 0.8608247422680414 0.56171875 0.8711340206185568 0.55859375 0.8814432989690723 0.5609375 0.8900343642611684 0.55703125 0.8986254295532646 0.5390625 0.8986254295532646 0.52109375 0.8951890034364262 0.48359375 0.8883161512027492 0.4703125 0.8780068728522338 0.4703125 0.8625429553264606 0.465625 0.8178694158075602 0.465625 0.802405498281787 0.46875 0.7869415807560138 0.46328125 0.7835051546391754 0.46640625 0.7697594501718215 0.46640625 0.752577319587629 0.46015625 0.7422680412371134 0.46015625 0.7285223367697595 0.465625 0.7164948453608248 0.459375 0.7044673539518901 0.45859375 0.6718213058419245 0.47265625 0.6632302405498283 0.4734375 0.6512027491408936 0.4796875 0.6408934707903781 0.48046875 0.6271477663230242 0.490625 0.6305841924398626 0.515625 0.6254295532646049 0.53671875
0 0.6546391752577321 0.53828125 0.6752577319587629 0.54296875 0.7147766323024055 0.53828125 0.7646048109965636 0.54296875 0.802405498281787 0.540625 0.8109965635738833 0.54296875 0.8213058419243987 0.53984375 0.8591065292096222 0.540625 0.9003436426116839 0.5375 0.8986254295532646 0.52109375 0.8934707903780069 0.51875 0.8848797250859107 0.52109375 0.7903780068728523 0.51953125 0.752577319587629 0.521875 0.718213058419244 0.5203125 0.7061855670103093 0.52265625 0.6786941580756014 0.51484375 0.661512027491409 0.51953125 0.6271477663230242 0.52265625 0.6271477663230242 0.5390625 0.6546391752577321 0.53828125
0 0.9054982817869417 0.47578125 0.9037800687285223 0.5015625 0.9175257731958764 0.50703125 0.9261168384879725 0.5046875 0.9347079037800687 0.50625 0.9450171821305842 0.5015625 0.9501718213058419 0.490625 0.9604810996563575 0.48828125 0.9690721649484537 0.5 0.9862542955326461 0.5015625 0.993127147766323 0.48984375 0.9982817869415808 0.44375 0.9192439862542956 0.44375 0.8934707903780069 0.4515625 0.9003436426116839 0.47578125 0.9054982817869417 0.47578125
0 0.6632302405498283 0.49921875 0.6872852233676976 0.5 0.6975945017182131 0.496875 0.731958762886598 0.4984375 0.738831615120275 0.49609375 0.7680412371134021 0.5 0.8333333333333334 0.5 0.852233676975945 0.4953125 0.8591065292096222 0.49765625 0.8814432989690723 0.49765625 0.88659793814433 0.49453125 0.8831615120274915 0.490625 0.8951890034364262 0.4859375 0.8969072164948454 0.48125 0.8900343642611684 0.46953125 0.8745704467353953 0.46875 0.8556701030927837 0.46328125 0.8470790378006873 0.465625 0.8298969072164949 0.46328125 0.8006872852233677 0.465625 0.7903780068728523 0.4625 0.7680412371134021 0.4640625 0.7439862542955327 0.45859375 0.7302405498281788 0.4640625 0.7164948453608248 0.45859375 0.7044673539518901 0.4578125 0.6769759450171822 0.46875 0.6374570446735396 0.4796875 0.6271477663230242 0.48984375 0.6271477663230242 0.503125 0.6632302405498283 0.49921875
0 0.879725085910653 0.446875 0.88659793814433 0.44921875 0.9037800687285223 0.4453125 0.9072164948453609 0.4421875 0.9209621993127148 0.43984375 0.929553264604811 0.44140625 0.9484536082474226 0.43515625 0.9656357388316152 0.4390625 0.9690721649484537 0.43671875 0.9828178694158076 0.44140625 0.9948453608247423 0.43984375 0.9982817869415808 0.4046875 0.9948453608247423 0.39765625 0.9914089347079038 0.3984375 0.9879725085910653 0.3953125 0.9828178694158076 0.39765625 0.9690721649484537 0.39375 0.9587628865979383 0.39921875 0.9536082474226806 0.39921875 0.9518900343642611 0.39609375 0.9467353951890034 0.403125 0.936426116838488 0.403125 0.9243986254295533 0.396875 0.9089347079037802 0.39765625 0.8986254295532646 0.40078125 0.8917525773195877 0.409375 0.8762886597938145 0.41484375 0.8745704467353953 0.43359375 0.879725085910653 0.446875
0 0.8780068728522338 0.653125 0.8969072164948454 0.6734375 0.9415807560137457 0.69296875 0.9982817869415808 0.703125 0.9982817869415808 0.6671875 0.9742268041237114 0.665625 0.9467353951890034 0.634375 0.9243986254295533 0.63046875 0.9072164948453609 0.64609375 0.8969072164948454 0.63984375 0.8900343642611684 0.62109375 0.8762886597938145 0.6203125 0.8711340206185568 0.62421875 0.8694158075601376 0.63359375 0.8780068728522338 0.653125
0 0.668384879725086 0.53671875 0.6666666666666667 0.5171875 0.6443298969072165 0.5203125 0.6323024054982819 0.51796875 0.6237113402061857 0.52265625 0.6254295532646049 0.540625 0.668384879725086 0.53671875
0 0.7594501718213059 0.44296875 0.752577319587629 0.45625 0.7663230240549829 0.4625 0.7920962199312716 0.4609375 0.802405498281787 0.46328125 0.809278350515464 0.459375 0.8041237113402062 0.42890625 0.7989690721649485 0.425 0.79553264604811 0.42734375 0.7817869415807561 0.42734375 0.7714776632302407 0.4234375 0.7663230240549829 0.42421875 0.7542955326460482 0.41875 0.7508591065292097 0.42265625 0.7594501718213059 0.44296875
0 0.5996563573883162 0.47734375 0.6202749140893471 0.47578125 0.6323024054982819 0.47890625 0.6632302405498283 0.46875 0.6786941580756014 0.46640625 0.7061855670103093 0.453125 0.7164948453608248 0.453125 0.725085910652921 0.459375 0.7336769759450172 0.4609375 0.7577319587628867 0.45078125 0.7577319587628867 0.4390625 0.7474226804123713 0.428125 0.7422680412371134 0.434375 0.7371134020618557 0.43359375 0.7336769759450172 0.4359375 0.7268041237113403 0.43125 0.7061855670103093 0.434375 0.6666666666666667 0.43203125 0.6374570446735396 0.43671875 0.6305841924398626 0.440625 0.5893470790378007 0.43828125 0.5893470790378007 0.465625 0.5996563573883162 0.47734375
0 0.8934707903780069 0.45390625 0.8934707903780069 0.45859375 0.9003436426116839 0.4578125 0.9003436426116839 0.47265625 0.9054982817869417 0.475 0.9003436426116839 0.5140625 0.9072164948453609 0.52578125 0.9072164948453609 0.56015625 0.9948453608247423 0.56015625 0.9982817869415808 0.525 0.993127147766323 0.46953125 0.9982817869415808 0.4453125 0.9484536082474226 0.44375 0.9140893470790379 0.4453125 0.9106529209621994 0.44921875 0.9020618556701031 0.44921875 0.8986254295532646 0.45390625 0.8934707903780069 0.45390625
0 0.09106529209621994 0.67890625 0.09621993127147768 0.6828125 0.13058419243986255 0.68203125 0.14261168384879724 0.671875 0.14776632302405499 0.67421875 0.17353951890034364 0.671875 0.17869415807560138 0.66640625 0.18900343642611686 0.67421875 0.19587628865979384 0.67421875 0.19931271477663232 0.67109375 0.2302405498281787 0.67578125 0.2405498281786942 0.67265625 0.24398625429553267 0.675 0.25945017182130586 0.67578125 0.26460481099656363 0.6734375 0.2714776632302406 0.67421875 0.27491408934707906 0.67109375 0.27835051546391754 0.67265625 0.288659793814433 0.6703125 0.29896907216494845 0.6734375 0.30927835051546393 0.671875 0.31271477663230246 0.675 0.3298969072164949 0.6703125 0.3402061855670103 0.675 0.3694158075601375 0.67421875 0.37972508591065296 0.66953125 0.3969072164948454 0.67265625 0.4089347079037801 0.6671875 0.41580756013745707 0.6671875 0.4261168384879725 0.675 0.4261168384879725 0.66796875 0.4312714776632303 0.66875 0.4347079037800688 0.66640625 0.4450171821305842 0.6703125 0.4518900343642612 0.66953125 0.45704467353951894 0.675 0.46735395189003437 0.675 0.47594501718213056 0.67109375 0.4810996563573884 0.6734375 0.5085910652920963 0.6734375 0.5189003436426117 0.66796875 0.5429553264604812 0.6703125 0.5463917525773196 0.6671875 0.5567010309278351 0.66953125 0.5652920962199313 0.66640625 0.5738831615120275 0.66796875 0.5790378006872853 0.67578125 0.5893470790378007 0.6765625 0.6219931271477663 0.6734375 0.6666666666666667 0.675 0.6907216494845361 0.66796875 0.7061855670103093 0.675 0.7302405498281788 0.67265625 0.7336769759450172 0.6703125 0.7405498281786942 0.6703125 0.7474226804123713 0.675 0.7508591065292097 0.67265625 0.7611683848797252 0.67578125 0.7869415807560138 0.67421875 0.79553264604811 0.67109375 0.8058419243986255 0.67265625 0.8109965635738833 0.6671875 0.8247422680412372 0.67421875 0.8316151202749141 0.6703125 0.845360824742268 0.6765625 0.8591065292096222 0.66953125 0.8694158075601376 0.67578125 0.8831615120274915 0.6734375 0.8711340206185568 0.65625 0.8573883161512029 0.64609375 0.8539518900343642 0.6296875 0.8436426116838488 0.628125 0.8419243986254296 0.6171875 0.8195876288659795 0.6015625 0.7972508591065293 0.6015625 0.79553264604811 0.60859375 0.7903780068728523 0.61015625 0.7852233676975946 0.5984375 0.7749140893470792 0.59609375 0.7577319587628867 0.584375 0.7233676975945018 0.57734375 0.6975945017182131 0.578125 0.6804123711340206 0.56953125 0.6494845360824744 0.5640625 0.6219931271477663 0.5671875 0.584192439862543 0.56328125 0.5670103092783505 0.56796875 0.5412371134020619 0.56015625 0.520618556701031 0.56796875 0.5103092783505155 0.5640625 0.4914089347079038 0.56328125 0.4742268041237113 0.5671875 0.443298969072165 0.56484375 0.42439862542955326 0.56875 0.3969072164948454 0.5640625 0.365979381443299 0.56875 0.3505154639175258 0.57734375 0.31099656357388317 0.56953125 0.3075601374570447 0.57578125 0.29037800687285226 0.57734375 0.2714776632302406 0.58359375 0.23711340206185566 0.584375 0.22336769759450173 0.5875 0.20274914089347082 0.59765625 0.18900343642611686 0.5984375 0.17697594501718214 0.60234375 0.15807560137457047 0.61484375 0.14604810996563575 0.6359375 0.13230240549828182 0.63359375 0.13402061855670105 0.63828125 0.12714776632302408 0.64453125 0.12199312714776633 0.64375 0.10824742268041239 0.66953125 0.09106529209621994 0.67890625
0 0.9421875 0.4640625 0.0015625 0.00078125
0 0.9536082474226806 0.465625 0.9536082474226806 0.4609375 0.9484536082474226 0.4625 0.9536082474226806 0.465625
0 0.879725085910653 0.45703125 0.88659793814433 0.4625 0.8917525773195877 0.4609375 0.8934707903780069 0.4671875 0.9003436426116839 0.47421875 0.9072164948453609 0.47421875 0.9072164948453609 0.47734375 0.9106529209621994 0.47265625 0.9037800687285223 0.46875 0.9140893470790379 0.4640625 0.9243986254295533 0.46328125 0.9072164948453609 0.45625 0.9072164948453609 0.453125 0.9192439862542956 0.4484375 0.9381443298969072 0.4484375 0.9450171821305842 0.4515625 0.9518900343642611 0.44765625 0.957044673539519 0.4484375 0.9793814432989691 0.46640625 0.9793814432989691 0.45859375 0.9862542955326461 0.46015625 0.9810996563573884 0.45546875 0.993127147766323 0.45390625 0.9982817869415808 0.44609375 0.9982817869415808 0.41953125 0.9862542955326461 0.41953125 0.9828178694158076 0.4171875 0.9604810996563575 0.4203125 0.9123711340206186 0.42109375 0.8883161512027492 0.43203125 0.879725085910653 0.4296875 0.8762886597938145 0.43125 0.8745704467353953 0.446875 0.879725085910653 0.45703125
0 0.7096219931271478 0.415625 0.7491408934707905 0.41796875 0.7628865979381444 0.425 0.8006872852233677 0.4265625 0.802405498281787 0.41484375 0.8109965635738833 0.40703125 0.8109965635738833 0.403125 0.802405498281787 0.39921875 0.7199312714776632 0.4 0.7130584192439863 0.40390625 0.7061855670103093 0.41015625 0.7096219931271478 0.415625
0 0.6529209621993128 0.559375 0.661512027491409 0.5640625 0.6786941580756014 0.565625 0.6958762886597938 0.57421875 0.718213058419244 0.57265625 0.7268041237113403 0.575 0.745704467353952 0.5625 0.7577319587628867 0.56015625 0.7852233676975946 0.56640625 0.7938144329896908 0.565625 0.809278350515464 0.55859375 0.8350515463917526 0.55859375 0.845360824742268 0.5640625 0.8573883161512029 0.565625 0.8728522336769761 0.5625 0.879725085910653 0.56484375 0.8917525773195877 0.56015625 0.8969072164948454 0.5421875 0.8900343642611684 0.53828125 0.8625429553264606 0.540625 0.8109965635738833 0.5390625 0.8075601374570448 0.54140625 0.7096219931271478 0.5390625 0.6769759450171822 0.54375 0.668384879725086 0.540625 0.6443298969072165 0.5390625 0.6323024054982819 0.546875 0.6288659793814434 0.55703125 0.6529209621993128 0.559375
0 0.5927835051546392 0.5578125 0.6151202749140894 0.56171875 0.6202749140893471 0.559375 0.6237113402061857 0.5484375 0.6202749140893471 0.49140625 0.6391752577319588 0.4765625 0.6460481099656358 0.4765625 0.6512027491408936 0.471875 0.6563573883161513 0.47265625 0.6786941580756014 0.465625 0.7061855670103093 0.453125 0.7164948453608248 0.453125 0.7302405498281788 0.4609375 0.7474226804123713 0.45625 0.7577319587628867 0.45078125 0.7577319587628867 0.43984375 0.7474226804123713 0.42421875 0.738831615120275 0.4265625 0.718213058419244 0.42421875 0.7061855670103093 0.42734375 0.6958762886597938 0.41953125 0.6941580756013745 0.4234375 0.6769759450171822 0.43203125 0.6735395189003437 0.42890625 0.6580756013745706 0.4265625 0.6494845360824744 0.42890625 0.6099656357388317 0.42734375 0.604810996563574 0.425 0.6065292096219932 0.42734375 0.5979381443298969 0.428125 0.5893470790378007 0.43828125 0.5876288659793815 0.55078125 0.5927835051546392 0.5578125
0 0.6512027491408936 0.50859375 0.6460481099656358 0.51328125 0.6408934707903781 0.5078125 0.6323024054982819 0.50859375 0.6426116838487973 0.51875 0.6529209621993128 0.51640625 0.6580756013745706 0.51875 0.6718213058419245 0.51875 0.6786941580756014 0.51640625 0.6838487972508591 0.51953125 0.7096219931271478 0.521875 0.7199312714776632 0.51953125 0.8075601374570448 0.51953125 0.8213058419243987 0.52265625 0.8316151202749141 0.51953125 0.8642611683848799 0.5203125 0.879725085910653 0.51640625 0.8934707903780069 0.50859375 0.8951890034364262 0.49765625 0.8831615120274915 0.496875 0.8745704467353953 0.49921875 0.8694158075601376 0.496875 0.852233676975945 0.496875 0.8384879725085911 0.5 0.8058419243986255 0.5015625 0.7869415807560138 0.49921875 0.7594501718213059 0.50078125 0.7422680412371134 0.49765625 0.7044673539518901 0.5 0.6993127147766324 0.49765625 0.6924398625429553 0.5015625 0.6477663230240551 0.50390625 0.6443298969072165 0.50546875 0.6512027491408936 0.50859375
0 0.6254295532646049 0.5359375 0.6563573883161513 0.53671875 0.6804123711340206 0.54140625 0.7079037800687286 0.53671875 0.7422680412371134 0.5375 0.7646048109965636 0.540625 0.79553264604811 0.53984375 0.802405498281787 0.5375 0.8333333333333334 0.5390625 0.8694158075601376 0.5359375 0.8883161512027492 0.53671875 0.8986254295532646 0.52265625 0.8917525773195877 0.5078125 0.8848797250859107 0.50390625 0.8728522336769761 0.50234375 0.8694158075601376 0.50625 0.8659793814432991 0.503125 0.8625429553264606 0.5046875 0.8591065292096222 0.509375 0.8539518900343642 0.5078125 0.845360824742268 0.51015625 0.8384879725085911 0.5046875 0.8298969072164949 0.50390625 0.8109965635738833 0.50625 0.7817869415807561 0.50390625 0.7714776632302407 0.50546875 0.7680412371134021 0.50859375 0.7542955326460482 0.50390625 0.7233676975945018 0.5046875 0.7199312714776632 0.51171875 0.7096219931271478 0.5140625 0.6993127147766324 0.50859375 0.6512027491408936 0.5046875 0.6323024054982819 0.5125 0.6254295532646049 0.521875 0.6254295532646049 0.5359375
0 0.13058419243986255 0.6515625 0.11512027491408935 0.6546875 0.10824742268041239 0.66953125 0.09106529209621994 0.67734375 0.09106529209621994 0.6828125 0.13230240549828182 0.684375 0.140893470790378 0.68984375 0.14604810996563575 0.6890625 0.14948453608247422 0.6921875 0.16838487972508592 0.6953125 0.18384879725085912 0.69296875 0.19759450171821308 0.6859375 0.211340206185567 0.68671875 0.21993127147766325 0.6828125 0.2405498281786942 0.68515625 0.24742268041237114 0.68359375 0.2766323024054983 0.690625 0.281786941580756 0.6890625 0.31099656357388317 0.69140625 0.3230240549828179 0.68671875 0.3402061855670103 0.68671875 0.3505154639175258 0.6828125 0.3780068728522337 0.67890625 0.4261168384879725 0.68046875 0.5 0.678125 0.5463917525773196 0.6828125 0.5532646048109966 0.68046875 0.5738831615120275 0.68046875 0.5910652920962199 0.684375 0.6134020618556701 0.68359375 0.6494845360824744 0.6875 0.661512027491409 0.6953125 0.6752577319587629 0.69921875 0.711340206185567 0.696875 0.7199312714776632 0.68984375 0.7336769759450172 0.6875 0.7817869415807561 0.6875 0.8075601374570448 0.69921875 0.8384879725085911 0.7 0.8591065292096222 0.68984375 0.8969072164948454 0.6875 0.9020618556701031 0.68515625 0.9020618556701031 0.68125 0.8831615120274915 0.6671875 0.8625429553264606 0.63203125 0.8436426116838488 0.62578125 0.8384879725085911 0.62734375 0.8350515463917526 0.63828125 0.8213058419243987 0.65390625 0.8109965635738833 0.65703125 0.809278350515464 0.6625 0.7989690721649485 0.66796875 0.7920962199312716 0.66796875 0.7817869415807561 0.6609375 0.7542955326460482 0.628125 0.731958762886598 0.62578125 0.7130584192439863 0.628125 0.6924398625429553 0.6546875 0.668384879725086 0.665625 0.6546391752577321 0.66171875 0.6305841924398626 0.6296875 0.6202749140893471 0.62734375 0.6082474226804124 0.6265625 0.5910652920962199 0.6296875 0.5721649484536082 0.65546875 0.5515463917525774 0.6609375 0.5395189003436427 0.66015625 0.5257731958762888 0.6546875 0.520618556701031 0.64375 0.5034364261168386 0.628125 0.4742268041237113 0.62734375 0.4639175257731959 0.63359375 0.4484536082474227 0.66015625 0.43298969072164956 0.66328125 0.41065292096219935 0.65625 0.3814432989690722 0.628125 0.3539518900343643 0.628125 0.3264604810996564 0.65859375 0.3178694158075602 0.66171875 0.3041237113402062 0.66171875 0.288659793814433 0.6546875 0.26975945017182135 0.62890625 0.26460481099656363 0.6265625 0.23539518900343642 0.62734375 0.22680412371134023 0.63125 0.2061855670103093 0.659375 0.19759450171821308 0.66328125 0.18556701030927836 0.6640625 0.16838487972508592 0.6578125 0.15292096219931273 0.6296875 0.14776632302405499 0.6265625 0.13058419243986255 0.6296875 0.12371134020618557 0.64375 0.13058419243986255 0.6515625
0 0.6769759450171822 0.4796875 0.7164948453608248 0.48046875 0.7268041237113403 0.47734375 0.7371134020618557 0.4796875 0.7474226804123713 0.47578125 0.7611683848797252 0.47890625 0.7835051546391754 0.47578125 0.8058419243986255 0.478125 0.816151202749141 0.475 0.8470790378006873 0.478125 0.8591065292096222 0.4765625 0.8711340206185568 0.4796875 0.8814432989690723 0.4765625 0.8848797250859107 0.4703125 0.8625429553264606 0.46328125 0.8436426116838488 0.465625 0.8281786941580757 0.4625 0.7714776632302407 0.46328125 0.7508591065292097 0.4578125 0.7422680412371134 0.4578125 0.7302405498281788 0.4625 0.7044673539518901 0.45625 0.6769759450171822 0.46875 0.6632302405498283 0.471875 0.6649484536082475 0.47734375 0.6769759450171822 0.4796875
0 0.6013745704467355 0.4359375 0.6254295532646049 0.43671875 0.6305841924398626 0.4328125 0.6529209621993128 0.43203125 0.661512027491409 0.428125 0.6769759450171822 0.428125 0.6821305841924399 0.43125 0.6924398625429553 0.4265625 0.7096219931271478 0.42734375 0.7147766323024055 0.43125 0.7302405498281788 0.42734375 0.7371134020618557 0.43046875 0.745704467353952 0.428125 0.745704467353952 0.421875 0.7371134020618557 0.4171875 0.7061855670103093 0.4171875 0.6890034364261168 0.4125 0.6202749140893471 0.4125 0.6030927835051547 0.42265625 0.5979381443298969 0.428125 0.6013745704467355 0.4359375
0 0.8986254295532646 0.5453125 0.9003436426116839 0.5609375 0.9209621993127148 0.5625 0.9398625429553265 0.56171875 0.957044673539519 0.5578125 0.9759450171821307 0.559375 0.9845360824742269 0.55703125 0.993127147766323 0.56015625 0.9982817869415808 0.55859375 0.9982817869415808 0.5375 0.9879725085910653 0.53203125 0.993127147766323 0.5296875 0.9725085910652922 0.534375 0.9690721649484537 0.53203125 0.9312714776632303 0.53359375 0.9072164948453609 0.51953125 0.9054982817869417 0.52109375 0.9054982817869417 0.5375 0.8986254295532646 0.5453125
0 0.7096219931271478 0.56015625 0.6993127147766324 0.56328125 0.6736029756326148 0.5617564808238636 0.6958762886597938 0.575 0.718213058419244 0.575 0.725085910652921 0.57734375 0.7439862542955327 0.5640625 0.7096219931271478 0.56015625
0 0.6408934707903781 0.55703125 0.6357388316151203 0.5546875 0.6340206185567011 0.55703125 0.6408934707903781 0.55703125