0 0.9984375 0.6359375 0.00078125 0.0015625
0 0.8583333333333332 0.56484375 0.8635416666666667 0.56640625 0.86875 0.58515625 0.8760416666666666 0.58515625 0.89375 0.603125 0.9010416666666666 0.6046875 0.9072916666666666 0.6125 0.9239583333333332 0.61875 0.928125 0.625 0.9322916666666666 0.6234375 0.95625 0.63984375 0.9614583333333332 0.6375 0.9666666666666666 0.64140625 0.9729166666666667 0.640625 0.9770833333333332 0.64296875 0.9802083333333332 0.640625 0.9822916666666666 0.62734375 0.990625 0.62578125 0.9895833333333333 0.5953125 0.9947916666666666 0.5921875 0.9989583333333332 0.584375 0.9989583333333332 0.54140625 0.9947916666666666 0.52578125 0.9989583333333332 0.5203125 0.9989583333333332 0.4953125 0.978125 0.475 0.9791666666666666 0.46328125 0.9739583333333333 0.4609375 0.9614583333333332 0.46171875 0.9552083333333332 0.465625 0.9510416666666666 0.45859375 0.959375 0.453125 0.925 0.43828125 0.91875 0.43828125 0.9072916666666666 0.4453125 0.89375 0.46640625 0.89375 0.47421875 0.8802083333333333 0.49375 0.8791666666666667 0.50546875 0.865625 0.52578125 0.8645833333333333 0.534375 0.8552083333333332 0.5515625 0.8552083333333332 0.56875 0.8583333333333332 0.56484375
0 0.91796875 0.425 0.00078125 0.00234375
0 0.9697916666666666 0.3046875 0.9697916666666666 0.31015625 0.9854166666666666 0.32421875 0.984375 0.33125 0.9958333333333332 0.3359375 0.9989583333333332 0.33515625 0.9989583333333332 0.271875 0.9947916666666666 0.271875 0.9802083333333332 0.28203125 0.9802083333333332 0.29140625 0.9697916666666666 0.3046875
0 0.9989583333333332 0.2625 0.9989583333333332 0.25234375 0.9927083333333332 0.25546875 0.9916666666666666 0.26171875 0.9989583333333332 0.2625
0 0.9072916666666666 0.46015625 0.9 0.4625 0.9114583333333333 0.46015625 0.9260416666666667 0.4640625 0.93125 0.484375 0.9416666666666667 0.4875 0.9489583333333332 0.484375 0.9614583333333332 0.49375 0.9635416666666666 0.50234375 0.984375 0.50390625 0.9875 0.50859375 0.9854166666666666 0.5046875 0.9916666666666666 0.5 0.9989583333333332 0.5015625 0.9989583333333332 0.44296875 0.9958333333333332 0.434375 0.9989583333333332 0.41953125 0.9989583333333332 0.31875 0.9916666666666666 0.31875 0.9875 0.3140625 0.9770833333333332 0.31484375 0.9583333333333333 0.33125 0.9552083333333332 0.3421875 0.9479166666666666 0.35078125 0.9510416666666666 0.36328125 0.9395833333333332 0.3734375 0.9354166666666666 0.38359375 0.9270833333333333 0.39296875 0.9291666666666666 0.40234375 0.91875 0.4125 0.909375 0.43125 0.9135416666666666 0.4390625 0.9010416666666666 0.45234375 0.9 0.45546875 0.9072916666666666 0.46015625
0 0.9739583333333333 0.30859375 0.9822916666666666 0.303125 0.9895833333333333 0.30546875 0.9916666666666666 0.3125 0.9989583333333332 0.31171875 0.9989583333333332 0.30859375 0.9875 0.29765625 0.9916666666666666 0.29609375 0.9802083333333332 0.29609375 0.9739583333333333 0.30390625 0.9739583333333333 0.30859375
0 0.0546875 0.8890625 0.00078125 0.00234375
0 0.041666666666666664 0.32890625 0.04375 0.3265625 0.046875 0.32890625 0.04791666666666666 0.3171875 0.04479166666666666 0.31484375 0.035416666666666666 0.315625 0.03645833333333333 0.32734375 0.041666666666666664 0.32890625
0 0.035416666666666666 0.30703125 0.03854166666666666 0.303125 0.035416666666666666 0.29921875 0.03333333333333333 0.3015625 0.03229166666666666 0.30703125 0.035416666666666666 0.30703125
0 0.03229166666666666 0.35703125 0.041666666666666664 0.3515625 0.040625 0.35703125 0.03229166666666666 0.36328125 0.03645833333333333 0.36640625 0.035416666666666666 0.37265625 0.04479166666666666 0.37578125 0.03958333333333333 0.38125 0.03229166666666666 0.38203125 0.03229166666666666 0.39375 0.040625 0.40078125 0.03958333333333333 0.43515625 0.04583333333333333 0.44453125 0.053125 0.46953125 0.055208333333333325 0.49609375 0.04479166666666666 0.525 0.04583333333333333 0.53203125 0.05625 0.53984375 0.055208333333333325 0.546875 0.051041666666666666 0.55 0.055208333333333325 0.55859375 0.042708333333333334 0.5796875 0.041666666666666664 0.58984375 0.042708333333333334 0.60546875 0.051041666666666666 0.6125 0.042708333333333334 0.61484375 0.04583333333333333 0.61796875 0.04375 0.625 0.053125 0.63984375 0.04479166666666666 0.65 0.04479166666666666 0.6796875 0.04895833333333333 0.68828125 0.05 0.70234375 0.055208333333333325 0.709375 0.05416666666666666 0.7515625 0.05 0.7546875 0.04583333333333333 0.76796875 0.04583333333333333 0.790625 0.046875 0.7953125 0.053125 0.8 0.04791666666666666 0.809375 0.05208333333333333 0.87109375 0.05625 0.88359375 0.05416666666666666 0.8859375 0.05833333333333333 0.88671875 0.06041666666666666 0.9078125 0.06354166666666666 0.9109375 0.08541666666666667 0.9109375 0.125 0.9015625 0.24375 0.88359375 0.315625 0.86953125 0.33125 0.8625 0.3375 0.85625 0.3489583333333333 0.853125 0.375 0.84921875 0.39479166666666665 0.84296875 0.4354166666666666 0.83828125 0.5010416666666666 0.821875 0.5145833333333333 0.82109375 0.5354166666666667 0.815625 0.5583333333333333 0.81796875 0.5875 0.8109375 0.621875 0.80703125 0.665625 0.79453125 0.7083333333333333 0.78671875 0.71875 0.771875 0.725 0.76953125 0.7447916666666666 0.76875 0.7479166666666666 0.76640625 0.7479166666666666 0.74921875 0.7375 0.73671875 0.7177083333333333 0.721875 0.7145833333333333 0.70859375 0.7145833333333333 0.69921875 0.7177083333333333 0.69609375 0.7447916666666666 0.6890625 0.7479166666666666 0.6828125 0.746875 0.675 0.7447916666666666 0.66796875 0.71875 0.65234375 0.7104166666666666 0.634375 0.7125 0.6234375 0.740625 0.609375 0.7416666666666666 0.59765625 0.7364583333333333 0.58828125 0.709375 0.5734375 0.70625 0.56484375 0.7072916666666667 0.5484375 0.7135416666666666 0.54296875 0.7302083333333333 0.5359375 0.7375 0.52890625 0.7375 0.51875 0.7322916666666666 0.51171875 0.7197916666666666 0.5046875 0.7125 0.5046875 0.7020833333333333 0.49609375 0.703125 0.475 0.7302083333333333 0.4546875 0.7333333333333333 0.44609375 0.7302083333333333 0.4359375 0.7 0.42578125 0.6958333333333333 0.41171875 0.6989583333333333 0.3984375 0.7135416666666666 0.38671875 0.7260416666666666 0.371875 0.7239583333333333 0.35859375 0.7166666666666666 0.35546875 0.6895833333333333 0.3515625 0.6854166666666666 0.34140625 0.6791666666666666 0.3375 0.6395833333333333 0.33125 0.615625 0.33046875 0.609375 0.3328125 0.5864583333333333 0.328125 0.5395833333333333 0.32421875 0.5229166666666666 0.32421875 0.5145833333333333 0.3296875 0.46875 0.32734375 0.4572916666666666 0.32421875 0.4145833333333333 0.32421875 0.409375 0.32109375 0.3125 0.31328125 0.29375 0.303125 0.2614583333333333 0.30234375 0.2583333333333333 0.3 0.22291666666666665 0.30078125 0.21041666666666664 0.296875 0.15729166666666666 0.2953125 0.15416666666666665 0.29296875 0.12395833333333332 0.28984375 0.10520833333333332 0.28984375 0.09479166666666666 0.29296875 0.08229166666666667 0.290625 0.07916666666666666 0.28671875 0.07395833333333332 0.290625 0.06354166666666666 0.2890625 0.05416666666666666 0.2953125 0.05 0.29296875 0.04791666666666666 0.3 0.042708333333333334 0.3 0.051041666666666666 0.3015625 0.05625 0.309375 0.059375 0.32734375 0.055208333333333325 0.33203125 0.05833333333333333 0.33515625 0.053125 0.3390625 0.05 0.3375 0.046875 0.35 0.03333333333333333 0.3484375 0.0375 0.3515625 0.03229166666666666 0.35703125
0 0.8635416666666667 0.56328125 0.8635416666666667 0.571875 0.8677083333333332 0.57578125 0.865625 0.58828125 0.86875 0.590625 0.8729166666666666 0.58828125 0.9010416666666666 0.609375 0.9229166666666666 0.6203125 0.928125 0.6265625 0.9708333333333332 0.646875 0.9864583333333332 0.6609375 0.9989583333333332 0.6609375 0.9989583333333332 0.62890625 0.9927083333333332 0.62265625 0.990625 0.5953125 0.9958333333333332 0.59140625 0.9989583333333332 0.58359375 0.9989583333333332 0.5359375 0.9958333333333332 0.53046875 0.9989583333333332 0.5234375 0.9989583333333332 0.459375 0.9947916666666666 0.44296875 0.9947916666666666 0.42578125 0.9989583333333332 0.415625 0.9989583333333332 0.365625 0.9958333333333332 0.36328125 0.9958333333333332 0.3484375 0.9927083333333332 0.3453125 0.996875 0.34140625 0.9916666666666666 0.33828125 0.9989583333333332 0.33359375 0.9989583333333332 0.32109375 0.9958333333333332 0.31953125 0.978125 0.3171875 0.959375 0.3328125 0.95625 0.34296875 0.9489583333333332 0.35078125 0.953125 0.3625 0.9416666666666667 0.37265625 0.928125 0.39296875 0.9302083333333332 0.40234375 0.9177083333333332 0.41484375 0.9104166666666667 0.43125 0.9135416666666666 0.4390625 0.9041666666666666 0.44765625 0.89375 0.46640625 0.89375 0.475 0.8802083333333333 0.49453125 0.8802083333333333 0.50625 0.86875 0.521875 0.865625 0.5359375 0.859375 0.54296875 0.8552083333333332 0.5546875 0.8552083333333332 0.5625 0.8635416666666667 0.56328125
0 0.7760416666666666 0.20234375 0.7927083333333333 0.20546875 0.8 0.2109375 0.8458333333333332 0.2234375 0.8822916666666666 0.2375 0.8979166666666666 0.23984375 0.9052083333333332 0.24453125 0.921875 0.24453125 0.9354166666666666 0.25078125 0.9333333333333332 0.23828125 0.9364583333333332 0.2203125 0.9395833333333332 0.2171875 0.9385416666666666 0.20546875 0.9458333333333332 0.196875 0.9479166666666666 0.17890625 0.9541666666666666 0.17421875 0.9541666666666666 0.165625 0.9625 0.1625 0.9635416666666666 0.14921875 0.9666666666666666 0.146875 0.9645833333333332 0.1359375 0.9697916666666666 0.134375 0.965625 0.1296875 0.9739583333333333 0.1265625 0.9729166666666667 0.12265625 0.9822916666666666 0.11484375 0.990625 0.1125 0.9875 0.10546875 0.9885416666666667 0.09765625 0.9833333333333332 0.0984375 0.9802083333333332 0.09453125 0.9833333333333332 0.09140625 0.9833333333333332 0.078125 0.990625 0.07265625 0.9947916666666666 0.07265625 0.9864583333333332 0.03828125 0.990625 0.03984375 0.990625 0.0359375 0.9947916666666666 0.03359375 0.9927083333333332 0.02890625 0.9989583333333332 0.021875 0.9989583333333332 0.01171875 0.9895833333333333 0.01015625 0.9875 0.00703125 0.984375 0.009375 0.9729166666666667 0.01015625 0.9666666666666666 0.00390625 0.94375 0.00390625 0.9354166666666666 0.00234375 0.934375 0 0.8427083333333332 0 0.8385416666666666 0.003125 0.815625 0.0046875 0.8145833333333332 0.00859375 0.8104166666666666 0.01015625 0.8104166666666666 0.021875 0.803125 0.0328125 0.8041666666666666 0.04296875 0.7947916666666666 0.05703125 0.796875 0.0671875 0.7895833333333333 0.07421875 0.7885416666666666 0.09140625 0.7822916666666666 0.10703125 0.7833333333333333 0.11953125 0.778125 0.12734375 0.7802083333333333 0.1453125 0.771875 0.15859375 0.76875 0.17265625 0.7697916666666667 0.1953125 0.7760416666666666 0.20234375
0 0.9864583333333332 0.38359375 0.99375 0.3796875 0.9927083333333332 0.3765625 0.9885416666666667 0.37578125 0.9833333333333332 0.3796875 0.9864583333333332 0.38359375
0 0.9229166666666666 0.44296875 0.9208333333333332 0.45625 0.934375 0.45859375 0.9458333333333332 0.45234375 0.9510416666666666 0.4703125 0.96875 0.478125 0.9708333333333332 0.4875 0.9770833333333332 0.490625 0.9833333333333332 0.4875 0.9927083333333332 0.4875 0.9947916666666666 0.484375 0.9916666666666666 0.4796875 0.9989583333333332 0.471875 0.9958333333333332 0.46640625 0.9989583333333332 0.46484375 0.9989583333333332 0.4390625 0.9947916666666666 0.43125 0.9989583333333332 0.4171875 0.9989583333333332 0.4125 0.9958333333333332 0.4109375 0.9958333333333332 0.40234375 0.9989583333333332 0.40078125 0.9947916666666666 0.39921875 0.9989583333333332 0.396484375 0.9989583333333332 0.3921875 0.978125 0.390625 0.9770833333333332 0.3796875 0.984375 0.37421875 0.978125 0.365625 0.9604166666666666 0.3625 0.9458333333333332 0.3703125 0.9375 0.384375 0.9270833333333333 0.39375 0.9302083333333332 0.403125 0.9177083333333332 0.41484375 0.9104166666666667 0.43515625 0.9229166666666666 0.44296875
0 0.9885416666666667 0.4765625 0.9875 0.4734375 0.984375 0.47734375 0.9885416666666667 0.4765625
0 0.9385416666666666 0.375 0.928125 0.39609375 0.9479166666666666 0.4046875 0.946875 0.4125 0.9427083333333333 0.4140625 0.946875 0.42265625 0.95625 0.4234375 0.959375 0.42734375 0.971875 0.43203125 0.9697916666666666 0.43984375 0.9791666666666666 0.44765625 0.9833333333333332 0.45703125 0.9958333333333332 0.4515625 0.996875 0.46015625 0.99375 0.46328125 0.9989583333333332 0.465625 0.99375 0.434375 0.9895833333333333 0.43203125 0.9895833333333333 0.428125 0.9989583333333332 0.41875 0.9989583333333332 0.31875 0.9770833333333332 0.31640625 0.9583333333333333 0.33125 0.95625 0.340625 0.946875 0.35234375 0.9520833333333332 0.36328125 0.9385416666666666 0.375
0 0.8541666666666666 0.58125 0.86875 0.5953125 0.884375 0.59921875 0.896875 0.60546875 0.928125 0.6265625 0.9625 0.64375 0.971875 0.6421875 0.9770833333333332 0.64453125 0.9833333333333332 0.63984375 0.98125 0.62890625 0.984375 0.625 0.990625 0.6265625 0.9864583333333332 0.625 0.9916666666666666 0.6203125 0.990625 0.59453125 0.9989583333333332 0.58515625 0.9989583333333332 0.54453125 0.9947916666666666 0.54140625 0.9895833333333333 0.54140625 0.9854166666666666 0.53046875 0.9958333333333332 0.5125 0.9916666666666666 0.5078125 0.9697916666666666 0.5 0.9614583333333332 0.49453125 0.959375 0.48984375 0.95625 0.49140625 0.9489583333333332 0.48828125 0.9489583333333332 0.48359375 0.9416666666666667 0.484375 0.940625 0.4796875 0.9322916666666666 0.47421875 0.93125 0.46875 0.9135416666666666 0.46328125 0.9010416666666666 0.46875 0.8895833333333332 0.4796875 0.8802083333333333 0.49453125 0.8791666666666667 0.5078125 0.865625 0.525 0.8645833333333333 0.5359375 0.8583333333333332 0.54296875 0.8520833333333332 0.559375 0.8510416666666666 0.57265625 0.8541666666666666 0.58125
0 0.9114583333333333 0.43515625 0.9197916666666666 0.43359375 0.93125 0.43984375 0.9385416666666666 0.4390625 0.9427083333333333 0.44375 0.9520833333333332 0.44453125 0.95625 0.45234375 0.9645833333333332 0.45625 0.953125 0.46328125 0.9541666666666666 0.46640625 0.959375 0.46796875 0.9739583333333333 0.459375 0.984375 0.46328125 0.9833333333333332 0.46796875 0.9770833333333332 0.46953125 0.9802083333333332 0.4703125 0.9802083333333332 0.47734375 0.9833333333333332 0.4796875 0.990625 0.478125 0.9947916666666666 0.4734375 0.9927083333333332 0.46953125 0.9989583333333332 0.465625 0.9927083333333332 0.4296875 0.9989583333333332 0.41875 0.9989583333333332 0.3203125 0.990625 0.3203125 0.9875 0.32265625 0.9770833333333332 0.31796875 0.959375 0.33046875 0.9552083333333332 0.3421875 0.946875 0.35234375 0.9510416666666666 0.3625 0.9385416666666666 0.3734375 0.934375 0.384375 0.9260416666666667 0.39375 0.93125 0.4046875 0.9177083333333332 0.4140625 0.9177083333333332 0.421875 0.9114583333333333 0.43515625
0 0.9885416666666667 0.4765625 0.9875 0.47265625 0.984375 0.47734375 0.9885416666666667 0.4765625
0 0.996875 0.46484375 0.9979166666666666 0.45859375 0.9947916666666666 0.46328125 0.996875 0.46484375
0 0.9947916666666666 0.45390625 0.99375 0.45078125 0.9916666666666666 0.453125 0.9947916666666666 0.45390625
0 0.9864583333333332 0.45703125 0.9895833333333333 0.45234375 0.9875 0.45 0.98125 0.45 0.9802083333333332 0.453125 0.9864583333333332 0.45703125
0 0.9395833333333332 0.3734375 0.9270833333333333 0.39453125 0.9291666666666666 0.3984375 0.9395833333333332 0.4015625 0.946875 0.40703125 0.946875 0.41015625 0.940625 0.4140625 0.94375 0.41875 0.9427083333333333 0.425 0.9479166666666666 0.42890625 0.9458333333333332 0.43046875 0.9697916666666666 0.43046875 0.971875 0.43203125 0.96875 0.4390625 0.9729166666666667 0.44609375 0.9875 0.4484375 0.99375 0.44453125 0.9895833333333333 0.428125 0.9989583333333332 0.41875 0.9989583333333332 0.31953125 0.9739583333333333 0.31953125 0.959375 0.33125 0.95625 0.340625 0.946875 0.35234375 0.9520833333333332 0.3625 0.9395833333333332 0.3734375
0 0.921875 0.4671875 0.9322916666666666 0.48515625 0.95625 0.490625 0.9770833333333332 0.503125 0.984375 0.50234375 0.9875 0.5046875 0.990625 0.5 0.9989583333333332 0.5 0.9989583333333332 0.45390625 0.9958333333333332 0.44609375 0.9947916666666666 0.4171875 0.9864583333333332 0.41640625 0.9822916666666666 0.4125 0.9822916666666666 0.4078125 0.975 0.4046875 0.9697916666666666 0.39765625 0.971875 0.3921875 0.9666666666666666 0.384375 0.9625 0.390625 0.9552083333333332 0.39296875 0.9520833333333332 0.38984375 0.9552083333333332 0.38359375 0.9427083333333333 0.38359375 0.946875 0.38046875 0.946875 0.371875 0.9416666666666667 0.3796875 0.9427083333333333 0.3828125 0.9385416666666666 0.3828125 0.9291666666666666 0.39375 0.9302083333333332 0.403125 0.9177083333333332 0.41484375 0.909375 0.43203125 0.9125 0.43984375 0.9 0.45234375 0.9 0.46484375 0.921875 0.4671875