0 0.7155172413793103 0.3984375 0.7241379310344828 0.396875 0.7448275862068965 0.40078125 0.7551724137931035 0.396875 0.7810344827586206 0.396875 0.7913793103448276 0.38984375 0.7982758620689655 0.39765625 0.8241379310344827 0.4 0.8344827586206897 0.396875 0.8620689655172413 0.4046875 0.8706896551724137 0.40078125 0.8844827586206897 0.40078125 0.8931034482758621 0.4046875 0.9103448275862069 0.40625 0.9275862068965518 0.4015625 0.9379310344827585 0.40234375 0.95 0.39296875 0.9620689655172413 0.3921875 0.9775862068965517 0.3859375 0.9844827586206897 0.36953125 0.9413793103448276 0.3765625 0.939655172413793 0.38203125 0.9310344827586207 0.378125 0.8965517241379309 0.378125 0.8896551724137931 0.37421875 0.8810344827586206 0.37421875 0.8689655172413794 0.37890625 0.8448275862068966 0.37265625 0.8327586206896551 0.375 0.8206896551724137 0.371875 0.803448275862069 0.371875 0.7965517241379311 0.37421875 0.7913793103448276 0.37109375 0.7775862068965517 0.37109375 0.7672413793103449 0.375 0.7551724137931035 0.37578125 0.7362068965517241 0.36875 0.7172413793103448 0.3671875 0.7051724137931035 0.3671875 0.6982758620689655 0.371875 0.6965517241379311 0.38984375 0.7155172413793103 0.3984375
0 0.7275862068965517 0.359375 0.7224137931034483 0.35859375 0.7189655172413792 0.36015625 0.7275862068965517 0.359375
0 0.8344827586206897 0.35703125 0.8327586206896551 0.3546875 0.8258620689655173 0.35625 0.8344827586206897 0.35703125
0 0.5120689655172413 0.74296875 0.5189655172413793 0.7421875 0.5224137931034483 0.7453125 0.5206896551724138 0.74296875 0.5293103448275862 0.73984375 0.5293103448275862 0.7328125 0.5224137931034483 0.73046875 0.5258620689655172 0.72421875 0.5189655172413793 0.7328125 0.5 0.73359375 0.496551724137931 0.7375 0.5120689655172413 0.74296875
0 0.48275862068965514 0.72734375 0.4931034482758621 0.72890625 0.4862068965517241 0.7203125 0.48103448275862065 0.72265625 0.48275862068965514 0.72734375
0 0.45517241379310347 0.72734375 0.45 0.725 0.45517241379310347 0.72421875 0.4517241379310345 0.72109375 0.44482758620689655 0.71953125 0.4431034482758621 0.7234375 0.45517241379310347 0.72734375
0 0.4344827586206897 0.76015625 0.4275862068965517 0.77109375 0.4275862068965517 0.78046875 0.43275862068965515 0.784375 0.42586206896551726 0.79375 0.4344827586206897 0.8 0.5775862068965517 0.81328125 0.6172413793103448 0.815625 0.6344827586206897 0.815625 0.6396551724137931 0.81328125 0.6396551724137931 0.77890625 0.6344827586206897 0.77421875 0.6396551724137931 0.7734375 0.6448275862068965 0.76484375 0.646551724137931 0.740625 0.6413793103448275 0.73671875 0.646551724137931 0.73515625 0.6431034482758621 0.73359375 0.6379310344827587 0.7390625 0.6258620689655172 0.73671875 0.6155172413793103 0.7390625 0.6155172413793103 0.73359375 0.6086206896551725 0.73515625 0.6017241379310344 0.73046875 0.6086206896551725 0.72265625 0.5948275862068966 0.7234375 0.596551724137931 0.728125 0.5879310344827586 0.72734375 0.5810344827586207 0.73671875 0.5741379310344827 0.7390625 0.5672413793103448 0.7265625 0.5568965517241379 0.725 0.55 0.72734375 0.5431034482758621 0.72421875 0.5362068965517242 0.72578125 0.5362068965517242 0.753125 0.5327586206896552 0.7546875 0.5189655172413793 0.75078125 0.5155172413793103 0.74609375 0.496551724137931 0.7640625 0.48793103448275865 0.7609375 0.48103448275862065 0.7421875 0.47586206896551725 0.74453125 0.46896551724137925 0.74140625 0.4603448275862069 0.74375 0.45517241379310347 0.73984375 0.44827586206896547 0.74453125 0.43965517241379304 0.7421875 0.4379310344827586 0.74609375 0.4275862068965517 0.75 0.43275862068965515 0.7515625 0.42931034482758623 0.759375 0.4344827586206897 0.76015625
0 0.53828125 0.7140625 0.003125 0.00234375
0 0.3568965517241379 0.5359375 0.35344827586206895 0.5234375 0.35172413793103446 0.5390625 0.3568965517241379 0.5359375
0 0.184375 0.4953125 0.00703125 0.00078125
0 0.04655172413793103 0.546875 0.041379310344827586 0.55390625 0.05344827586206896 0.54609375 0.06034482758620689 0.55 0.06379310344827585 0.559375 0.07413793103448277 0.5578125 0.07758620689655173 0.56015625 0.08620689655172413 0.55625 0.10689655172413792 0.559375 0.11724137931034481 0.5546875 0.16034482758620688 0.5640625 0.17155172413793102 0.5640625 0.1810344827586207 0.5609375 0.19137931034482758 0.5671875 0.2 0.5671875 0.20862068965517241 0.56328125 0.2189655172413793 0.565625 0.23103448275862068 0.56484375 0.2396551724137931 0.55546875 0.25862068965517243 0.55703125 0.2775862068965517 0.55 0.29137931034482756 0.54921875 0.2982758620689655 0.54609375 0.29482758620689653 0.53984375 0.3 0.5375 0.3 0.53046875 0.31724137931034485 0.52421875 0.32413793103448274 0.5328125 0.33448275862068966 0.53515625 0.33620689655172414 0.5265625 0.35 0.51953125 0.3568965517241379 0.50859375 0.33620689655172414 0.496875 0.2982758620689655 0.49921875 0.2603448275862069 0.49453125 0.25 0.496875 0.23793103448275862 0.49296875 0.2189655172413793 0.496875 0.21551724137931033 0.490625 0.21551724137931033 0.49453125 0.20862068965517241 0.49453125 0.20517241379310341 0.49765625 0.19310344827586207 0.49765625 0.1810344827586207 0.50234375 0.17758620689655172 0.49765625 0.1706896551724138 0.49765625 0.15172413793103448 0.503125 0.14310344827586208 0.5015625 0.12586206896551724 0.50546875 0.11896551724137931 0.5046875 0.11896551724137931 0.5078125 0.1103448275862069 0.5046875 0.1 0.5046875 0.09137931034482757 0.5109375 0.08103448275862069 0.5109375 0.07758620689655173 0.50859375 0.06034482758620689 0.51171875 0.039655172413793106 0.52265625 0.03620689655172414 0.54296875 0.04655172413793103 0.546875
0 0.6258620689655172 0.38984375 0.6362068965517241 0.3921875 0.6431034482758621 0.38984375 0.6568965517241379 0.3921875 0.6862068965517241 0.3921875 0.6913793103448276 0.390625 0.7017241379310344 0.359375 0.7155172413793103 0.35078125 0.7293103448275862 0.35234375 0.7344827586206897 0.34609375 0.7172413793103448 0.3453125 0.7172413793103448 0.35 0.6948275862068966 0.34453125 0.6396551724137931 0.346875 0.6155172413793103 0.35859375 0.6137931034482759 0.3703125 0.6258620689655172 0.38984375
0 0.84765625 0.5984375 0.00546875 0.00078125
0 0.8296875 0.5984375 0.003125 0.00078125
0 0.82421875 0.5953125 0.003125 0.0015625
0 0.7189655172413792 0.57265625 0.7327586206896551 0.5703125 0.7517241379310344 0.571875 0.7586206896551724 0.56953125 0.7672413793103449 0.57421875 0.7913793103448276 0.578125 0.8086206896551724 0.57734375 0.8206896551724137 0.58125 0.8344827586206897 0.5796875 0.8379310344827585 0.58203125 0.8517241379310345 0.5828125 0.8655172413793103 0.590625 0.8965517241379309 0.58515625 0.9068965517241379 0.54453125 0.9 0.5328125 0.9103448275862069 0.52734375 0.9103448275862069 0.521875 0.903448275862069 0.51875 0.9120689655172413 0.51171875 0.9103448275862069 0.503125 0.8931034482758621 0.50078125 0.8965517241379309 0.515625 0.8862068965517242 0.5171875 0.8689655172413794 0.50078125 0.8603448275862069 0.50078125 0.8534482758620691 0.496875 0.8310344827586207 0.4984375 0.8189655172413793 0.49296875 0.7982758620689655 0.49375 0.7862068965517242 0.48984375 0.7310344827586206 0.48984375 0.7014106583072099 0.4821732954545454 0.6948275862068966 0.48515625 0.6948275862068966 0.54296875 0.7051724137931035 0.56640625 0.7189655172413792 0.57265625
0 0.634375 0.45546875 0.01015625 0.0015625
0 0.4890625 0.4453125 0.0015625 0.0015625
0 0.49827586206896546 0.43515625 0.49482758620689654 0.44375 0.503448275862069 0.4515625 0.5310344827586206 0.45 0.5431034482758621 0.45234375 0.5517241379310345 0.44921875 0.5568965517241379 0.4421875 0.5706896551724138 0.4484375 0.5655172413793104 0.44921875 0.5689655172413792 0.453125 0.5758620689655173 0.45234375 0.5810344827586207 0.44609375 0.5879310344827586 0.44609375 0.5948275862068966 0.4484375 0.5982758620689654 0.446875 0.6017241379310344 0.4484375 0.596551724137931 0.453125 0.6068965517241379 0.4546875 0.6103448275862069 0.446875 0.6189655172413793 0.44765625 0.6310344827586206 0.44453125 0.6431034482758621 0.44609375 0.646551724137931 0.44921875 0.6603448275862068 0.44296875 0.6637931034482759 0.43671875 0.6706896551724137 0.43828125 0.6844827586206896 0.43515625 0.6862068965517241 0.425 0.7051724137931035 0.39921875 0.6793103448275862 0.39375 0.6603448275862068 0.3953125 0.6517241379310345 0.39296875 0.5844827586206897 0.390625 0.5706896551724138 0.4015625 0.5534482758620689 0.40078125 0.5172413793103449 0.4125 0.49482758620689654 0.41484375 0.48103448275862065 0.42421875 0.4793103448275862 0.4328125 0.49827586206896546 0.43515625
0 0.48275862068965514 0.43515625 0.47586206896551725 0.43828125 0.4844827586206897 0.44140625 0.4844827586206897 0.44921875 0.496551724137931 0.4484375 0.503448275862069 0.453125 0.5448275862068965 0.453125 0.5586206896551724 0.44921875 0.5672413793103448 0.45390625 0.5741379310344827 0.45390625 0.5896551724137931 0.44765625 0.596551724137931 0.4546875 0.6051724137931035 0.45625 0.6310344827586206 0.4453125 0.6431034482758621 0.4484375 0.6396551724137931 0.453125 0.6327586206896552 0.45234375 0.6275862068965516 0.4546875 0.6362068965517241 0.4578125 0.646551724137931 0.45546875 0.6551724137931034 0.44453125 0.6620689655172414 0.4421875 0.6620689655172414 0.4375 0.6706896551724137 0.4390625 0.6844827586206896 0.43515625 0.6913793103448276 0.41328125 0.7034482758620689 0.4 0.6810344827586207 0.3953125 0.6620689655172414 0.396875 0.653448275862069 0.39375 0.5844827586206897 0.3921875 0.5741379310344827 0.4015625 0.5568965517241379 0.40234375 0.5482758620689655 0.40625 0.5258620689655172 0.40859375 0.5172413793103449 0.41328125 0.496551724137931 0.41484375 0.4862068965517241 0.41875 0.47241379310344833 0.428125 0.48275862068965514 0.43515625
0 0.7137931034482758 0.61953125 0.7172413793103448 0.62421875 0.7241379310344828 0.62109375 0.75 0.62109375 0.7620689655172413 0.6265625 0.789655172413793 0.625 0.8051724137931033 0.63125 0.8241379310344827 0.628125 0.8413793103448276 0.63515625 0.8689655172413794 0.6328125 0.8879310344827586 0.63671875 0.8965517241379309 0.6140625 0.8931034482758621 0.60078125 0.903448275862069 0.56171875 0.9 0.55390625 0.8862068965517242 0.55546875 0.8758620689655172 0.54921875 0.8655172413793103 0.5515625 0.8586206896551725 0.54609375 0.8482758620689654 0.5484375 0.8310344827586207 0.54375 0.8206896551724137 0.54609375 0.8137931034482758 0.54375 0.7672413793103449 0.54296875 0.7172413793103448 0.53671875 0.7 0.5375 0.6965517241379311 0.53359375 0.7017241379310344 0.61640625 0.7137931034482758 0.61953125
0 0.5568965517241379 0.38828125 0.6206896551724138 0.38828125 0.6086206896551725 0.365625 0.5810344827586207 0.36640625 0.5431034482758621 0.3765625 0.5431034482758621 0.38125 0.5568965517241379 0.38828125
0 0.6948275862068966 0.4611609375 0.7034482758620689 0.46328125 0.6948275862068966 0.46528984375000004 0.6965517241379311 0.5 0.7362068965517241 0.503125 0.7517241379310344 0.5078125 0.7775862068965517 0.50703125 0.8051724137931033 0.5125 0.8258620689655173 0.5109375 0.8396551724137931 0.5171875 0.8568965517241379 0.51484375 0.8793103448275861 0.5203125 0.8948275862068966 0.51953125 0.9086206896551724 0.515625 0.9155172413793103 0.50703125 0.9172413793103449 0.48671875 0.9 0.4890625 0.8862068965517242 0.4875 0.8724137931034482 0.4921875 0.8586206896551725 0.49296875 0.8448275862068966 0.4890625 0.8396551724137931 0.47734375 0.7810344827586206 0.471875 0.7448275862068965 0.47265625 0.7293103448275862 0.46796875 0.7120689655172414 0.46796875 0.6965517241379311 0.45546875 0.7 0.4609375 0.6948275862068966 0.4611609375
0 0.7765625 0.51015625 0.0015625 0.003125
0 0.7672413793103449 0.5125 0.7689655172413793 0.50859375 0.7637931034482759 0.50859375 0.7672413793103449 0.5125
0 0.7603448275862068 0.50859375 0.746551724137931 0.5078125 0.7517241379310344 0.5171875 0.7603448275862068 0.50859375
0 0.6948275862068966 0.51484375 0.7017241379310344 0.61484375 0.7310344827586206 0.621875 0.7517241379310344 0.62109375 0.7655172413793103 0.6265625 0.789655172413793 0.62421875 0.803448275862069 0.63046875 0.8275862068965518 0.628125 0.8413793103448276 0.634375 0.8724137931034482 0.63203125 0.8862068965517242 0.63671875 0.8965517241379309 0.61328125 0.8948275862068966 0.6015625 0.9 0.596875 0.9051724137931034 0.54453125 0.9017241379310346 0.5359375 0.8896551724137931 0.53203125 0.8844827586206897 0.5328125 0.8827586206896552 0.52734375 0.8724137931034482 0.528125 0.8724137931034482 0.521875 0.8706896551724137 0.53359375 0.8620689655172413 0.53046875 0.8551724137931034 0.5328125 0.8293103448275861 0.5328125 0.8258620689655173 0.5296875 0.8137931034482758 0.53125 0.8051724137931033 0.528125 0.7862068965517242 0.528125 0.789655172413793 0.53671875 0.7827586206896552 0.540625 0.7706896551724138 0.5390625 0.7620689655172413 0.5359375 0.7620689655172413 0.5296875 0.753448275862069 0.5265625 0.7517241379310344 0.5203125 0.746551724137931 0.525 0.7293103448275862 0.525 0.7241379310344828 0.521875 0.7034482758620689 0.51875 0.7172413793103448 0.50546875 0.7120689655172414 0.5015625 0.7068965517241379 0.503125 0.7034482758620689 0.51484375 0.6948275862068966 0.51484375
0 0.9206896551724137 0.5015625 0.9327586206896552 0.5171875 0.9431034482758621 0.5203125 0.9551724137931034 0.51953125 0.9724137931034482 0.525 0.9896551724137931 0.52265625 0.9982758620689655 0.50703125 0.9982758620689655 0.4828125 0.9896551724137931 0.48515625 0.9706896551724137 0.48515625 0.960344827586207 0.48125 0.9448275862068967 0.4828125 0.9379310344827585 0.478125 0.9344827586206896 0.48125 0.9275862068965518 0.48125 0.9310344827586207 0.4875 0.9206896551724137 0.5015625
0 0.46896551724137925 0.46015625 0.4672413793103448 0.4796875 0.47586206896551725 0.4875 0.49827586206896546 0.48984375 0.5258620689655172 0.4875 0.539655172413793 0.490625 0.6068965517241379 0.49375 0.6327586206896552 0.490625 0.646551724137931 0.49453125 0.6758620689655173 0.4890625 0.6844827586206896 0.48125 0.6879310344827586 0.446875 0.6793103448275862 0.44296875 0.6706896551724137 0.44453125 0.6672413793103449 0.45546875 0.6448275862068965 0.4609375 0.6293103448275862 0.459375 0.6224137931034484 0.44921875 0.6206896551724138 0.45546875 0.6086206896551725 0.45703125 0.5758620689655173 0.45234375 0.5706896551724138 0.4546875 0.5482758620689655 0.45390625 0.5413793103448276 0.45625 0.5206896551724138 0.45390625 0.506896551724138 0.4578125 0.49482758620689654 0.453125 0.48275862068965514 0.453125 0.4793103448275862 0.45625 0.4706896551724138 0.45234375 0.47586206896551725 0.45546875 0.46896551724137925 0.46015625
0 0.9086206896551724 0.56953125 0.9068965517241379 0.5890625 0.9120689655172413 0.596875 0.9051724137931034 0.60390625 0.9 0.6234375 0.9206896551724137 0.64296875 0.9517241379310345 0.64296875 0.9620689655172413 0.65 0.9672413793103448 0.6609375 0.9431034482758621 0.75859375 0.9982758620689655 0.76640625 0.9982758620689655 0.4171875 0.993103448275862 0.39140625 0.9672413793103448 0.4015625 0.953448275862069 0.4015625 0.9482758620689655 0.40390625 0.9344827586206896 0.42109375 0.9275862068965518 0.44296875 0.9362068965517242 0.44765625 0.9362068965517242 0.453125 0.9275862068965518 0.4609375 0.9224137931034482 0.4765625 0.9275862068965518 0.49140625 0.9206896551724137 0.49765625 0.9189655172413793 0.5078125 0.9241379310344827 0.528125 0.9137931034482758 0.53828125 0.9103448275862069 0.55 0.9155172413793103 0.5609375 0.9086206896551724 0.56953125
0 0.7068965517241379 0.4671875 0.7310344827586206 0.46796875 0.7396551724137931 0.47578125 0.746551724137931 0.47734375 0.75 0.48515625 0.7637931034482759 0.48359375 0.7672413793103449 0.471875 0.7965517241379311 0.47265625 0.8275862068965518 0.4765625 0.8241379310344827 0.490625 0.8275862068965518 0.49140625 0.8275862068965518 0.484375 0.8655172413793103 0.49453125 0.8827586206896552 0.490625 0.8706896551724137 0.484375 0.8724137931034482 0.48046875 0.8827586206896552 0.48359375 0.9051724137931034 0.4828125 0.9155172413793103 0.47734375 0.9241379310344827 0.45234375 0.9172413793103449 0.4453125 0.9224137931034482 0.42890625 0.9155172413793103 0.42265625 0.8965517241379309 0.42109375 0.8793103448275861 0.425 0.8689655172413794 0.4203125 0.8206896551724137 0.41875 0.803448275862069 0.421875 0.7965517241379311 0.41796875 0.7827586206896552 0.41796875 0.7706896551724138 0.421875 0.7672413793103449 0.4265625 0.753448275862069 0.4296875 0.743103448275862 0.42734375 0.7293103448275862 0.4296875 0.7224137931034483 0.42890625 0.7258620689655173 0.41484375 0.7155172413793103 0.4140625 0.7103448275862069 0.4203125 0.7172413793103448 0.42890625 0.7086206896551724 0.43203125 0.7 0.4421875 0.7017241379310344 0.4640625 0.7068965517241379 0.4671875
0 0.4275862068965517 0.79609375 0.43965517241379304 0.80078125 0.46551724137931033 0.80390625 0.6224137931034484 0.815625 0.6362068965517241 0.81484375 0.6396551724137931 0.81171875 0.6362068965517241 0.80625 0.5655172413793104 0.79609375 0.4379310344827586 0.790625 0.4275862068965517 0.790625 0.4275862068965517 0.79609375
0 0.9086206896551724 0.57265625 0.9068965517241379 0.5875 0.9120689655172413 0.590625 0.9120689655172413 0.5984375 0.9068965517241379 0.6015625 0.903448275862069 0.61953125 0.9137931034482758 0.63671875 0.9241379310344827 0.64140625 0.95 0.64140625 0.9655172413793103 0.6515625 0.9706896551724137 0.66171875 0.9879310344827585 0.66484375 0.9982758620689655 0.66015625 0.993103448275862 0.6375 0.9982758620689655 0.62578125 0.9982758620689655 0.41953125 0.993103448275862 0.40078125 0.9879310344827585 0.39921875 0.953448275862069 0.403125 0.9344827586206896 0.421875 0.9293103448275861 0.4421875 0.9379310344827585 0.4515625 0.9275862068965518 0.46171875 0.9224137931034482 0.4796875 0.9275862068965518 0.48671875 0.9206896551724137 0.49765625 0.9224137931034482 0.52734375 0.9137931034482758 0.53359375 0.9103448275862069 0.55 0.9155172413793103 0.5640625 0.9086206896551724 0.57265625
0 0.8015625 0.48125 0.003125 0.00078125
0 0.7086206896551724 0.46796875 0.7275862068965517 0.46796875 0.7344827586206897 0.47265625 0.7293103448275862 0.4765625 0.7206896551724138 0.47734375 0.7224137931034483 0.48046875 0.7344827586206897 0.48125 0.743103448275862 0.47890625 0.746551724137931 0.484375 0.7586206896551724 0.48515625 0.7724137931034483 0.48046875 0.7741379310344827 0.4734375 0.8189655172413793 0.475 0.8258620689655173 0.47734375 0.8275862068965518 0.49140625 0.8482758620689654 0.4890625 0.8586206896551725 0.49453125 0.8672413793103448 0.49453125 0.8810344827586206 0.4921875 0.8931034482758621 0.4828125 0.903448275862069 0.48515625 0.9172413793103449 0.47734375 0.9206896551724137 0.45234375 0.9137931034482758 0.446875 0.8706896551724137 0.44140625 0.8586206896551725 0.44375 0.8551724137931034 0.440625 0.8482758620689654 0.4421875 0.8344827586206897 0.43828125 0.8241379310344827 0.440625 0.8172413793103448 0.4375 0.7827586206896552 0.43828125 0.7741379310344827 0.434375 0.7620689655172413 0.43359375 0.7396551724137931 0.43515625 0.7206896551724138 0.4328125 0.7 0.440625 0.6982758620689655 0.46328125 0.7086206896551724 0.46796875
0 0.025862068965517244 0.63203125 0.039655172413793106 0.634375 0.06724137931034482 0.6296875 0.07586206896551724 0.62265625 0.07586206896551724 0.61640625 0.06551724137931034 0.60859375 0.04655172413793103 0.6078125 0.03103448275862069 0.6109375 0.0034482758620689655 0.60546875 0 0.6171875 0.025862068965517244 0.63203125
0 0.008620689655172414 0.596875 0.020689655172413793 0.59921875 0.027586206896551724 0.60703125 0.03275862068965517 0.5984375 0.020689655172413793 0.59140625 0.008620689655172414 0.58984375 0.0017241379310344827 0.5921875 0.008620689655172414 0.596875
0 0.425 0.5078125 0.0015625 0.00078125
0 0.2655172413793103 0.4890625 0.30344827586206896 0.49453125 0.3275862068965517 0.49375 0.3310344827586207 0.48984375 0.36379310344827587 0.5015625 0.3706896551724138 0.5078125 0.3655172413793103 0.5140625 0.3689655172413793 0.51875 0.38448275862068965 0.50703125 0.44827586206896547 0.4984375 0.46206896551724136 0.478125 0.4603448275862069 0.471875 0.44827586206896547 0.4703125 0.45 0.465625 0.45862068965517244 0.466796875 0.45862068965517244 0.4625 0.44827586206896547 0.4625 0.44482758620689655 0.471875 0.4362068965517241 0.47421875 0.4224137931034483 0.46875 0.43103448275862066 0.46328125 0.41896551724137926 0.4625 0.41206896551724137 0.46640625 0.41896551724137926 0.4703125 0.4017241379310345 0.478125 0.3689655172413793 0.478125 0.3603448275862069 0.48125 0.34310344827586203 0.4796875 0.33793103448275863 0.48203125 0.31896551724137934 0.47578125 0.30344827586206896 0.47578125 0.2982758620689655 0.47265625 0.27413793103448275 0.46953125 0.26724137931034486 0.471875 0.26206896551724135 0.47890625 0.2655172413793103 0.4890625
0 0.24375 0.6921875 0.0015625 0.0015625
0 0.178125 0.6921875 0.0015625 0.00078125
0 0.2706896551724138 0.6890625 0.26724137931034486 0.6875 0.2655172413793103 0.6890625 0.2706896551724138 0.6890625
0 0.08203125 0.6671875 0.0015625 0.00078125
0 0.34765625 0.646875 0.0015625 0.00078125
0 0.07586206896551724 0.628125 0.07241379310344828 0.63515625 0.05517241379310345 0.6390625 0.06206896551724138 0.64921875 0.056896551724137934 0.65390625 0.06206896551724138 0.65703125 0.06034482758620689 0.6609375 0.07241379310344828 0.66171875 0.0706896551724138 0.66328125 0.09827586206896552 0.65390625 0.10517241379310345 0.65703125 0.10862068965517242 0.653125 0.11206896551724137 0.65546875 0.12068965517241378 0.653125 0.12068965517241378 0.6609375 0.12931034482758622 0.6609375 0.13620689655172413 0.66875 0.14827586206896554 0.6703125 0.15172413793103448 0.675 0.15862068965517243 0.675 0.16379310344827586 0.67890625 0.16551724137931034 0.6703125 0.1706896551724138 0.66875 0.1810344827586207 0.6703125 0.1879310344827586 0.67578125 0.19655172413793104 0.67265625 0.1810344827586207 0.665625 0.18448275862068966 0.66328125 0.22241379310344828 0.6703125 0.25 0.6671875 0.26206896551724135 0.66328125 0.2827586206896552 0.67109375 0.27586206896551724 0.66484375 0.28620689655172415 0.66171875 0.29137931034482756 0.66484375 0.28620689655172415 0.66015625 0.2896551724137931 0.6578125 0.3137931034482758 0.65390625 0.32068965517241377 0.64921875 0.33448275862068966 0.6484375 0.3413793103448276 0.64296875 0.36379310344827587 0.6421875 0.3931034482758621 0.63359375 0.40344827586206894 0.628125 0.4068965517241379 0.62109375 0.40344827586206894 0.6015625 0.37241379310344824 0.60078125 0.3448275862068965 0.60546875 0.33448275862068966 0.6109375 0.31724137931034485 0.61484375 0.30689655172413793 0.6140625 0.29655172413793107 0.61796875 0.2827586206896552 0.61875 0.2689655172413793 0.6265625 0.23793103448275862 0.6296875 0.22413793103448273 0.63671875 0.21724137931034485 0.63671875 0.1879310344827586 0.628125 0.17758620689655172 0.62734375 0.17241379310344826 0.63046875 0.15517241379310345 0.61953125 0.12586206896551724 0.6125 0.11724137931034481 0.6140625 0.09137931034482757 0.60546875 0.07241379310344828 0.60390625 0.06724137931034482 0.6078125 0.07413793103448277 0.6140625 0.07586206896551724 0.628125
0 0.803448275862069 0.55390625 0.8137931034482758 0.55234375 0.8275862068965518 0.55703125 0.8224137931034482 0.55234375 0.8293103448275861 0.55078125 0.8275862068965518 0.54921875 0.8189655172413793 0.55 0.810344827586207 0.54609375 0.8017241379310345 0.54765625 0.8 0.55703125 0.803448275862069 0.55390625
0 0.7758620689655172 0.5484375 0.7810344827586206 0.55234375 0.7913793103448276 0.546875 0.7775862068965517 0.5453125 0.7672413793103449 0.54765625 0.7672413793103449 0.55078125 0.7758620689655172 0.5484375
0 0.7051724137931035 0.6140625 0.7310344827586206 0.62109375 0.75 0.6203125 0.7655172413793103 0.62578125 0.7913793103448276 0.62421875 0.803448275862069 0.63046875 0.8241379310344827 0.62734375 0.8379310344827585 0.63359375 0.846551724137931 0.634375 0.8620689655172413 0.63203125 0.8758620689655172 0.62421875 0.8775862068965518 0.6328125 0.8862068965517242 0.634375 0.8844827586206897 0.62890625 0.8965517241379309 0.61328125 0.8948275862068966 0.60078125 0.9 0.59609375 0.8982758620689655 0.5734375 0.8913793103448275 0.57109375 0.8948275862068966 0.5671875 0.8827586206896552 0.5671875 0.8775862068965518 0.57421875 0.8810344827586206 0.578125 0.8706896551724137 0.5828125 0.8603448275862069 0.5734375 0.8448275862068966 0.57109375 0.8448275862068966 0.5671875 0.8396551724137931 0.56640625 0.8344827586206897 0.56953125 0.8293103448275861 0.56640625 0.8172413793103448 0.5671875 0.803448275862069 0.559375 0.789655172413793 0.5625 0.7655172413793103 0.55859375 0.7448275862068965 0.55859375 0.7413793103448276 0.56484375 0.7310344827586206 0.56796875 0.7155172413793103 0.5609375 0.7120689655172414 0.53984375 0.7068965517241379 0.53984375 0.7086206896551724 0.54921875 0.7017241379310344 0.553125 0.7120689655172414 0.553125 0.7120689655172414 0.5578125 0.7017241379310344 0.55859375 0.7 0.56484375 0.6982758620689655 0.5953125 0.7051724137931035 0.6140625
0 0.05 0.5953125 0.11206896551724137 0.60703125 0.21724137931034485 0.6328125 0.24482758620689654 0.625 0.26724137931034486 0.6234375 0.2793103448275862 0.6171875 0.29310344827586204 0.6171875 0.3137931034482758 0.61015625 0.3293103448275862 0.609375 0.3448275862068965 0.603125 0.36379310344827587 0.60078125 0.37241379310344824 0.59609375 0.38620689655172413 0.59765625 0.4017241379310345 0.5890625 0.39827586206896554 0.53671875 0.38620689655172413 0.52734375 0.35172413793103446 0.52109375 0.31724137931034485 0.521875 0.30517241379310345 0.528125 0.2517241379310345 0.5328125 0.23103448275862068 0.53828125 0.20689655172413796 0.53828125 0.19827586206896552 0.54375 0.1879310344827586 0.5421875 0.14310344827586208 0.55 0.12586206896551724 0.55078125 0.11551724137931034 0.546875 0.10172413793103448 0.54765625 0.1 0.5390625 0.09482758620689655 0.53671875 0.07758620689655173 0.53828125 0.041379310344827586 0.5359375 0.034482758620689655 0.53984375 0.03275862068965517 0.55234375 0.05 0.5953125
0 0.6293103448275862 0.64375 0.6362068965517241 0.64375 0.6327586206896552 0.6390625 0.6293103448275862 0.63828125 0.6293103448275862 0.64375
0 0.6224137931034484 0.62265625 0.6206896551724138 0.625 0.6189655172413793 0.659375 0.6224137931034484 0.62265625
0 0.4275862068965517 0.6484375 0.42586206896551726 0.6578125 0.43103448275862066 0.65703125 0.4362068965517241 0.6609375 0.4275862068965517 0.66953125 0.43103448275862066 0.675 0.42586206896551726 0.68203125 0.4241379310344827 0.7140625 0.42586206896551726 0.77734375 0.43103448275862066 0.79140625 0.4379310344827586 0.7890625 0.44655172413793104 0.79140625 0.4793103448275862 0.7890625 0.5 0.79296875 0.603448275862069 0.8 0.6120689655172413 0.80546875 0.6189655172413793 0.80390625 0.6189655172413793 0.796875 0.6293103448275862 0.78671875 0.6293103448275862 0.7625 0.6413793103448275 0.74921875 0.653448275862069 0.66015625 0.6603448275862068 0.6578125 0.6637931034482759 0.6609375 0.6655172413793103 0.65703125 0.6586206896551724 0.6546875 0.6689655172413793 0.6515625 0.6603448275862068 0.6484375 0.6706896551724137 0.6453125 0.6741379310344827 0.64765625 0.6793103448275862 0.64375 0.6827586206896552 0.6359375 0.6775862068965517 0.62890625 0.6637931034482759 0.63125 0.6603448275862068 0.625 0.6689655172413793 0.62578125 0.6672413793103449 0.6234375 0.653448275862069 0.62265625 0.646551724137931 0.61953125 0.6379310344827587 0.62265625 0.6431034482758621 0.62421875 0.6379310344827587 0.6265625 0.6448275862068965 0.63203125 0.6431034482758621 0.63671875 0.6120689655172413 0.64140625 0.6086206896551725 0.6359375 0.5913793103448276 0.6421875 0.5844827586206897 0.6265625 0.5827586206896551 0.62890625 0.5706896551724138 0.62890625 0.5706896551724138 0.62421875 0.5603448275862069 0.62265625 0.5534482758620689 0.628125 0.5534482758620689 0.63828125 0.5465517241379311 0.640625 0.5448275862068965 0.6359375 0.5310344827586206 0.64140625 0.5155172413793103 0.6359375 0.5137931034482759 0.64765625 0.49482758620689654 0.65234375 0.4896551724137931 0.6515625 0.4862068965517241 0.64140625 0.47586206896551725 0.64296875 0.46551724137931033 0.63203125 0.45517241379310347 0.6359375 0.45517241379310347 0.64609375 0.44482758620689655 0.65 0.4379310344827586 0.640625 0.43103448275862066 0.64609375 0.4275862068965517 0.646875 0.4241379310344827 0.64375 0.4206896551724138 0.6484375 0.4275862068965517 0.6484375
0 0.5344827586206897 0.62734375 0.539655172413793 0.63125 0.539655172413793 0.615625 0.5275862068965517 0.6203125 0.5275862068965517 0.62734375 0.5344827586206897 0.62734375
0 0.6379310344827587 0.615625 0.6293103448275862 0.61640625 0.6275862068965516 0.6234375 0.6379310344827587 0.615625
0 0.6103448275862069 0.61875 0.6120689655172413 0.615625 0.6051724137931035 0.61484375 0.6017241379310344 0.61640625 0.6103448275862069 0.61875
0 0.5390625 0.58828125 0.0015625 0.0015625
0 0.7017241379310344 0.57109375 0.7086206896551724 0.57421875 0.7034482758620689 0.58125 0.7086206896551724 0.58515625 0.7275862068965517 0.58515625 0.7603448275862068 0.59375 0.7689655172413793 0.5921875 0.7775862068965517 0.5953125 0.8086206896551724 0.596875 0.8206896551724137 0.6 0.8793103448275861 0.60234375 0.8896551724137931 0.59765625 0.8896551724137931 0.590625 0.9 0.58515625 0.903448275862069 0.5671875 0.903448275862069 0.5578125 0.8931034482758621 0.5515625 0.8965517241379309 0.546875 0.8879310344827586 0.55390625 0.8827586206896552 0.55390625 0.8758620689655172 0.5484375 0.8655172413793103 0.55 0.8517241379310345 0.54140625 0.7586206896551724 0.54140625 0.7241379310344828 0.5375 0.7086206896551724 0.53125 0.7137931034482758 0.53046875 0.7155172413793103 0.5234375 0.6982758620689655 0.521875 0.6948275862068966 0.53828125 0.7017241379310344 0.57109375
0 0.7017241379310344 0.5375 0.7017241379310344 0.61328125 0.7224137931034483 0.6203125 0.7482758620689655 0.6203125 0.7689655172413793 0.62578125 0.789655172413793 0.62421875 0.8051724137931033 0.63046875 0.8275862068965518 0.62734375 0.8448275862068966 0.634375 0.8637931034482758 0.63125 0.8862068965517242 0.634375 0.8965517241379309 0.6140625 0.8965517241379309 0.5875 0.9120689655172413 0.52890625 0.9086206896551724 0.51796875 0.9155172413793103 0.5109375 0.9172413793103449 0.4890625 0.9086206896551724 0.48203125 0.9189655172413793 0.46875 0.9172413793103449 0.46015625 0.9241379310344827 0.44921875 0.9189655172413793 0.4484375 0.9172413793103449 0.4421875 0.9241379310344827 0.4359375 0.9327586206896552 0.409375 0.9241379310344827 0.40625 0.903448275862069 0.40703125 0.8827586206896552 0.4015625 0.8637931034482758 0.40390625 0.8431034482758621 0.39921875 0.8275862068965518 0.39921875 0.8206896551724137 0.4015625 0.7827586206896552 0.396875 0.7482758620689655 0.39921875 0.7327586206896551 0.39609375 0.7241379310344828 0.396875 0.7189655172413792 0.41015625 0.7086206896551724 0.4171875 0.7120689655172414 0.43125 0.6982758620689655 0.446875 0.6948275862068966 0.52265625 0.7017241379310344 0.5375
0 0.47413793103448276 0.4828125 0.5 0.48828125 0.5258620689655172 0.48671875 0.5775862068965517 0.49140625 0.6327586206896552 0.48984375 0.646551724137931 0.4921875 0.6655172413793103 0.48828125 0.6741379310344827 0.484375 0.6758620689655173 0.47578125 0.6810344827586207 0.4765625 0.6931034482758621 0.44140625 0.6931034482758621 0.4140625 0.7051724137931035 0.40078125 0.6810344827586207 0.3953125 0.6620689655172414 0.396875 0.653448275862069 0.39375 0.5827586206896551 0.3921875 0.5706896551724138 0.40234375 0.5551724137931034 0.40234375 0.506896551724138 0.4171875 0.496551724137931 0.41484375 0.4706896551724138 0.42890625 0.46896551724137925 0.47890625 0.47413793103448276 0.4828125
0 0.7137931034482758 0.396875 0.7344827586206897 0.39453125 0.75 0.39765625 0.7793103448275862 0.396875 0.7879310344827586 0.39375 0.8 0.39765625 0.8327586206896551 0.396875 0.8482758620689654 0.3984375 0.8620689655172413 0.403125 0.8810344827586206 0.4 0.9086206896551724 0.4046875 0.9293103448275861 0.4 0.939655172413793 0.4015625 0.9637931034482758 0.3953125 0.9810344827586206 0.3890625 0.9879310344827585 0.3828125 0.9827586206896551 0.35546875 0.9517241379310345 0.35234375 0.9206896551724137 0.35390625 0.9120689655172413 0.3515625 0.8344827586206897 0.3515625 0.8086206896551724 0.35703125 0.7931034482758621 0.353125 0.756896551724138 0.35390625 0.75 0.35703125 0.7396551724137931 0.35390625 0.7103448275862069 0.3578125 0.6982758620689655 0.3703125 0.6982758620689655 0.38984375 0.7137931034482758 0.396875
0 0.7241379310344828 0.5859375 0.7482758620689655 0.59296875 0.803448275862069 0.5953125 0.8155172413793104 0.59921875 0.8620689655172413 0.60234375 0.8844827586206897 0.60234375 0.8913793103448275 0.5984375 0.8931034482758621 0.5796875 0.8741379310344828 0.584375 0.8517241379310345 0.57890625 0.8189655172413793 0.578125 0.8068965517241379 0.57421875 0.7775862068965517 0.575 0.7741379310344827 0.56640625 0.7620689655172413 0.5671875 0.7551724137931035 0.571875 0.7448275862068965 0.56953125 0.7189655172413792 0.57109375 0.7068965517241379 0.5640625 0.7017241379310344 0.56796875 0.7034482758620689 0.58359375 0.7241379310344828 0.5859375
0 0.7 0.4875 0.6931034482758621 0.5171875 0.7034482758620689 0.52265625 0.7017241379310344 0.5265625 0.7086206896551724 0.5328125 0.7206896551724138 0.53671875 0.7448275862068965 0.53671875 0.756896551724138 0.53984375 0.8189655172413793 0.54453125 0.8327586206896551 0.54296875 0.8586206896551725 0.54609375 0.8655172413793103 0.55 0.8827586206896552 0.54921875 0.8862068965517242 0.55234375 0.8931034482758621 0.5515625 0.9017241379310346 0.5453125 0.8982758620689655 0.534375 0.9103448275862069 0.52578125 0.9068965517241379 0.51875 0.9137931034482758 0.5015625 0.9086206896551724 0.4859375 0.9017241379310346 0.48515625 0.8948275862068966 0.48828125 0.8758620689655172 0.47734375 0.8534482758620691 0.478125 0.846551724137931 0.47421875 0.8189655172413793 0.475 0.7931034482758621 0.47109375 0.7413793103448276 0.4734375 0.7362068965517241 0.4703125 0.7103448275862069 0.46640625 0.7 0.4546875 0.6948275862068966 0.459375 0.6948275862068966 0.4828125 0.7 0.4875
0 0.35 0.49453125 0.35172413793103446 0.490625 0.3413793103448276 0.49453125 0.35 0.49453125
0 0.28620689655172415 0.4921875 0.30344827586206896 0.4953125 0.3275862068965517 0.49453125 0.32241379310344825 0.48046875 0.31724137931034485 0.47890625 0.3 0.478125 0.29137931034482756 0.475 0.2655172413793103 0.484375 0.26724137931034486 0.4921875 0.28620689655172415 0.4921875
0 0.3655172413793103 0.50546875 0.3655172413793103 0.51875 0.37241379310344824 0.52265625 0.39827586206896554 0.5265625 0.45862068965517244 0.4921875 0.46206896551724136 0.4734375 0.4568965517241379 0.47109375 0.43965517241379304 0.478125 0.4206896551724138 0.478125 0.40344827586206894 0.48359375 0.3896551724137931 0.4796875 0.3810344827586207 0.48046875 0.38448275862068965 0.48515625 0.3586206896551724 0.490625 0.35172413793103446 0.49765625 0.3655172413793103 0.50546875
0 0.8827586206896552 0.81015625 0.8896551724137931 0.81015625 0.8879310344827586 0.803125 0.8827586206896552 0.803125 0.8827586206896552 0.81015625
0 0.8734375 0.80390625 0.0015625 0.0015625
0 0.9109375 0.7890625 0.0015625 0.003125
0 0.6672413793103449 0.69609375 0.6586206896551724 0.7078125 0.6672413793103449 0.725 0.6775862068965517 0.71875 0.6948275862068966 0.7203125 0.7103448275862069 0.7171875 0.7206896551724138 0.709375 0.7482758620689655 0.721875 0.7551724137931035 0.71875 0.7620689655172413 0.72265625 0.756896551724138 0.73046875 0.7655172413793103 0.73828125 0.7741379310344827 0.73125 0.789655172413793 0.73046875 0.7965517241379311 0.72734375 0.803448275862069 0.73359375 0.810344827586207 0.73046875 0.8241379310344827 0.73203125 0.8293103448275861 0.73515625 0.8379310344827585 0.73359375 0.8413793103448276 0.740625 0.8448275862068966 0.7390625 0.8517241379310345 0.7421875 0.8448275862068966 0.74453125 0.8534482758620691 0.7421875 0.8586206896551725 0.7453125 0.8672413793103448 0.7453125 0.8724137931034482 0.759375 0.8775862068965518 0.75703125 0.8896551724137931 0.76015625 0.8965517241379309 0.758984375 0.8965517241379309 0.76328125 0.9103448275862069 0.7625 0.9103448275862069 0.76640625 0.903448275862069 0.76875 0.9241379310344827 0.76953125 0.9310344827586207 0.7640625 0.9241379310344827 0.7578125 0.9241379310344827 0.75078125 0.9258620689655173 0.74609375 0.9310344827586207 0.74609375 0.9310344827586207 0.7375 0.9448275862068967 0.7203125 0.9620689655172413 0.66484375 0.9586206896551724 0.65390625 0.946551724137931 0.646875 0.9206896551724137 0.64921875 0.903448275862069 0.6390625 0.8844827586206897 0.64296875 0.8758620689655172 0.6421875 0.8672413793103448 0.63671875 0.8431034482758621 0.640625 0.8275862068965518 0.634375 0.8155172413793104 0.63671875 0.8017241379310345 0.63515625 0.789655172413793 0.62890625 0.7741379310344827 0.63125 0.743103448275862 0.6265625 0.7293103448275862 0.63203125 0.7120689655172414 0.64921875 0.6706896551724137 0.665625 0.6620689655172414 0.67734375 0.6620689655172414 0.6921875 0.6672413793103449 0.69609375
0 0.29310344827586204 0.48828125 0.29655172413793107 0.48671875 0.3120689655172414 0.49375 0.3413793103448276 0.49296875 0.3603448275862069 0.4984375 0.4068965517241379 0.4875 0.4137931034482759 0.4890625 0.4275862068965517 0.4828125 0.4517241379310345 0.478125 0.4603448275862069 0.46328125 0.45517241379310347 0.4578125 0.45862068965517244 0.45546875 0.44482758620689655 0.4578125 0.4344827586206897 0.4546875 0.4206896551724138 0.4546875 0.4086206896551724 0.45625 0.3896551724137931 0.4640625 0.3758620689655172 0.46484375 0.36724137931034484 0.4625 0.3568965517241379 0.46796875 0.3448275862068965 0.46953125 0.33793103448275863 0.465625 0.32241379310344825 0.465625 0.30517241379310345 0.4609375 0.3 0.46171875 0.29310344827586204 0.4578125 0.2775862068965517 0.46015625 0.26379310344827583 0.45859375 0.26379310344827583 0.484375 0.29310344827586204 0.48828125
0 0.3758620689655172 0.50703125 0.38448275862068965 0.51171875 0.3793103448275862 0.515625 0.4 0.52734375 0.4603448275862069 0.490625 0.46206896551724136 0.4765625 0.44482758620689655 0.48515625 0.4379310344827586 0.4828125 0.42931034482758623 0.48984375 0.4051724137931035 0.48984375 0.38620689655172413 0.4984375 0.38275862068965516 0.49765625 0.3758620689655172 0.50078125 0.3758620689655172 0.50703125
0 0.039655172413793106 0.53203125 0.07586206896551724 0.53515625 0.09655172413793103 0.534375 0.10517241379310345 0.53828125 0.11379310344827587 0.53671875 0.12586206896551724 0.5390625 0.13793103448275862 0.54453125 0.16379310344827586 0.54453125 0.1879310344827586 0.53984375 0.19655172413793104 0.540625 0.20689655172413796 0.53671875 0.23275862068965517 0.5359375 0.2517241379310345 0.53125 0.2793103448275862 0.5296875 0.31724137931034485 0.5203125 0.34655172413793106 0.51875 0.35344827586206895 0.51328125 0.35344827586206895 0.50625 0.33448275862068966 0.49765625 0.30344827586206896 0.5 0.2896551724137931 0.496875 0.2655172413793103 0.49609375 0.25689655172413794 0.49296875 0.2482758620689655 0.49453125 0.23793103448275862 0.49140625 0.22586206896551725 0.4921875 0.21551724137931033 0.4890625 0.19655172413793104 0.4953125 0.1810344827586207 0.4921875 0.16724137931034483 0.49765625 0.14655172413793102 0.49609375 0.13275862068965516 0.503125 0.10862068965517242 0.50078125 0.09827586206896552 0.5046875 0.05 0.5109375 0.03620689655172414 0.51875 0.034482758620689655 0.5265625 0.039655172413793106 0.53203125
0 0.993103448275862 0.728125 0.9913793103448276 0.725 0.9879310344827585 0.7265625 0.993103448275862 0.728125
0 0.9982758620689655 0.715625 0.9982758620689655 0.7078125 0.993103448275862 0.7078125 0.9913793103448276 0.71328125 0.9982758620689655 0.715625
0 0.9982758620689655 0.70390625 0.9948275862068966 0.659375 0.9827586206896551 0.6640625 0.9672413793103448 0.66171875 0.9620689655172413 0.678125 0.9620689655172413 0.6953125 0.9982758620689655 0.70390625
0 0.9741379310344828 0.6921875 0.9775862068965517 0.69453125 0.9844827586206897 0.6921875 0.9913793103448276 0.69921875 0.9982758620689655 0.7 0.9982758620689655 0.695703125 0.9896551724137931 0.69375 0.9982758620689655 0.69140625 0.9982758620689655 0.6828125 0.9913793103448276 0.684375 0.9862068965517242 0.69140625 0.9741379310344828 0.6921875
0 0.9640625 0.578125 0.003125 0.00078125
0 0.9137931034482758 0.640625 0.9206896551724137 0.64375 0.946551724137931 0.6421875 0.9568965517241379 0.64609375 0.9689655172413794 0.66015625 0.9706896551724137 0.675 0.9982758620689655 0.665625 0.9948275862068966 0.5828125 0.9844827586206897 0.584375 0.9827586206896551 0.58984375 0.9758620689655173 0.59140625 0.9448275862068967 0.5890625 0.9379310344827585 0.584375 0.9310344827586207 0.5890625 0.9241379310344827 0.5890625 0.9172413793103449 0.5796875 0.9224137931034482 0.57421875 0.9137931034482758 0.5734375 0.9068965517241379 0.5796875 0.9155172413793103 0.58046875 0.9172413793103449 0.5859375 0.9068965517241379 0.584375 0.9120689655172413 0.5953125 0.9017241379310346 0.60625 0.9 0.62421875 0.9137931034482758 0.640625
0 0.9862068965517242 0.5640625 0.9948275862068966 0.5734375 0.9982758620689655 0.5703125 0.9913793103448276 0.5671875 0.9982758620689655 0.565625 0.9982758620689655 0.5609375 0.9948275862068966 0.55859375 0.9862068965517242 0.5625 0.9793103448275862 0.5609375 0.9741379310344828 0.56484375 0.9862068965517242 0.5640625
0 0.9206896551724137 0.5984375 0.9206896551724137 0.60546875 0.946551724137931 0.61328125 0.9706896551724137 0.615625 0.9913793103448276 0.61328125 0.9982758620689655 0.596875 0.9948275862068966 0.55625 0.9586206896551724 0.56171875 0.946551724137931 0.553125 0.9275862068965518 0.55859375 0.9241379310344827 0.55703125 0.9086206896551724 0.56796875 0.9068965517241379 0.58828125 0.9206896551724137 0.5984375
0 0.8206896551724137 0.578125 0.8310344827586207 0.58515625 0.8379310344827585 0.5828125 0.8344827586206897 0.578125 0.8275862068965518 0.58125 0.8206896551724137 0.578125
0 0.8517241379310345 0.58046875 0.8448275862068966 0.5828125 0.846551724137931 0.5859375 0.8586206896551725 0.58828125 0.8517241379310345 0.5828125 0.8534482758620691 0.57734375 0.8482758620689654 0.5765625 0.8448275862068966 0.578125 0.8517241379310345 0.58046875
0 0.810344827586207 0.58125 0.8137931034482758 0.57734375 0.8051724137931033 0.5765625 0.803448275862069 0.58125 0.810344827586207 0.58125
0 0.75 0.57734375 0.7637931034482759 0.5796875 0.7689655172413793 0.590625 0.7879310344827586 0.5796875 0.7965517241379311 0.58125 0.7948275862068965 0.57734375 0.7862068965517242 0.575 0.7879310344827586 0.5703125 0.7931034482758621 0.57109375 0.789655172413793 0.56953125 0.7965517241379311 0.5671875 0.7655172413793103 0.56171875 0.7482758620689655 0.56171875 0.7413793103448276 0.5671875 0.7448275862068965 0.571875 0.7344827586206897 0.5734375 0.7362068965517241 0.58046875 0.75 0.57734375
0 0.7103448275862069 0.575 0.7 0.57734375 0.7034482758620689 0.58203125 0.6982758620689655 0.58671875 0.7017241379310344 0.63359375 0.7172413793103448 0.63359375 0.7344827586206897 0.6234375 0.75 0.621875 0.7637931034482759 0.62734375 0.7879310344827586 0.625 0.8017241379310345 0.63125 0.8275862068965518 0.6296875 0.8448275862068966 0.63671875 0.8620689655172413 0.63359375 0.8810344827586206 0.6375 0.8896551724137931 0.63671875 0.8948275862068966 0.63125 0.8965517241379309 0.6078125 0.8844827586206897 0.6 0.8931034482758621 0.59609375 0.8931034482758621 0.59140625 0.8775862068965518 0.59453125 0.8758620689655172 0.59296875 0.8689655172413794 0.59765625 0.8413793103448276 0.60234375 0.7982758620689655 0.59609375 0.7758620689655172 0.5953125 0.7706896551724138 0.59296875 0.756896551724138 0.59375 0.746551724137931 0.58828125 0.7327586206896551 0.5875 0.7155172413793103 0.58125 0.7155172413793103 0.5625 0.7086206896551724 0.55703125 0.7 0.5671875 0.7017241379310344 0.572265625 0.7103448275862069 0.575
0 0.9172413793103449 0.58359375 0.9172413793103449 0.5859375 0.9068965517241379 0.583984375 0.9120689655172413 0.59609375 0.9051724137931034 0.60234375 0.9155172413793103 0.63671875 0.9310344827586207 0.64140625 0.9517241379310345 0.64140625 0.9706896551724137 0.65234375 0.9913793103448276 0.65546875 0.9982758620689655 0.659375 0.9948275862068966 0.5828125 0.9844827586206897 0.584375 0.9775862068965517 0.59140625 0.9689655172413794 0.59140625 0.9379310344827585 0.58671875 0.9189655172413793 0.58671875 0.9189655172413793 0.57421875 0.9103448275862069 0.575 0.9068965517241379 0.57890625 0.9155172413793103 0.57890625 0.9172413793103449 0.58359375
0 0.9896551724137931 0.5640625 0.9948275862068966 0.56796875 0.9982758620689655 0.56328125 0.9896551724137931 0.559375 0.9948275862068966 0.556640625 0.993103448275862 0.5515625 0.9879310344827585 0.55859375 0.9810344827586206 0.559375 0.9793103448275862 0.5640625 0.9896551724137931 0.5640625
0 0.6982758620689655 0.48359375 0.7155172413793103 0.4875 0.7086206896551724 0.4953125 0.7120689655172414 0.49765625 0.7206896551724138 0.4953125 0.7224137931034483 0.5015625 0.7293103448275862 0.49765625 0.7517241379310344 0.5046875 0.7637931034482759 0.50546875 0.7689655172413793 0.5046875 0.7689655172413793 0.5015625 0.7810344827586206 0.50078125 0.7793103448275862 0.50546875 0.7913793103448276 0.5015625 0.7982758620689655 0.5078125 0.8206896551724137 0.50859375 0.8310344827586207 0.51328125 0.8396551724137931 0.51015625 0.8551724137931034 0.51171875 0.8603448275862069 0.51484375 0.8758620689655172 0.51640625 0.8827586206896552 0.52109375 0.9068965517241379 0.515625 0.9189655172413793 0.490625 0.9086206896551724 0.48125 0.8965517241379309 0.4828125 0.8724137931034482 0.475 0.8517241379310345 0.475 0.8413793103448276 0.46953125 0.8413793103448276 0.4671875 0.8206896551724137 0.4734375 0.7862068965517242 0.4671875 0.7482758620689655 0.46953125 0.7379310344827587 0.4640625 0.7120689655172414 0.4640625 0.7086206896551724 0.4515625 0.6948275862068966 0.4546875 0.6931034482758621 0.4765625 0.6982758620689655 0.48359375
0 0.7078125 0.446875 0.0015625 0.00078125
0 0.99765625 0.6890625 0.0015625 0.00703125
0 0.9390625 0.578125 0.0015625 0.00078125
0 0.903448275862069 0.61953125 0.9137931034482758 0.6390625 0.9241379310344827 0.6421875 0.9517241379310345 0.6421875 0.9637931034482758 0.64921875 0.9706896551724137 0.659375 0.9982758620689655 0.6640625 0.9982758620689655 0.584375 0.993103448275862 0.58125 0.9982758620689655 0.571875 0.993103448275862 0.5734375 0.9896551724137931 0.56953125 0.9896551724137931 0.5671875 0.9982758620689655 0.56796875 0.9982758620689655 0.56015625 0.993103448275862 0.5578125 0.9724137931034482 0.56328125 0.9844827586206897 0.56640625 0.9620689655172413 0.571875 0.9482758620689655 0.58046875 0.953448275862069 0.58125 0.9482758620689655 0.584375 0.9413793103448276 0.58515625 0.9379310344827585 0.5828125 0.9241379310344827 0.5875 0.9172413793103449 0.58125 0.9275862068965518 0.57421875 0.9172413793103449 0.571875 0.9068965517241379 0.58046875 0.9120689655172413 0.596875 0.903448275862069 0.61953125
0 0.3620689655172414 0.859375 0.3931034482758621 0.86640625 0.41206896551724137 0.86640625 0.4344827586206897 0.871875 0.4344827586206897 0.8921875 0.43965517241379304 0.89609375 0.4344827586206897 0.9109375 0.4431034482758621 0.9203125 0.4413793103448276 0.946875 0.44827586206896547 0.9546875 0.47586206896551725 0.9609375 0.539655172413793 0.96796875 0.5637931034482759 0.96796875 0.5896551724137931 0.93203125 0.6224137931034484 0.87109375 0.6224137931034484 0.85703125 0.6155172413793103 0.8546875 0.5913793103448276 0.8546875 0.5793103448275863 0.85078125 0.5551724137931034 0.85078125 0.5379310344827586 0.84609375 0.5224137931034483 0.84765625 0.4637931034482759 0.8375 0.44482758620689655 0.83984375 0.41896551724137926 0.83359375 0.3948275862068965 0.83359375 0.38448275862068965 0.83125 0.3758620689655172 0.834375 0.3586206896551724 0.85390625 0.3586206896551724 0.8609375 0.3620689655172414 0.859375
0 0.9189655172413793 0.57890625 0.9137931034482758 0.57825546875 0.9137931034482758 0.59036484375 0.9206896551724137 0.5921875 0.9137931034482758 0.59440078125 0.9017241379310346 0.61953125 0.9086206896551724 0.6328125 0.9206896551724137 0.64375 0.946551724137931 0.64140625 0.960344827586207 0.6484375 0.9655172413793103 0.65625 0.9448275862068967 0.759375 0.9982758620689655 0.7671875 0.9982758620689655 0.56015625 0.9948275862068966 0.5578125 0.9879310344827585 0.56171875 0.9775862068965517 0.56015625 0.9482758620689655 0.5796875 0.9275862068965518 0.57421875 0.9137931034482758 0.57421875 0.9206896551724137 0.5765625 0.9189655172413793 0.57890625
0 0.49296875 0.928125 0.003125 0.00078125
0 0.5224137931034483 0.7453125 0.5293103448275862 0.73984375 0.5258620689655172 0.72421875 0.5172413793103449 0.7328125 0.5 0.73203125 0.496551724137931 0.73828125 0.5224137931034483 0.7453125
0 0.64453125 0.7265625 0.003125 0.00625
0 0.42931034482758623 0.76015625 0.43275862068965515 0.76953125 0.4275862068965517 0.771875 0.4275862068965517 0.78046875 0.43275862068965515 0.784375 0.42586206896551726 0.79296875 0.4362068965517241 0.8 0.5 0.8078125 0.5258620689655172 0.8078125 0.6103448275862069 0.815625 0.6396551724137931 0.8140625 0.6396551724137931 0.77421875 0.646551724137931 0.7578125 0.646551724137931 0.73567734375 0.6413793103448275 0.734375 0.646551724137931 0.73125 0.6155172413793103 0.73828125 0.6155172413793103 0.73359375 0.6068965517241379 0.73203125 0.6120689655172413 0.72265625 0.5948275862068966 0.72265625 0.5741379310344827 0.7390625 0.5672413793103448 0.72578125 0.5568965517241379 0.7234375 0.5465517241379311 0.72734375 0.5431034482758621 0.7203125 0.5379310344827586 0.7203125 0.5362068965517242 0.72421875 0.5465517241379311 0.728125 0.5448275862068965 0.73046875 0.5362068965517242 0.73046875 0.5362068965517242 0.7453125 0.5448275862068965 0.74609375 0.5448275862068965 0.75 0.5327586206896552 0.75546875 0.5170914542728636 0.7477241847826087 0.5051724137931035 0.753125 0.4931034482758621 0.76796875 0.48103448275862065 0.74296875 0.48103448275862065 0.7453125 0.46896551724137925 0.7421875 0.46206896551724136 0.74453125 0.45517241379310347 0.73984375 0.45 0.74296875 0.4413793103448276 0.74140625 0.42931034482758623 0.74765625 0.4344827586206897 0.75234375 0.42931034482758623 0.75390625 0.4362068965517241 0.75859375 0.42931034482758623 0.76015625
0 0.49482758620689654 0.73046875 0.48793103448275865 0.72109375 0.48275862068965514 0.72109375 0.48275862068965514 0.72734375 0.49482758620689654 0.73046875
0 0.45344827586206893 0.728125 0.45517241379310347 0.72421875 0.44655172413793104 0.7203125 0.44482758620689655 0.72421875 0.45344827586206893 0.728125
0 0.43103448275862066 0.46953125 0.41724137931034483 0.46875 0.4241379310344827 0.47578125 0.43103448275862066 0.46953125
0 0.26206896551724135 0.4671875 0.2793103448275862 0.46328125 0.2982758620689655 0.4734375 0.3137931034482758 0.475 0.32068965517241377 0.47265625 0.33448275862068966 0.478125 0.35517241379310344 0.47578125 0.3603448275862069 0.478125 0.39655172413793105 0.47734375 0.4086206896551724 0.4734375 0.4068965517241379 0.465625 0.4224137931034483 0.4609375 0.4362068965517241 0.46171875 0.45344827586206893 0.45625 0.46206896551724136 0.4453125 0.4637931034482759 0.4234375 0.4568965517241379 0.4203125 0.4637931034482759 0.41796875 0.42931034482758623 0.42109375 0.41896551724137926 0.42734375 0.3586206896551724 0.43125 0.33620689655172414 0.43984375 0.31724137931034485 0.43984375 0.30344827586206896 0.4359375 0.29310344827586204 0.4421875 0.26724137931034486 0.44296875 0.2603448275862069 0.44765625 0.26206896551724135 0.4671875
0 0.6413793103448275 0.33515625 0.6327586206896552 0.33359375 0.6258620689655172 0.33515625 0.6413793103448275 0.33515625
0 0.8844827586206897 0.328125 0.8775862068965518 0.32734375 0.8793103448275861 0.3296875 0.8844827586206897 0.328125
0 0.6620689655172414 0.33125 0.6758620689655173 0.33203125 0.6793103448275862 0.3421875 0.7344827586206897 0.3421875 0.7413793103448276 0.3453125 0.7603448275862068 0.33984375 0.789655172413793 0.340625 0.7965517241379311 0.34296875 0.8206896551724137 0.33828125 0.8396551724137931 0.34140625 0.8431034482758621 0.33515625 0.8551724137931034 0.32890625 0.8310344827586207 0.3234375 0.7827586206896552 0.321875 0.7137931034482758 0.32265625 0.6862068965517241 0.3265625 0.6758620689655173 0.33046875 0.6620689655172414 0.33125
0 0.9448275862068967 0.440625 0.9741379310344828 0.446875 0.9965517241379309 0.44453125 0.9982758620689655 0.397265625 0.9896551724137931 0.39609375 0.9982758620689655 0.39296875 0.9948275862068966 0.3921875 0.9793103448275862 0.4015625 0.953448275862069 0.403125 0.9362068965517242 0.4203125 0.9344827586206896 0.43203125 0.9448275862068967 0.440625
0 0.0578125 0.57734375 0.0015625 0.0015625
0 0.03620689655172414 0.5515625 0.04655172413793103 0.55234375 0.03620689655172414 0.5578125 0.07413793103448277 0.55859375 0.09482758620689655 0.5640625 0.10517241379310345 0.56171875 0.11551724137931034 0.5671875 0.12931034482758622 0.56171875 0.1396551724137931 0.5625 0.15 0.571875 0.16034482758620688 0.565625 0.20344827586206896 0.57109375 0.21551724137931033 0.56875 0.23103448275862068 0.5703125 0.24482758620689654 0.5625 0.2793103448275862 0.55703125 0.2982758620689655 0.55 0.3 0.553125 0.3017241379310345 0.5484375 0.3086206896551724 0.54765625 0.30689655172413793 0.5453125 0.32068965517241377 0.54375 0.3275862068965517 0.546875 0.33793103448275863 0.546875 0.34655172413793106 0.5421875 0.36379310344827587 0.53984375 0.37413793103448273 0.5296875 0.34827586206896555 0.51640625 0.3275862068965517 0.51875 0.3155172413793103 0.51640625 0.29655172413793107 0.525 0.25862068965517243 0.52890625 0.25 0.5265625 0.22413793103448273 0.53515625 0.20344827586206896 0.53515625 0.1568965517241379 0.54375 0.14310344827586208 0.540625 0.13275862068965516 0.54140625 0.09827586206896552 0.5328125 0.08103448275862069 0.53203125 0.0706896551724138 0.53515625 0.05 0.53359375 0.03793103448275862 0.5359375 0.03275862068965517 0.53984375 0.03620689655172414 0.5515625
0 0.3359375 0.50078125 0.003125 0.0015625
0 0 0.98671875 0.0034482758620689655 0.98984375 0.017241379310344827 0.99140625 0.01896551724137931 0.99609375 0.06379310344827585 0.9953125 0.0706896551724138 0.99921875 0.07758620689655173 0.9953125 0.08793103448275862 0.99921875 0.09655172413793103 0.99609375 0.10689655172413792 0.99609375 0.1103448275862069 0.99921875 0.1275862068965517 0.99921875 0.12931034482758622 0.996875 0.1396551724137931 0.99921875 0.1413793103448276 0.996875 0.15344827586206897 0.9953125 0.16034482758620688 0.99921875 0.19827586206896552 0.99921875 0.22241379310344828 0.99453125 0.23275862068965517 0.99921875 0.3137931034482758 0.99921875 0.3310344827586207 0.99375 0.33793103448275863 0.99921875 0.3413793103448276 0.99609375 0.35 0.99921875 0.37413793103448273 0.99921875 0.38275862068965516 0.9953125 0.4068965517241379 0.99765625 0.41896551724137926 0.99609375 0.4379310344827586 0.98203125 0.43965517241379304 0.9765625 0.43275862068965515 0.96875 0.4379310344827586 0.9578125 0.43275862068965515 0.95078125 0.4379310344827586 0.94140625 0.43275862068965515 0.928125 0.4362068965517241 0.9203125 0.42586206896551726 0.9078125 0.43275862068965515 0.90078125 0.42586206896551726 0.88671875 0.42931034482758623 0.875 0.41724137931034483 0.87109375 0.3879310344827586 0.8703125 0.37241379310344824 0.8640625 0.3586206896551724 0.8625 0.35517241379310344 0.86484375 0.32413793103448274 0.85546875 0.30689655172413793 0.8578125 0.27413793103448275 0.8484375 0.26724137931034486 0.84921875 0.2482758620689655 0.8421875 0.22413793103448273 0.84375 0.1896551724137931 0.8359375 0.17241379310344826 0.83828125 0.14655172413793102 0.83203125 0.13620689655172413 0.84609375 0.11551724137931034 0.85234375 0.09482758620689655 0.86875 0.08793103448275862 0.8671875 0.08103448275862069 0.86953125 0.06896551724137931 0.884375 0.05172413793103449 0.8859375 0.03620689655172414 0.90234375 0.027586206896551724 0.90625 0.015517241379310345 0.90546875 0.006896551724137931 0.9109375 0 0.921875 0 0.98671875
0 0.771875 0.75390625 0.0015625 0.003125
0 0.8655172413793103 0.7390625 0.8689655172413794 0.7421875 0.8827586206896552 0.7421875 0.8793103448275861 0.73671875 0.8844827586206897 0.734375 0.8724137931034482 0.7328125 0.8655172413793103 0.734375 0.8655172413793103 0.7390625
0 0.9327586206896552 0.74453125 0.9379310344827585 0.74375 0.9327586206896552 0.73515625 0.939655172413793 0.73359375 0.9379310344827585 0.72578125 0.9275862068965518 0.7375 0.9327586206896552 0.74453125
0 0.8517241379310345 0.72734375 0.8551724137931034 0.73125 0.8551724137931034 0.7203125 0.8482758620689654 0.72109375 0.8448275862068966 0.71875 0.8482758620689654 0.72890625 0.8517241379310345 0.72734375
0 0.6724137931034483 0.71015625 0.6689655172413793 0.7109375 0.6706896551724137 0.715625 0.6724137931034483 0.71015625
0 0.6448275862068965 0.83203125 0.65 0.83515625 0.6775862068965517 0.83828125 0.7068965517241379 0.8453125 0.7241379310344828 0.84453125 0.7879310344827586 0.85546875 0.8586206896551725 0.8625 0.8637931034482758 0.865625 0.8879310344827586 0.86640625 0.9068965517241379 0.82421875 0.9241379310344827 0.8015625 0.9344827586206896 0.7546875 0.9310344827586207 0.75078125 0.9275862068965518 0.76328125 0.9103448275862069 0.76875 0.9068965517241379 0.78671875 0.8862068965517242 0.78984375 0.8724137931034482 0.78125 0.8793103448275861 0.778125 0.8706896551724137 0.77421875 0.8758620689655172 0.7640625 0.8620689655172413 0.75859375 0.8637931034482758 0.74765625 0.8551724137931034 0.74453125 0.8517241379310345 0.746875 0.8431034482758621 0.7421875 0.8413793103448276 0.7328125 0.846551724137931 0.73046875 0.8379310344827585 0.73203125 0.8344827586206897 0.72734375 0.8241379310344827 0.72578125 0.8206896551724137 0.72265625 0.8206896551724137 0.726953125 0.8155172413793104 0.72734375 0.8086206896551724 0.7234375 0.8137931034482758 0.7203125 0.8051724137931033 0.7234375 0.8 0.71953125 0.7982758620689655 0.7234375 0.7810344827586206 0.7234375 0.7775862068965517 0.71953125 0.7689655172413793 0.72109375 0.7620689655172413 0.71640625 0.7551724137931035 0.721875 0.7379310344827587 0.7171875 0.7241379310344828 0.71875 0.7224137931034483 0.70625 0.7172413793103448 0.70625 0.7120689655172414 0.7203125 0.6948275862068966 0.71875 0.6810344827586207 0.72421875 0.6844827586206896 0.72890625 0.6775862068965517 0.7328125 0.6706896551724137 0.73359375 0.6655172413793103 0.7296875 0.6568965517241379 0.73359375 0.646551724137931 0.80078125 0.65 0.81796875 0.6448275862068965 0.83203125
0 0.79921875 0.70625 0.0015625 0.0015625
0 0.26379310344827583 0.48359375 0.29655172413793107 0.48671875 0.3103448275862069 0.4921875 0.3413793103448276 0.49296875 0.37241379310344824 0.50078125 0.38275862068965516 0.49453125 0.39655172413793105 0.49375 0.4068965517241379 0.48984375 0.4241379310344827 0.48984375 0.4379310344827586 0.48203125 0.44827586206896547 0.48203125 0.45862068965517244 0.47734375 0.46206896551724136 0.42109375 0.43103448275862066 0.42109375 0.41724137931034483 0.42890625 0.3913793103448276 0.4328125 0.38275862068965516 0.43046875 0.3568965517241379 0.43203125 0.33620689655172414 0.44140625 0.30344827586206896 0.43828125 0.29310344827586204 0.4421875 0.26379310344827583 0.4421875 0.25862068965517243 0.446875 0.25689655172413794 0.459375 0.26379310344827583 0.48359375
0 0.7224137931034483 0.52265625 0.7189655172413792 0.53203125 0.7344827586206897 0.534375 0.7517241379310344 0.5328125 0.7586206896551724 0.53671875 0.7793103448275862 0.5359375 0.7862068965517242 0.53984375 0.7965517241379311 0.53828125 0.8086206896551724 0.540625 0.8206896551724137 0.5359375 0.8241379310344827 0.53125 0.8379310344827585 0.54296875 0.85 0.54296875 0.8534482758620691 0.53984375 0.8655172413793103 0.54296875 0.8672413793103448 0.546875 0.8896551724137931 0.5484375 0.8913793103448275 0.53515625 0.9 0.53125 0.903448275862069 0.51875 0.9137931034482758 0.509375 0.9172413793103449 0.4875 0.9103448275862069 0.484375 0.9103448275862069 0.4796875 0.9172413793103449 0.4734375 0.9172413793103449 0.4609375 0.9241379310344827 0.45 0.9137931034482758 0.44375 0.9206896551724137 0.43359375 0.9172413793103449 0.425 0.8982758620689655 0.421875 0.8862068965517242 0.421875 0.8827586206896552 0.42421875 0.8724137931034482 0.42109375 0.8620689655172413 0.4234375 0.8551724137931034 0.421875 0.8482758620689654 0.425 0.8431034482758621 0.42109375 0.8224137931034482 0.41875 0.8155172413793104 0.4203125 0.8155172413793104 0.428125 0.8068965517241379 0.43515625 0.8 0.43359375 0.7965517241379311 0.42734375 0.7827586206896552 0.42890625 0.7741379310344827 0.4265625 0.7672413793103449 0.4328125 0.7327586206896551 0.4328125 0.7155172413793103 0.4296875 0.7086206896551724 0.4328125 0.6965517241379311 0.44921875 0.6982758620689655 0.51484375 0.7224137931034483 0.52265625
0 0.7948275862068965 0.4234375 0.7965517241379311 0.41796875 0.789655172413793 0.41796875 0.7948275862068965 0.4234375
0 0.7515625 0.41875 0.00703125 0.00078125
0 0.7172413793103448 0.425 0.7275862068965517 0.42109375 0.7275862068965517 0.4171875 0.7241379310344828 0.4140625 0.7120689655172414 0.41484375 0.7103448275862069 0.421875 0.7172413793103448 0.425
0 0.88046875 0.4046875 0.0015625 0.00078125
0 0.8484375 0.4046875 0.003125 0.00078125
0 0.803448275862069 0.40390625 0.803448275862069 0.4046875 0.8086206896551724 0.40390625 0.8120689655172413 0.40703125 0.8224137931034482 0.40546875 0.8120689655172413 0.40078125 0.8051724137931033 0.403125 0.803448275862069 0.4 0.7844827586206897 0.40078125 0.803448275862069 0.40390625
0 0.7637931034482759 0.403125 0.7810344827586206 0.40078125 0.7603448275862068 0.4 0.756896551724138 0.40078125 0.7637931034482759 0.403125
0 0.7234375 0.4 0.0015625 0.00078125
0 0.756896551724138 0.53828125 0.8051724137931033 0.5421875 0.8241379310344827 0.53984375 0.8362068965517242 0.54375 0.8586206896551725 0.54296875 0.8758620689655172 0.54765625 0.8913793103448275 0.5453125 0.8948275862068966 0.55 0.8982758620689655 0.54921875 0.8931034482758621 0.54375 0.9 0.540625 0.9068965517241379 0.5265625 0.9 0.5171875 0.8879310344827586 0.51875 0.8724137931034482 0.51640625 0.8689655172413794 0.5125 0.8017241379310345 0.509375 0.7844827586206897 0.50703125 0.7793103448275862 0.50390625 0.7620689655172413 0.503125 0.7586206896551724 0.5 0.7396551724137931 0.5015625 0.7275862068965517 0.496875 0.7120689655172414 0.49921875 0.7 0.50546875 0.7017241379310344 0.5296875 0.756896551724138 0.53828125
0 0.6258620689655172 0.38828125 0.6362068965517241 0.39140625 0.6431034482758621 0.3890625 0.6568965517241379 0.39140625 0.6879310344827586 0.39140625 0.7017241379310344 0.3609375 0.7189655172413792 0.35234375 0.7362068965517241 0.3515625 0.7379310344827587 0.3453125 0.65 0.34453125 0.6362068965517241 0.34609375 0.6155172413793103 0.35859375 0.6137931034482759 0.36875 0.6258620689655172 0.38828125
0 0.7189655172413792 0.45234375 0.7120689655172414 0.46328125 0.7362068965517241 0.46484375 0.746551724137931 0.4703125 0.753448275862069 0.46640625 0.7775862068965517 0.46953125 0.7982758620689655 0.4671875 0.8189655172413793 0.47265625 0.8310344827586207 0.46796875 0.846551724137931 0.46953125 0.8534482758620691 0.4734375 0.8758620689655172 0.471875 0.8879310344827586 0.478125 0.9051724137931034 0.47734375 0.9103448275862069 0.47109375 0.9086206896551724 0.46328125 0.9258620689655173 0.45234375 0.9189655172413793 0.4453125 0.9275862068965518 0.43203125 0.9275862068965518 0.41484375 0.9189655172413793 0.4125 0.9172413793103449 0.40703125 0.903448275862069 0.4078125 0.8879310344827586 0.403125 0.8706896551724137 0.403125 0.8637931034482758 0.40625 0.8482758620689654 0.4 0.8379310344827585 0.39921875 0.8206896551724137 0.4015625 0.7758620689655172 0.396875 0.746551724137931 0.39921875 0.7379310344827587 0.39609375 0.7258620689655173 0.39609375 0.7172413793103448 0.4 0.7068965517241379 0.4171875 0.7034482758620689 0.44921875 0.7189655172413792 0.45234375
0 0.6948275862068966 0.534375 0.7 0.5375 0.6948275862068966 0.54140625 0.7120689655172414 0.5609375 0.7224137931034483 0.5578125 0.7327586206896551 0.56796875 0.7396551724137931 0.56875 0.7655172413793103 0.5625 0.7844827586206897 0.575 0.810344827586207 0.57578125 0.8137931034482758 0.5734375 0.8431034482758621 0.578125 0.8568965517241379 0.57265625 0.8603448275862069 0.57890625 0.8689655172413794 0.58203125 0.8862068965517242 0.58046875 0.9017241379310346 0.56484375 0.8982758620689655 0.54453125 0.8827586206896552 0.5484375 0.8758620689655172 0.54609375 0.8689655172413794 0.54765625 0.8586206896551725 0.534375 0.846551724137931 0.54765625 0.8310344827586207 0.5421875 0.7586206896551724 0.540625 0.7293103448275862 0.5375 0.7172413793103448 0.53359375 0.7086206896551724 0.5375 0.6948275862068966 0.534375
0 0.2655172413793103 0.490625 0.3396551724137931 0.49609375 0.3655172413793103 0.50390625 0.3706896551724138 0.5078125 0.3706896551724138 0.5171875 0.39655172413793105 0.52265625 0.40344827586206894 0.521875 0.45 0.4984375 0.46206896551724136 0.48359375 0.4603448275862069 0.44921875 0.4672413793103448 0.41796875 0.45344827586206893 0.41875 0.4275862068965517 0.41484375 0.41724137931034483 0.42421875 0.39655172413793105 0.4234375 0.3896551724137931 0.4265625 0.3620689655172414 0.428125 0.33448275862068966 0.440625 0.31724137931034485 0.440625 0.3 0.43671875 0.29655172413793107 0.4390625 0.28620689655172415 0.43828125 0.27586206896551724 0.44140625 0.25862068965517243 0.4421875 0.25862068965517243 0.48046875 0.2655172413793103 0.490625
0 0.9586206896551724 0.7359375 0.9620689655172413 0.728125 0.9827586206896551 0.73359375 0.9982758620689655 0.73359375 0.9982758620689655 0.68671875 0.9948275862068966 0.684375 0.9862068965517242 0.68671875 0.9741379310344828 0.68203125 0.9741379310344828 0.67890625 0.9965517241379309 0.67109375 0.9913793103448276 0.671875 0.9862068965517242 0.66796875 0.9689655172413794 0.66484375 0.9655172413793103 0.66796875 0.9741379310344828 0.671875 0.9637931034482758 0.67734375 0.9551724137931034 0.703125 0.9517241379310345 0.73359375 0.9586206896551724 0.7359375
0 0.6189655172413793 0.36015625 0.6103448275862069 0.36328125 0.6120689655172413 0.36640625 0.6603448275862068 0.3453125 0.6810344827586207 0.34140625 0.6827586206896552 0.32890625 0.6327586206896552 0.33125 0.6103448275862069 0.3390625 0.6086206896551725 0.3578125 0.6189655172413793 0.36015625
0 0.25 0.425 0.25 0.43203125 0.25862068965517243 0.44375 0.2603448275862069 0.48046875 0.2655172413793103 0.48984375 0.3155172413793103 0.49453125 0.3310344827586207 0.49140625 0.3706896551724138 0.50390625 0.3793103448275862 0.51953125 0.4017241379310345 0.52265625 0.45862068965517244 0.490625 0.45862068965517244 0.44921875 0.4517241379310345 0.4421875 0.45517241379310347 0.44296875 0.43275862068965515 0.43203125 0.4344827586206897 0.4296875 0.4431034482758621 0.4265625 0.4568965517241379 0.4296875 0.4603448275862069 0.41875 0.46896551724137925 0.4140625 0.5379310344827586 0.40390625 0.5568965517241379 0.38984375 0.5327586206896552 0.38046875 0.49137931034482757 0.38671875 0.45862068965517244 0.384375 0.44655172413793104 0.38984375 0.42586206896551726 0.39296875 0.40344827586206894 0.39296875 0.3896551724137931 0.3984375 0.36379310344827587 0.3984375 0.31724137931034485 0.40390625 0.30517241379310345 0.409375 0.28793103448275864 0.4109375 0.2827586206896552 0.4140625 0.26724137931034486 0.4125 0.2603448275862069 0.41484375 0.25862068965517243 0.421875 0.25 0.425
0 0.14482758620689656 0.5609375 0.15 0.56328125 0.19310344827586207 0.5703125 0.20862068965517241 0.5703125 0.22241379310344828 0.56640625 0.23448275862068962 0.56796875 0.24310344827586206 0.5625 0.2517241379310345 0.5640625 0.25689655172413794 0.5609375 0.26379310344827583 0.5625 0.28793103448275864 0.55625 0.30344827586206896 0.55703125 0.31724137931034485 0.54765625 0.3310344827586207 0.55 0.3310344827586207 0.5546875 0.33275862068965517 0.55234375 0.34827586206896555 0.553125 0.35344827586206895 0.5453125 0.3620689655172414 0.54609375 0.3689655172413793 0.54140625 0.3896551724137931 0.5359375 0.3586206896551724 0.52109375 0.3155172413793103 0.52109375 0.30517241379310345 0.5265625 0.2896551724137931 0.528125 0.2775862068965517 0.5328125 0.253448275862069 0.53203125 0.23275862068965517 0.53828125 0.20344827586206896 0.5390625 0.19827586206896552 0.54375 0.1879310344827586 0.5421875 0.15 0.55078125 0.14482758620689656 0.5546875 0.14482758620689656 0.5609375
0 0.9275862068965518 0.459375 0.9224137931034482 0.47734375 0.9275862068965518 0.4875 0.9206896551724137 0.49765625 0.9258620689655173 0.53046875 0.9120689655172413 0.553125 0.9224137931034482 0.56015625 0.9275862068965518 0.5578125 0.9482758620689655 0.55703125 0.9551724137931034 0.5609375 0.9551724137931034 0.565625 0.993103448275862 0.5578125 0.9982758620689655 0.54375 0.9948275862068966 0.40078125 0.953448275862069 0.4046875 0.9344827586206896 0.421875 0.9275862068965518 0.4390625 0.9362068965517242 0.45234375 0.9275862068965518 0.459375
0 0.7103448275862069 0.41640625 0.7103448275862069 0.42421875 0.7189655172413792 0.4296875 0.7310344827586206 0.4296875 0.7413793103448276 0.4328125 0.7775862068965517 0.43125 0.7862068965517242 0.434375 0.803448275862069 0.43125 0.8206896551724137 0.4390625 0.8344827586206897 0.4359375 0.846551724137931 0.4390625 0.903448275862069 0.440625 0.9103448275862069 0.43828125 0.9068965517241379 0.42734375 0.9137931034482758 0.4234375 0.9206896551724137 0.42421875 0.9258620689655173 0.421875 0.9327586206896552 0.41484375 0.9327586206896552 0.41015625 0.9224137931034482 0.4046875 0.9068965517241379 0.40546875 0.8810344827586206 0.40078125 0.8620689655172413 0.40234375 0.8344827586206897 0.39765625 0.8206896551724137 0.4 0.7827586206896552 0.39609375 0.7448275862068965 0.39765625 0.7362068965517241 0.3953125 0.7241379310344828 0.39609375 0.7189655172413792 0.39921875 0.7172413793103448 0.4109375 0.7103448275862069 0.41640625
0 0.9982758620689655 0.7671875 0.9982758620689655 0.6921875 0.993103448275862 0.68984375 0.9913793103448276 0.69375 0.9827586206896551 0.69375 0.9655172413793103 0.68203125 0.9482758620689655 0.7296875 0.9431034482758621 0.75859375 0.9982758620689655 0.7671875
0 0.41551724137931034 0.5546875 0.4275862068965517 0.55234375 0.4517241379310345 0.5546875 0.47413793103448276 0.553125 0.4931034482758621 0.55625 0.5172413793103449 0.55390625 0.5344827586206897 0.55703125 0.5586206896551724 0.5546875 0.5775862068965517 0.5578125 0.6086206896551725 0.55625 0.6155172413793103 0.559375 0.646551724137931 0.5578125 0.6568965517241379 0.5609375 0.6879310344827586 0.52109375 0.6879310344827586 0.50078125 0.6655172413793103 0.49296875 0.653448275862069 0.49609375 0.6293103448275862 0.49296875 0.6172413793103448 0.49609375 0.6 0.49609375 0.539655172413793 0.49296875 0.5241379310344827 0.48984375 0.5017241379310345 0.49296875 0.4844827586206897 0.48984375 0.4603448275862069 0.4953125 0.4068965517241379 0.52734375 0.4051724137931035 0.54765625 0.41551724137931034 0.5546875
0 0.6810344827586207 0.34140625 0.7362068965517241 0.34140625 0.7448275862068965 0.34453125 0.7603448275862068 0.3390625 0.789655172413793 0.3390625 0.8 0.3421875 0.8172413793103448 0.33828125 0.8327586206896551 0.33984375 0.8431034482758621 0.34453125 0.8431034482758621 0.34921875 0.85 0.35078125 0.9793103448275862 0.3484375 0.9793103448275862 0.34140625 0.9879310344827585 0.33671875 0.9896551724137931 0.33125 0.9551724137931034 0.33046875 0.9482758620689655 0.32734375 0.8637931034482758 0.3265625 0.8379310344827585 0.3234375 0.7913793103448276 0.32265625 0.7362068965517241 0.32265625 0.6879310344827586 0.3265625 0.6775862068965517 0.33046875 0.6810344827586207 0.34140625
0 0.4241379310344827 0.6953125 0.42931034482758623 0.7921875 0.4344827586206897 0.796875 0.4637931034482759 0.8 0.48103448275862065 0.79375 0.4931034482758621 0.7984375 0.49827586206896546 0.8046875 0.5120689655172413 0.80390625 0.5293103448275862 0.80703125 0.55 0.80703125 0.55 0.79921875 0.5551724137931034 0.7984375 0.5620689655172414 0.8046875 0.5775862068965517 0.81015625 0.603448275862069 0.81015625 0.6206896551724138 0.81328125 0.6362068965517241 0.81015625 0.6396551724137931 0.803125 0.65 0.67890625 0.6844827586206896 0.63984375 0.689655172413793 0.57421875 0.6827586206896552 0.546875 0.6810344827586207 0.5453125 0.6706896551724137 0.55078125 0.6603448275862068 0.56484375 0.6396551724137931 0.5609375 0.6206896551724138 0.56875 0.6103448275862069 0.56640625 0.6017241379310344 0.559375 0.5879310344827586 0.56015625 0.5758620689655173 0.56640625 0.5586206896551724 0.5578125 0.5465517241379311 0.56015625 0.539655172413793 0.565625 0.5327586206896552 0.565625 0.5155172413793103 0.55625 0.5051724137931035 0.55703125 0.4931034482758621 0.5640625 0.47413793103448276 0.55625 0.46206896551724136 0.55703125 0.4517241379310345 0.56171875 0.44482758620689655 0.55703125 0.4275862068965517 0.5546875 0.4137931034482759 0.56015625 0.41034482758620683 0.58515625 0.4241379310344827 0.6953125
0 0.2482758620689655 0.425 0.25 0.43515625 0.25862068965517243 0.43984375 0.27586206896551724 0.4390625 0.3017241379310345 0.43359375 0.3137931034482758 0.434375 0.3896551724137931 0.4265625 0.41896551724137926 0.42265625 0.4275862068965517 0.41640625 0.45344827586206893 0.41640625 0.46206896551724136 0.41328125 0.5413793103448276 0.40390625 0.5551724137931034 0.38984375 0.5344827586206897 0.3796875 0.496551724137931 0.38359375 0.48793103448275865 0.38671875 0.45862068965517244 0.38359375 0.44655172413793104 0.3890625 0.42586206896551726 0.3921875 0.4137931034482759 0.390625 0.3896551724137931 0.396875 0.32241379310344825 0.40234375 0.2810344827586207 0.4125 0.26206896551724135 0.4109375 0.25689655172413794 0.41484375 0.25689655172413794 0.41953125 0.2482758620689655 0.425
0 0.9775862068965517 0.55 0.9672413793103448 0.54921875 0.9741379310344828 0.553125 0.9775862068965517 0.55
0 0.9327586206896552 0.49453125 0.9258620689655173 0.496875 0.9258620689655173 0.5015625 0.9362068965517242 0.503125 0.9310344827586207 0.51171875 0.939655172413793 0.52109375 0.9344827586206896 0.52265625 0.9413793103448276 0.52265625 0.9431034482758621 0.525 0.9413793103448276 0.5359375 0.9706896551724137 0.54140625 0.9896551724137931 0.5421875 0.9982758620689655 0.5359375 0.9982758620689655 0.45 0.9913793103448276 0.45 0.9982758620689655 0.44609375 0.9551724137931034 0.4453125 0.9413793103448276 0.45 0.9275862068965518 0.4609375 0.9224137931034482 0.48125 0.9327586206896552 0.49453125
0 0.9982758620689655 0.76953125 0.9982758620689655 0.7328125 0.9758620689655173 0.73046875 0.9586206896551724 0.721875 0.95 0.7296875 0.9448275862068967 0.7453125 0.9448275862068967 0.76171875 0.9982758620689655 0.76953125
0 0.9086206896551724 0.69609375 0.9068965517241379 0.69375 0.903448275862069 0.696875 0.9086206896551724 0.69609375
0 0.6551724137931034 0.79921875 0.646551724137931 0.80078125 0.646551724137931 0.8140625 0.6603448275862068 0.81640625 0.6706896551724137 0.81484375 0.6741379310344827 0.81796875 0.6879310344827586 0.81953125 0.7 0.81796875 0.7086206896551724 0.821875 0.7189655172413792 0.82109375 0.7224137931034483 0.82421875 0.746551724137931 0.82578125 0.7603448275862068 0.83046875 0.7689655172413793 0.828125 0.7758620689655172 0.83125 0.7810344827586206 0.82890625 0.7862068965517242 0.83203125 0.7965517241379311 0.83125 0.8206896551724137 0.8390625 0.8396551724137931 0.8390625 0.8448275862068966 0.8421875 0.8655172413793103 0.8421875 0.8724137931034482 0.8453125 0.8810344827586206 0.8421875 0.8862068965517242 0.8453125 0.9017241379310346 0.83203125 0.9258620689655173 0.796875 0.946551724137931 0.71796875 0.946551724137931 0.7140625 0.9362068965517242 0.71484375 0.9362068965517242 0.7109375 0.946551724137931 0.71015625 0.946551724137931 0.70625 0.903448275862069 0.71953125 0.8931034482758621 0.71796875 0.8758620689655172 0.725 0.8741379310344828 0.709375 0.8827586206896552 0.70546875 0.8724137931034482 0.70234375 0.8672413793103448 0.690625 0.8758620689655172 0.68828125 0.8775862068965518 0.67890625 0.8672413793103448 0.68203125 0.8637931034482758 0.6921875 0.8551724137931034 0.69140625 0.8413793103448276 0.6953125 0.8431034482758621 0.68828125 0.8362068965517242 0.684375 0.8344827586206897 0.6765625 0.8241379310344827 0.675 0.8155172413793104 0.6796875 0.8068965517241379 0.6796875 0.7948275862068965 0.67578125 0.7913793103448276 0.66796875 0.789655172413793 0.68671875 0.7758620689655172 0.68046875 0.7603448275862068 0.68046875 0.7551724137931035 0.6921875 0.7379310344827587 0.69375 0.7310344827586206 0.6984375 0.7224137931034483 0.696875 0.7068965517241379 0.7 0.7 0.69609375 0.689655172413793 0.7 0.6810344827586207 0.6921875 0.6706896551724137 0.6921875 0.6706896551724137 0.70546875 0.6620689655172414 0.709375 0.653448275862069 0.73671875 0.65 0.7921875 0.6551724137931034 0.79921875
0 0.7189655172413792 0.63359375 0.7344827586206897 0.62421875 0.7448275862068965 0.62265625 0.7517241379310344 0.62265625 0.7620689655172413 0.62734375 0.789655172413793 0.62578125 0.8068965517241379 0.63203125 0.8275862068965518 0.6296875 0.8448275862068966 0.63671875 0.8689655172413794 0.63359375 0.8862068965517242 0.6375 0.8948275862068966 0.63203125 0.8896551724137931 0.60859375 0.8431034482758621 0.6046875 0.8293103448275861 0.61015625 0.8137931034482758 0.60390625 0.803448275862069 0.60703125 0.7793103448275862 0.6 0.7603448275862068 0.60546875 0.746551724137931 0.59921875 0.7379310344827587 0.6015625 0.7413793103448276 0.59453125 0.7293103448275862 0.59609375 0.7224137931034483 0.58984375 0.7 0.58984375 0.7017241379310344 0.63828125 0.7189655172413792 0.63359375
0 0.32241379310344825 0.4453125 0.33620689655172414 0.4484375 0.3396551724137931 0.46328125 0.34827586206896555 0.46640625 0.35172413793103446 0.4640625 0.3568965517241379 0.46640625 0.36724137931034484 0.4640625 0.3758620689655172 0.46640625 0.3948275862068965 0.4609375 0.41034482758620683 0.46015625 0.4241379310344827 0.45390625 0.4517241379310345 0.45234375 0.4603448275862069 0.4421875 0.46206896551724136 0.42578125 0.4706896551724138 0.41796875 0.46206896551724136 0.41640625 0.45517241379310347 0.41875 0.4275862068965517 0.41953125 0.41724137931034483 0.425 0.40344827586206894 0.42421875 0.3586206896551724 0.43046875 0.33275862068965517 0.440625 0.32068965517241377 0.440625 0.31724137931034485 0.4421875 0.32241379310344825 0.4453125
0 0.8534482758620691 0.3484375 0.846551724137931 0.346875 0.8431034482758621 0.3484375 0.8534482758620691 0.3484375
0 0.8953125 0.328125 0.00859375 0.00078125
0 0.8793103448275861 0.33046875 0.8879310344827586 0.328125 0.8775862068965518 0.32734375 0.8741379310344828 0.328125 0.8793103448275861 0.33046875
0 0.6120689655172413 0.34375 0.6120689655172413 0.34765625 0.6258620689655172 0.3421875 0.6327586206896552 0.34609375 0.6758620689655173 0.3421875 0.7120689655172414 0.3453125 0.7344827586206897 0.34296875 0.7448275862068965 0.34921875 0.746551724137931 0.3453125 0.7620689655172413 0.340625 0.7948275862068965 0.3453125 0.8172413793103448 0.33984375 0.8241379310344827 0.34296875 0.8413793103448276 0.34296875 0.8482758620689654 0.33515625 0.8551724137931034 0.33359375 0.8568965517241379 0.32734375 0.8310344827586207 0.3234375 0.7155172413793103 0.32265625 0.65 0.3328125 0.6310344827586206 0.3328125 0.6137931034482759 0.33828125 0.6172413793103448 0.34375 0.6120689655172413 0.34375
0 0.609375 0.4640625 0.00546875 0.0015625
0 0.47241379310344833 0.48828125 0.48793103448275865 0.4875 0.506896551724138 0.490625 0.5258620689655172 0.4875 0.5379310344827586 0.490625 0.5706896551724138 0.490625 0.6051724137931035 0.49453125 0.6155172413793103 0.49453125 0.6275862068965516 0.490625 0.6448275862068965 0.49453125 0.6620689655172414 0.490625 0.6844827586206896 0.49140625 0.6827586206896552 0.45625 0.6327586206896552 0.46640625 0.6155172413793103 0.4796875 0.6103448275862069 0.47421875 0.6 0.47109375 0.5896551724137931 0.475 0.5706896551724138 0.4703125 0.5482758620689655 0.47109375 0.5362068965517242 0.46484375 0.5258620689655172 0.46796875 0.49482758620689654 0.46875 0.47586206896551725 0.46171875 0.46896551724137925 0.4640625 0.4672413793103448 0.484375 0.47241379310344833 0.48828125
0 0.7224137931034483 0.61484375 0.7327586206896551 0.6203125 0.7551724137931035 0.6203125 0.7706896551724138 0.62578125 0.7913793103448276 0.62421875 0.803448275862069 0.63046875 0.8137931034482758 0.63046875 0.8258620689655173 0.62578125 0.8379310344827585 0.63203125 0.8517241379310345 0.63203125 0.8620689655172413 0.6296875 0.8620689655172413 0.621875 0.8827586206896552 0.6234375 0.8965517241379309 0.61328125 0.8913793103448275 0.603125 0.8775862068965518 0.59453125 0.8655172413793103 0.6 0.8620689655172413 0.5984375 0.8482758620689654 0.6015625 0.8172413793103448 0.59921875 0.7965517241379311 0.5953125 0.789655172413793 0.59296875 0.7931034482758621 0.59140625 0.7827586206896552 0.59375 0.7672413793103449 0.5921875 0.7689655172413793 0.58671875 0.7620689655172413 0.59140625 0.7293103448275862 0.5875 0.7258620689655173 0.58359375 0.6982758620689655 0.58671875 0.7068965517241379 0.6125 0.7224137931034483 0.61484375
0 0.76796875 0.58125 0.0015625 0.0015625
0 0.7421875 0.5765625 0.0015625 0.00078125
0 0.7034482758620689 0.440625 0.7017241379310344 0.45390625 0.7120689655172414 0.46484375 0.7344827586206897 0.46484375 0.746551724137931 0.47109375 0.756896551724138 0.46875 0.7965517241379311 0.4703125 0.8137931034482758 0.4734375 0.8310344827586207 0.471875 0.8413793103448276 0.475 0.8448275862068966 0.4734375 0.9017241379310346 0.48125 0.9137931034482758 0.47734375 0.9172413793103449 0.46015625 0.9241379310344827 0.453125 0.9172413793103449 0.44453125 0.9258620689655173 0.43125 0.9258620689655173 0.41796875 0.9155172413793103 0.4125 0.9051724137931034 0.4109375 0.9051724137931034 0.4078125 0.8827586206896552 0.40234375 0.8586206896551725 0.40546875 0.846551724137931 0.4 0.8206896551724137 0.40234375 0.8068965517241379 0.39921875 0.7620689655172413 0.39765625 0.743103448275862 0.4 0.7362068965517241 0.396875 0.7258620689655173 0.396875 0.7189655172413792 0.40078125 0.7206896551724138 0.4109375 0.7086206896551724 0.4171875 0.7120689655172414 0.4296875 0.7034482758620689 0.440625
0 0.6948275862068966 0.4796875 0.7017241379310344 0.48671875 0.6948275862068966 0.51953125 0.7017241379310344 0.52265625 0.7051724137931035 0.53046875 0.7189655172413792 0.53515625 0.7448275862068965 0.5359375 0.7586206896551724 0.53984375 0.7724137931034483 0.5390625 0.8206896551724137 0.54375 0.8310344827586207 0.54140625 0.8517241379310345 0.5453125 0.8551724137931034 0.54375 0.8655172413793103 0.5484375 0.8810344827586206 0.5484375 0.8862068965517242 0.5515625 0.8982758620689655 0.54921875 0.8982758620689655 0.53515625 0.9103448275862069 0.528125 0.9086206896551724 0.51875 0.9155172413793103 0.50859375 0.9068965517241379 0.4875 0.8931034482758621 0.49140625 0.8758620689655172 0.49140625 0.8827586206896552 0.48671875 0.8758620689655172 0.484375 0.8758620689655172 0.4796875 0.8551724137931034 0.48203125 0.8396551724137931 0.4765625 0.7810344827586206 0.47265625 0.7603448275862068 0.4734375 0.7620689655172413 0.4859375 0.7448275862068965 0.48828125 0.7448275862068965 0.4796875 0.7007004310344828 0.46397705078125 0.6965517241379311 0.466796875 0.7034482758620689 0.46953125 0.6965517241379311 0.47109375 0.6948275862068966 0.4796875
0 0.8758620689655172 0.58203125 0.8775862068965518 0.578125 0.8724137931034482 0.57578125 0.8689655172413794 0.58125 0.8758620689655172 0.58203125
0 0.73359375 0.4734375 0.0015625 0.00078125
0 0.7017241379310344 0.53046875 0.7 0.54296875 0.7086206896551724 0.55234375 0.7155172413793103 0.55234375 0.7189655172413792 0.55625 0.789655172413793 0.55859375 0.8155172413793104 0.565625 0.8396551724137931 0.5640625 0.846551724137931 0.5671875 0.8534482758620691 0.56640625 0.8758620689655172 0.57109375 0.8793103448275861 0.5640625 0.8965517241379309 0.55703125 0.9068965517241379 0.54609375 0.9068965517241379 0.53984375 0.8982758620689655 0.53515625 0.8982758620689655 0.53125 0.9103448275862069 0.52578125 0.9086206896551724 0.51875 0.9155172413793103 0.50546875 0.9051724137931034 0.49140625 0.8913793103448275 0.490625 0.8758620689655172 0.48046875 0.8706896551724137 0.48046875 0.8758620689655172 0.48515625 0.8741379310344828 0.4921875 0.8586206896551725 0.49296875 0.846551724137931 0.4875 0.8413793103448276 0.47734375 0.803448275862069 0.47578125 0.7965517241379311 0.4734375 0.7724137931034483 0.4734375 0.7637931034482759 0.48671875 0.746551724137931 0.4890625 0.7413793103448276 0.48671875 0.7413793103448276 0.48046875 0.7310344827586206 0.4796875 0.7258620689655173 0.4765625 0.7293103448275862 0.4703125 0.7241379310344828 0.47265625 0.7155172413793103 0.46953125 0.7051724137931035 0.4734375 0.6948275862068966 0.46328125 0.6931034482758621 0.51953125 0.7017241379310344 0.53046875
0 0.6327586206896552 0.390625 0.65 0.3890625 0.6603448275862068 0.3921875 0.689655172413793 0.39140625 0.6965517241379311 0.36953125 0.7103448275862069 0.35703125 0.7362068965517241 0.35390625 0.8051724137931033 0.3546875 0.8379310344827585 0.35 0.8396551724137931 0.346875 0.8344827586206897 0.34140625 0.8189655172413793 0.33984375 0.8 0.3421875 0.7551724137931035 0.340625 0.7482758620689655 0.34375 0.6706896551724137 0.34375 0.6362068965517241 0.346875 0.6241379310344828 0.35234375 0.6155172413793103 0.36171875 0.6224137931034484 0.384375 0.6327586206896552 0.390625
0 0.9172413793103449 0.58515625 0.9068965517241379 0.5890625 0.9120689655172413 0.5953125 0.903448275862069 0.60390625 0.9017241379310346 0.621875 0.9137931034482758 0.63984375 0.9206896551724137 0.6421875 0.946551724137931 0.64140625 0.960344827586207 0.64765625 0.9706896551724137 0.659375 0.9862068965517242 0.66328125 0.9982758620689655 0.66328125 0.9982758620689655 0.58515625 0.993103448275862 0.58203125 0.9844827586206897 0.58203125 0.9827586206896551 0.5890625 0.9775862068965517 0.590625 0.9413793103448276 0.58671875 0.9379310344827585 0.58359375 0.9241379310344827 0.58828125 0.9172413793103449 0.5796875 0.9258620689655173 0.57421875 0.9137931034482758 0.57265625 0.9068965517241379 0.57890625 0.9068965517241379 0.583984375 0.9172413793103449 0.58515625
0 0.9879310344827585 0.565625 0.9948275862068966 0.5734375 0.9982758620689655 0.57109375 0.9896551724137931 0.5671875 0.9982758620689655 0.566015625 0.9948275862068966 0.5578125 0.9758620689655173 0.56171875 0.9741379310344828 0.56640625 0.9879310344827585 0.565625
0 0.9551724137931034 0.5015625 0.9586206896551724 0.50859375 0.9620689655172413 0.503125 0.9844827586206897 0.5 0.993103448275862 0.503125 0.9982758620689655 0.49453125 0.9982758620689655 0.4546875 0.9896551724137931 0.4546875 0.9896551724137931 0.45234375 0.9982758620689655 0.45 0.9913793103448276 0.44921875 0.9758620689655173 0.4640625 0.9586206896551724 0.4640625 0.946551724137931 0.45390625 0.9275862068965518 0.4625 0.9224137931034482 0.48046875 0.9551724137931034 0.5015625
0 0.8362068965517242 0.5984375 0.8241379310344827 0.59609375 0.8258620689655173 0.59921875 0.8362068965517242 0.5984375
0 0.79921875 0.5953125 0.0015625 0.00078125
0 0.709375 0.5671875 0.0015625 0.00078125
0 0.7086206896551724 0.55625 0.7017241379310344 0.5609375 0.7051724137931035 0.5625 0.7189655172413792 0.55625 0.7224137931034483 0.5578125 0.7224137931034483 0.5640625 0.7137931034482758 0.56640625 0.7172413793103448 0.57109375 0.7206896551724138 0.571875 0.7258620689655173 0.5671875 0.7517241379310344 0.57109375 0.7586206896551724 0.5640625 0.7655172413793103 0.5625 0.7758620689655172 0.5640625 0.7689655172413793 0.57421875 0.8172413793103448 0.578125 0.8206896551724137 0.58046875 0.8293103448275861 0.5765625 0.8344827586206897 0.57890625 0.85 0.5765625 0.8655172413793103 0.5921875 0.8568965517241379 0.5984375 0.8724137931034482 0.5984375 0.8741379310344828 0.59453125 0.8672413793103448 0.59140625 0.9 0.584375 0.9068965517241379 0.540625 0.8982758620689655 0.525 0.8896551724137931 0.5234375 0.8862068965517242 0.52578125 0.8758620689655172 0.5234375 0.8706896551724137 0.53046875 0.8551724137931034 0.5328125 0.8310344827586207 0.53203125 0.8241379310344827 0.52890625 0.8172413793103448 0.53046875 0.8068965517241379 0.52734375 0.7844827586206897 0.528125 0.7793103448275862 0.53203125 0.7758620689655172 0.52734375 0.7637931034482759 0.53046875 0.7517241379310344 0.52265625 0.7120689655172414 0.5203125 0.7 0.51171875 0.6948275862068966 0.5140625 0.6948275862068966 0.54296875 0.7086206896551724 0.55625
0 0.753125 0.509375 0.003125 0.00078125
0 0.7137931034482758 0.50859375 0.7172413793103448 0.5046875 0.7103448275862069 0.5046875 0.7137931034482758 0.50859375
0 0.7051724137931035 0.6125 0.7155172413793103 0.615625 0.7241379310344828 0.6140625 0.7275862068965517 0.61953125 0.753448275862069 0.61953125 0.7586206896551724 0.6234375 0.7672413793103449 0.62421875 0.7913793103448276 0.6234375 0.7982758620689655 0.6296875 0.8086206896551724 0.63046875 0.8137931034482758 0.6296875 0.8172413793103448 0.621875 0.8258620689655173 0.62578125 0.8293103448275861 0.61640625 0.8344827586206897 0.615625 0.8448275862068966 0.61875 0.8413793103448276 0.63125 0.8517241379310345 0.63125 0.8586206896551725 0.628125 0.8620689655172413 0.63046875 0.8586206896551725 0.6265625 0.85 0.62578125 0.8620689655172413 0.61953125 0.8879310344827586 0.6203125 0.8931034482758621 0.60234375 0.9017241379310346 0.5953125 0.8896551724137931 0.5828125 0.8793103448275861 0.5875 0.8655172413793103 0.58671875 0.8534482758620691 0.58125 0.7775862068965517 0.57578125 0.7603448275862068 0.571875 0.7189655172413792 0.571875 0.7068965517241379 0.565625 0.7 0.571875 0.6965517241379311 0.5921875 0.7051724137931035 0.6125
0 0.2189655172413793 0.675 0.22413793103448273 0.67734375 0.2189655172413793 0.68046875 0.22241379310344828 0.68359375 0.23275862068965517 0.6796875 0.23793103448275862 0.684375 0.23793103448275862 0.679296875 0.23103448275862068 0.678125 0.24137931034482757 0.671875 0.23620689655172417 0.67109375 0.22931034482758622 0.6765625 0.2189655172413793 0.675
0 0.26724137931034486 0.67421875 0.2655172413793103 0.6796875 0.2689655172413793 0.6734375 0.2603448275862069 0.6703125 0.2689655172413793 0.66875 0.26724137931034486 0.66640625 0.25862068965517243 0.6703125 0.25862068965517243 0.67421875 0.26724137931034486 0.67421875
0 0.2921875 0.66484375 0.0015625 0.0015625
0 0.2827586206896552 0.66484375 0.2775862068965517 0.66328125 0.27586206896551724 0.67109375 0.2827586206896552 0.66484375
0 0.32413793103448274 0.659375 0.31724137931034485 0.6609375 0.32068965517241377 0.66875 0.32413793103448274 0.66640625 0.3293103448275862 0.66875 0.32413793103448274 0.65546875 0.31896551724137934 0.6546875 0.31724137931034485 0.65703125 0.32413793103448274 0.659375
0 0.07758620689655173 0.70625 0.08620689655172413 0.76328125 0.09827586206896552 0.8 0.10517241379310345 0.80703125 0.1275862068965517 0.8140625 0.14310344827586208 0.82265625 0.20344827586206896 0.83515625 0.25 0.83828125 0.26379310344827583 0.8421875 0.2844827586206896 0.8421875 0.29310344827586204 0.84140625 0.31896551724137934 0.82890625 0.3275862068965517 0.828125 0.4068965517241379 0.8 0.4137931034482759 0.79609375 0.41724137931034483 0.78515625 0.41206896551724137 0.66953125 0.4068965517241379 0.65546875 0.39655172413793105 0.65546875 0.39655172413793105 0.65 0.3879310344827586 0.6453125 0.39655172413793105 0.6421875 0.4068965517241379 0.6453125 0.40344827586206894 0.63359375 0.38620689655172413 0.63671875 0.37758620689655176 0.64375 0.3586206896551724 0.65 0.34655172413793106 0.65234375 0.3413793103448276 0.64765625 0.3310344827586207 0.65078125 0.3293103448275862 0.653125 0.34310344827586203 0.65234375 0.34655172413793106 0.6546875 0.3396551724137931 0.66015625 0.3293103448275862 0.659375 0.3310344827586207 0.6609375 0.35172413793103446 0.66484375 0.35172413793103446 0.66875 0.3137931034482758 0.68203125 0.22586206896551725 0.70390625 0.20517241379310341 0.70390625 0.19655172413793104 0.7015625 0.12586206896551724 0.6765625 0.10689655172413792 0.6765625 0.08448275862068966 0.6703125 0.06724137931034482 0.66953125 0.06724137931034482 0.68515625 0.07758620689655173 0.70625