0 0.610878661087866 0.09529411764705882 0.608786610878661 0.09058823529411765 0.602510460251046 0.09529411764705882 0.610878661087866 0.09529411764705882
0 0.61796875 0.090625 0.00234375 0.00234375
0 0.600418410041841 0.03764705882352941 0.5878661087866108 0.03882352941176471 0.5836820083682008 0.05058823529411764 0.5899581589958158 0.05411764705882353 0.5899581589958158 0.06470588235294118 0.5774058577405857 0.07058823529411765 0.5774058577405857 0.0811764705882353 0.604602510460251 0.08235294117647059 0.6150627615062761 0.07529411764705882 0.6401673640167364 0.07176470588235294 0.6443514644351465 0.07411764705882354 0.6317991631799164 0.09176470588235294 0.6485355648535565 0.08823529411764705 0.6506276150627615 0.08 0.6589958158995816 0.07882352941176471 0.6621338912133891 0.08470588235294117 0.6736401673640167 0.08470588235294117 0.8158995815899581 0.05529411764705883 0.9476987447698745 0.03411764705882353 0.9832635983263598 0.025882352941176467 0.997907949790795 0.011764705882352941 0.9937238493723848 0 0.9728033472803347 0 0.9686192468619247 0.0035294117647058825 0.9623430962343097 0 0.5899581589958158 0 0.608786610878661 0.03058823529411765 0.600418410041841 0.03764705882352941
0 0.36820083682008364 0.17176470588235293 0.39748953974895396 0.14705882352941174 0.4393305439330543 0.13647058823529412 0.4393305439330543 0.12823529411764706 0.4602510460251046 0.12823529411764706 0.4602510460251046 0.1223529411764706 0.3619246861924686 0.1223529411764706 0.35564853556485354 0.12941176470588237 0.34518828451882844 0.1223529411764706 0.3263598326359832 0.1341176470588235 0.27824267782426776 0.14823529411764708 0.19874476987447698 0.16 0.1422594142259414 0.17411764705882354 0.11506276150627615 0.17294117647058824 0.043933054393305436 0.1952941176470588 0.014644351464435146 0.19764705882352943 0.006276150627615063 0.20588235294117646 0 0.2458823529411765 0.36820083682008364 0.17176470588235293
0 0.4937238493723849 0.12352941176470589 0.5083682008368201 0.11529411764705881 0.48535564853556484 0.11764705882352941 0.47907949790794974 0.1223529411764706 0.4937238493723849 0.12352941176470589
0 0.7510460251046025 0.08823529411764705 0.7405857740585773 0.08705882352941177 0.7426778242677824 0.10705882352941176 0.7510460251046025 0.08823529411764705
0 0.8578125 0.075 0.00859375 0.0015625
0 0.7635983263598326 0.11529411764705881 0.7907949790794978 0.1223529411764706 0.7928870292887029 0.11294117647058824 0.7866108786610878 0.10941176470588235 0.799163179916318 0.10352941176470587 0.799163179916318 0.09529411764705882 0.811715481171548 0.08823529411764705 0.799163179916318 0.0811764705882353 0.799163179916318 0.07411764705882354 0.7928870292887029 0.08823529411764705 0.7866108786610878 0.08588235294117647 0.7782426778242677 0.09294117647058824 0.7719665271966527 0.08705882352941177 0.7635983263598326 0.08823529411764705 0.7677824267782427 0.09058823529411765 0.7552301255230125 0.09529411764705882 0.7510460251046025 0.10235294117647058 0.7635983263598326 0.11529411764705881
0 0.8284518828451883 0.07529411764705882 0.8242677824267781 0.06352941176470588 0.8221757322175731 0.07647058823529411 0.8284518828451883 0.07529411764705882
0 0.905857740585774 0.06352941176470588 0.9142259414225942 0.06352941176470588 0.907949790794979 0.07294117647058823 0.9246861924686192 0.06705882352941175 0.9267782426778242 0.07058823529411765 0.9414225941422594 0.07294117647058823 0.9414225941422594 0.06352941176470588 0.9497907949790795 0.06235294117647059 0.9560669456066945 0.07058823529411765 0.9665271966527197 0.07058823529411765 0.9728033472803347 0.06470588235294118 0.9811715481171548 0.07058823529411765 0.9769874476987447 0.06705882352941175 0.9874476987447698 0.05647058823529412 0.9853556485355648 0.03294117647058824 0.9644351464435147 0.03176470588235294 0.9288702928870294 0.041176470588235294 0.9246861924686192 0.051764705882352935 0.912133891213389 0.049411764705882356 0.903765690376569 0.06 0.905857740585774 0.06352941176470588
0 0.7635983263598326 0.12470588235294118 0.7970711297071129 0.16705882352941176 0.799163179916318 0.19764705882352943 0.7866108786610878 0.23529411764705882 0.7907949790794978 0.25764705882352945 0.8221757322175731 0.2788235294117647 0.8619246861924686 0.2952941176470588 0.8870292887029289 0.3188235294117647 0.8723849372384936 0.38235294117647056 0.8744769874476986 0.39647058823529413 0.8933054393305438 0.41647058823529415 0.9142259414225942 0.42823529411764705 0.9309623430962344 0.43176470588235294 0.9644351464435147 0.4564705882352941 0.9748953974895397 0.48117647058823526 0.9728033472803347 0.49294117647058827 0.9811715481171548 0.5023529411764706 0.9623430962343097 0.5176470588235295 0.9581589958158995 0.528235294117647 0.9665271966527197 0.5458823529411765 0.9874476987447698 0.5588235294117647 0.9937238493723848 0.5423529411764706 0.9874476987447698 0.536470588235294 0.9853556485355648 0.49764705882352944 0.997907949790795 0.48470588235294115 0.9895397489539748 0.4458823529411765 0.9895397489539748 0.3870588235294118 0.99581589958159 0.37411764705882355 0.997907949790795 0.32941176470588235 0.997907949790795 0.20235294117647057 0.9916317991631798 0.18352941176470589 0.99581589958159 0.14705882352941174 0.9895397489539748 0.1223529411764706 0.997907949790795 0.10823529411764705 0.997907949790795 0.08470588235294117 0.9895397489539748 0.07764705882352942 0.9560669456066945 0.07764705882352942 0.9351464435146444 0.07058823529411765 0.9309623430962344 0.0611764705882353 0.9205020920502092 0.058823529411764705 0.9246861924686192 0.05411764705882353 0.9142259414225942 0.04823529411764706 0.907949790794979 0.051764705882352935 0.895397489539749 0.049411764705882356 0.8912133891213389 0.05411764705882353 0.8682008368200836 0.052941176470588235 0.8493723849372385 0.05647058823529412 0.8347280334728033 0.06352941176470588 0.8368200836820083 0.06705882352941175 0.8200836820083681 0.08352941176470588 0.799163179916318 0.07058823529411765 0.7761506276150627 0.06941176470588235 0.7405857740585773 0.08235294117647059 0.7154811715481172 0.08470588235294117 0.7133891213389121 0.09882352941176471 0.7635983263598326 0.12470588235294118
0 0.3723849372384937 0.17058823529411765 0.39748953974895396 0.14705882352941174 0.4372384937238493 0.13647058823529412 0.4330543933054393 0.12588235294117647 0.38702928870292885 0.12117647058823529 0.3535564853556485 0.13058823529411764 0.34518828451882844 0.12705882352941175 0.2635983263598326 0.15294117647058822 0.19874476987447698 0.1611764705882353 0.14644351464435146 0.17294117647058824 0.11506276150627615 0.17411764705882354 0.100418410041841 0.18 0.0711297071129707 0.18352941176470589 0.04184100418410042 0.1952941176470588 0.014644351464435146 0.1988235294117647 0.0020920502092050207 0.2152941176470588 0.0041841004184100415 0.24705882352941178 0.3723849372384937 0.17058823529411765
0 0.36820083682008364 0.17176470588235293 0.39748953974895396 0.14705882352941174 0.4393305439330543 0.13647058823529412 0.4393305439330543 0.12823529411764706 0.4497907949790795 0.12352941176470589 0.4581589958158996 0.12941176470588237 0.4602510460251046 0.1223529411764706 0.4351464435146443 0.1223529411764706 0.4309623430962343 0.1188235294117647 0.42050209205020916 0.1223529411764706 0.38493723849372385 0.12117647058823529 0.37029288702928864 0.12470588235294118 0.3619246861924686 0.12117647058823529 0.36610878661087864 0.12470588235294118 0.3577405857740586 0.12823529411764706 0.34309623430962344 0.1223529411764706 0.34309623430962344 0.12705882352941175 0.3263598326359832 0.1341176470588235 0.27824267782426776 0.14823529411764708 0.19874476987447698 0.16 0.14853556485355648 0.17294117647058824 0.12133891213389121 0.17529411764705882 0.11506276150627615 0.17176470588235293 0.09623430962343096 0.18 0.07322175732217573 0.18235294117647058 0.043933054393305436 0.1952941176470588 0.014644351464435146 0.19647058823529412 0.006276150627615063 0.20470588235294115 0 0.2458823529411765 0.36820083682008364 0.17176470588235293
0 0.4707112970711297 0.12470588235294118 0.48326359832635984 0.1188235294117647 0.48326359832635984 0.12352941176470589 0.4937238493723849 0.12470588235294118 0.502092050209205 0.12117647058823529 0.5083682008368201 0.11294117647058824 0.497907949790795 0.11058823529411765 0.4686192468619247 0.1223529411764706 0.4707112970711297 0.12470588235294118
0 0.7740585774058577 0.11294117647058824 0.7782426778242677 0.11764705882352941 0.799163179916318 0.0976470588235294 0.7866108786610878 0.08705882352941177 0.7782426778242677 0.09411764705882353 0.7719665271966527 0.09058823529411765 0.7573221757322175 0.09529411764705882 0.7615062761506276 0.11176470588235295 0.7740585774058577 0.11294117647058824
0 0.805439330543933 0.09176470588235294 0.807531380753138 0.08588235294117647 0.799163179916318 0.08235294117647059 0.7970711297071129 0.08823529411764705 0.805439330543933 0.09176470588235294
0 0.9414225941422594 0.07176470588235294 0.9414225941422594 0.06470588235294118 0.9351464435146444 0.07058823529411765 0.9414225941422594 0.07176470588235294
0 0.88203125 0.06640625 0.00234375 0.00625
0 0.9142259414225942 0.06235294117647059 0.905857740585774 0.06470588235294118 0.910041841004184 0.07294117647058823 0.9288702928870294 0.07058823529411765 0.9435146443514644 0.051764705882352935 0.9581589958158995 0.07058823529411765 0.9811715481171548 0.07058823529411765 0.9874476987447698 0.05647058823529412 0.9853556485355648 0.03294117647058824 0.9539748953974895 0.03411764705882353 0.9351464435146444 0.042352941176470586 0.9288702928870294 0.041176470588235294 0.9225941422594142 0.052941176470588235 0.9163179916317992 0.05411764705882353 0.9142259414225942 0.05058823529411764 0.905857740585774 0.058823529411764705 0.9142259414225942 0.06235294117647059
0 0.26987447698744765 0.16352941176470587 0.2635983263598326 0.16 0.26569037656903766 0.16941176470588235 0.26987447698744765 0.16352941176470587
0 0.0020920502092050207 0.03294117647058824 0.008368200836820083 0.043529411764705886 0.006276150627615063 0.047058823529411764 0 0.04588235294117647 0.0020920502092050207 0.1764705882352941 0.010460251046025104 0.20235294117647057 0.05230125523012552 0.18823529411764706 0.12552301255230125 0.1764705882352941 0.1401673640167364 0.16941176470588235 0.21338912133891214 0.1623529411764706 0.23221757322175735 0.15529411764705883 0.2803347280334728 0.14941176470588236 0.2907949790794979 0.1423529411764706 0.3305439330543933 0.13176470588235295 0.3535564853556485 0.13058823529411764 0.3723849372384937 0.12352941176470589 0.38284518828451886 0.12470588235294118 0.42050209205020916 0.11647058823529413 0.44142259414225943 0.11647058823529413 0.4476987447698745 0.12 0.4539748953974895 0.11411764705882352 0.4602510460251046 0.1188235294117647 0.47698744769874474 0.1188235294117647 0.50418410041841 0.10588235294117647 0.50418410041841 0.08941176470588234 0.5146443514644352 0.08941176470588234 0.5209205020920502 0.07294117647058823 0.5439330543933054 0.0611764705882353 0.5481171548117155 0.05058823529411764 0.5606694560669456 0.049411764705882356 0.5606694560669456 0.036470588235294116 0.5753138075313807 0.03058823529411765 0.5753138075313807 0.027058823529411764 0.5627615062761506 0.024705882352941178 0.5585774058577406 0.010588235294117647 0.5502092050209205 0.00823529411764706 0.5460251046025104 0 0.4581589958158996 0 0.4456066945606694 0.007058823529411765 0.401673640167364 0 0.3912133891213389 0.0035294117647058825 0.3723849372384937 0 0.3619246861924686 0.004705882352941176 0.3284518828451882 0 0.26987447698744765 0.0035294117647058825 0.22594142259414224 0 0.21757322175732216 0.0035294117647058825 0.19665271966527195 0 0.10669456066945607 0 0.09414225941422594 0.010588235294117647 0.09205020920502091 0.0035294117647058825 0.08368200836820083 0 0.046025104602510455 0 0.043933054393305436 0.0035294117647058825 0.010460251046025104 0.00823529411764706 0.0041841004184100415 0.01411764705882353 0.010460251046025104 0.022352941176470586 0.0020920502092050207 0.024705882352941178 0.008368200836820083 0.02823529411764706 0.0020920502092050207 0.03294117647058824
0 0.8891213389121339 0.3835294117647059 0.895397489539749 0.38235294117647056 0.895397489539749 0.3776470588235294 0.8891213389121339 0.37882352941176467 0.8891213389121339 0.3835294117647059
0 0.9832635983263598 0.36941176470588233 0.9853556485355648 0.3611764705882353 0.9832635983263598 0.3588235294117647 0.9832635983263598 0.36941176470588233
0 0.9644351464435147 0.33529411764705885 0.9728033472803347 0.35058823529411764 0.9728033472803347 0.3388235294117647 0.9832635983263598 0.3317647058823529 0.9728033472803347 0.32823529411764707 0.9623430962343097 0.3341176470588235 0.9560669456066945 0.3317647058823529 0.9539748953974895 0.33529411764705885 0.9644351464435147 0.33529411764705885
0 0.928125 0.2796875 0.00234375 0.0015625
0 0.8786610878661086 0.2164705882352941 0.8723849372384936 0.2164705882352941 0.8744769874476986 0.2388235294117647 0.8786610878661086 0.2164705882352941
0 0.9435146443514644 0.2176470588235294 0.9414225941422594 0.21294117647058824 0.9330543933054394 0.2164705882352941 0.9435146443514644 0.2176470588235294
0 0.9163179916317992 0.21294117647058824 0.9184100418410042 0.20941176470588235 0.9142259414225942 0.20823529411764707 0.9163179916317992 0.21294117647058824
0 0.8933054393305438 0.1952941176470588 0.8912133891213389 0.1988235294117647 0.8828451882845189 0.1988235294117647 0.8891213389121339 0.21176470588235294 0.8912133891213389 0.2 0.897489539748954 0.19764705882352943 0.905857740585774 0.20235294117647057 0.9163179916317992 0.19411764705882353 0.901673640167364 0.18705882352941178 0.899581589958159 0.19176470588235295 0.8870292887029289 0.18941176470588234 0.8828451882845189 0.19176470588235295 0.8933054393305438 0.1952941176470588
0 0.8577405857740585 0.17176470588235293 0.8598326359832635 0.16941176470588235 0.8577405857740585 0.16705882352941176 0.8577405857740585 0.17176470588235293
0 0 0.3023529411764706 0.006276150627615063 0.3164705882352941 0 0.5505882352941176 0.008368200836820083 0.5729411764705883 0.008368200836820083 0.6517647058823529 0 0.7423529411764707 0.008368200836820083 0.76 0.0041841004184100415 0.7788235294117647 0.010460251046025104 0.8047058823529412 0 0.8211764705882352 0 0.8611764705882352 0.010460251046025104 0.876470588235294 0.0041841004184100415 0.8835294117647059 0.010460251046025104 0.8905882352941177 0 0.8964705882352941 0.006276150627615063 0.9411764705882353 0 0.983529411764706 0.010460251046025104 0.9929411764705882 0.02510460251046025 0.9964705882352941 0.04184100418410042 0.9952941176470589 0.05648535564853556 0.9823529411764707 0.08786610878661087 0.9988235294117647 0.13807531380753138 0.9952941176470589 0.1422594142259414 0.9905882352941177 0.1694560669456067 0.9988235294117647 0.18619246861924685 0.9988235294117647 0.21129707112970708 0.9952941176470589 0.21129707112970708 0.9905882352941177 0.22384937238493724 0.9870588235294118 0.23430962343096234 0.9952941176470589 0.24476987447698742 0.9905882352941177 0.2510460251046025 0.9952941176470589 0.2573221757322176 0.991764705882353 0.399581589958159 0.9964705882352941 0.41631799163179917 0.9941176470588236 0.42050209205020916 0.9894117647058824 0.4623430962343096 0.9988235294117647 0.4686192468619247 0.9952941176470589 0.497907949790795 0.9988235294117647 0.5251046025104602 0.9941176470588236 0.5397489539748953 0.9988235294117647 0.5794979079497907 0.9952941176470589 0.5962343096234309 0.9952941176470589 0.600418410041841 0.9988235294117647 0.6443514644351465 0.9988235294117647 0.6485355648535565 0.9823529411764707 0.6631799163179916 0.9811764705882353 0.6736401673640167 0.9905882352941177 0.6820083682008369 0.9870588235294118 0.698744769874477 0.9988235294117647 0.7259414225941423 0.9988235294117647 0.7405857740585773 0.9941176470588236 0.7552301255230125 0.9988235294117647 0.7594142259414226 0.9952941176470589 0.7887029288702928 0.9964705882352941 0.803347280334728 0.9894117647058824 0.8158995815899581 0.9964705882352941 0.8451882845188283 0.9964705882352941 0.8556485355648535 0.9929411764705882 0.8786610878661086 0.9964705882352941 0.9602510460251045 0.9952941176470589 0.9790794979079497 0.9717647058823529 0.9769874476987447 0.96 0.9895397489539748 0.9423529411764706 0.9728033472803347 0.9176470588235294 0.997907949790795 0.8858823529411766 0.9916317991631798 0.86 0.997907949790795 0.8305882352941177 0.9937238493723848 0.8129411764705882 0.9790794979079497 0.8035294117647058 0.997907949790795 0.7988235294117647 0.9916317991631798 0.7858823529411765 0.99581589958159 0.7341176470588235 0.9874476987447698 0.7176470588235294 0.9937238493723848 0.6964705882352942 0.9874476987447698 0.6741176470588235 0.9937238493723848 0.6717647058823529 0.99581589958159 0.591764705882353 0.9874476987447698 0.5623529411764705 0.9748953974895397 0.5599999999999999 0.9769874476987447 0.5552941176470588 0.9853556485355648 0.5541176470588235 0.9895397489539748 0.536470588235294 0.9895397489539748 0.5011764705882353 0.9790794979079497 0.49529411764705883 0.9853556485355648 0.4658823529411765 0.9707112970711297 0.4588235294117647 0.9707112970711297 0.4329411764705882 0.9602510460251045 0.42000000000000004 0.9497907949790795 0.4235294117647059 0.9414225941422594 0.42000000000000004 0.9163179916317992 0.4211764705882353 0.8891213389121339 0.40352941176470586 0.8912133891213389 0.39294117647058824 0.8849372384937239 0.39294117647058824 0.8828451882845189 0.38823529411764707 0.8828451882845189 0.3729411764705882 0.8912133891213389 0.37058823529411766 0.905857740585774 0.3341176470588235 0.8891213389121339 0.31058823529411766 0.8933054393305438 0.3 0.8807531380753139 0.2929411764705882 0.8870292887029289 0.2858823529411765 0.8744769874476986 0.2823529411764706 0.8661087866108786 0.2847058823529412 0.8535564853556485 0.2752941176470588 0.8451882845188283 0.2752941176470588 0.8368200836820083 0.28117647058823525 0.811715481171548 0.27176470588235296 0.8179916317991631 0.268235294117647 0.8138075313807531 0.2635294117647059 0.809623430962343 0.26941176470588235 0.801255230125523 0.26588235294117646 0.799163179916318 0.24 0.7887029288702928 0.23529411764705882 0.7970711297071129 0.23058823529411762 0.799163179916318 0.2188235294117647 0.805439330543933 0.2176470588235294 0.805439330543933 0.17529411764705882 0.7907949790794978 0.1764705882352941 0.7635983263598326 0.13294117647058823 0.700836820083682 0.1 0.6820083682008369 0.09529411764705882 0.6338912133891214 0.10588235294117647 0.6213389121338911 0.11411764705882352 0.6150627615062761 0.11058823529411765 0.598326359832636 0.11176470588235295 0.5815899581589958 0.1188235294117647 0.5585774058577406 0.12 0.48953974895397484 0.13647058823529412 0.47489539748953974 0.13647058823529412 0.4602510460251046 0.14352941176470588 0.41004184100418406 0.14941176470588236 0.38912133891213385 0.1611764705882353 0.38284518828451886 0.17058823529411765 0.36401673640167365 0.1788235294117647 0.006276150627615063 0.25176470588235295 0 0.2552941176470588 0 0.3023529411764706
0 0.008368200836820083 0.20352941176470588 0.0794979079497908 0.18235294117647058 0.20920502092050208 0.1611764705882353 0.2615062761506276 0.14823529411764708 0.27824267782426776 0.14823529411764708 0.3305439330543933 0.13058823529411764 0.3514644351464435 0.12941176470588237 0.3619246861924686 0.12352941176470589 0.4246861924686193 0.11764705882352941 0.4644351464435147 0.12117647058823529 0.48535564853556484 0.1188235294117647 0.50418410041841 0.10705882352941176 0.5669456066945606 0.10705882352941176 0.6380753138075314 0.08823529411764705 0.6861924686192469 0.08235294117647059 0.7343096234309623 0.06941176470588235 0.8912133891213389 0.042352941176470586 0.907949790794979 0.036470588235294116 0.9581589958158995 0.03058823529411765 0.9874476987447698 0.022352941176470586 0.997907949790795 0.009411764705882352 0.99581589958159 0 0.9497907949790795 0 0.9414225941422594 0.004705882352941176 0.9205020920502092 0 0.6297071129707112 0 0.6255230125523012 0.0035294117647058825 0.6171548117154811 0 0.36610878661087864 0 0.3619246861924686 0.0035294117647058825 0.34518828451882844 0 0.10669456066945607 0 0.09623430962343096 0.0058823529411764705 0.08577405857740586 0 0.02092050209205021 0 0.0041841004184100415 0.0035294117647058825 0 0.19176470588235295 0.008368200836820083 0.20352941176470588