0 0.5460251046025104 0.8964705882352941 0.5711297071129706 0.9035294117647059 0.610878661087866 0.9058823529411765 0.6359832635983264 0.9258823529411764 0.6631799163179916 0.9258823529411764 0.6610878661087866 0.9047058823529411 0.6673640167364017 0.9 0.6820083682008369 0.908235294117647 0.6966527196652719 0.908235294117647 0.7092050209205021 0.9188235294117646 0.7301255230125523 0.908235294117647 0.7510460251046025 0.9105882352941176 0.7594142259414226 0.924705882352941 0.7656903765690377 0.9235294117647058 0.7845188284518828 0.9329411764705883 0.799163179916318 0.9352941176470588 0.8263598326359831 0.9341176470588236 0.8451882845188283 0.943529411764706 0.8619246861924686 0.9400000000000001 0.8723849372384936 0.9329411764705883 0.9142259414225942 0.9341176470588236 0.9372384937238494 0.951764705882353 0.9456066945606694 0.951764705882353 0.9623430962343097 0.9341176470588236 0.9874476987447698 0.9294117647058824 0.9874476987447698 0.8988235294117647 0.99581589958159 0.8835294117647059 0.997907949790795 0.6870588235294117 0.9874476987447698 0.6599999999999999 0.9623430962343097 0.6576470588235294 0.9581589958158995 0.6670588235294118 0.9456066945606694 0.6552941176470588 0.8472803347280335 0.6505882352941177 0.8430962343096233 0.6470588235294118 0.799163179916318 0.64 0.7510460251046025 0.64 0.7322175732217573 0.6329411764705882 0.6924686192468619 0.6294117647058823 0.6694560669456067 0.6341176470588235 0.600418410041841 0.6270588235294118 0.5878661087866108 0.6458823529411765 0.5774058577405857 0.6811764705882353 0.5418410041841004 0.851764705882353 0.5376569037656903 0.8835294117647059 0.5460251046025104 0.8964705882352941
0 0.01882845188284519 0.1376470588235294 0.008368200836820083 0.14705882352941174 0.006276150627615063 0.15764705882352942 0.03765690376569038 0.1588235294117647 0.03765690376569038 0.16823529411764707 0.060669456066945605 0.17058823529411765 0.058577405857740586 0.17411764705882354 0.06485355648535565 0.16588235294117645 0.07740585774058577 0.16941176470588235 0.07740585774058577 0.1811764705882353 0.0815899581589958 0.17529411764705882 0.09205020920502091 0.17411764705882354 0.08368200836820083 0.16941176470588235 0.10878661087866108 0.16941176470588235 0.12133891213389121 0.1564705882352941 0.12552301255230125 0.16705882352941176 0.13389121338912133 0.16470588235294117 0.12552301255230125 0.14941176470588236 0.15481171548117154 0.15058823529411763 0.16736401673640167 0.1611764705882353 0.1589958158995816 0.14705882352941174 0.17364016736401672 0.1423529411764706 0.18200836820083682 0.13176470588235295 0.20502092050209203 0.1423529411764706 0.19874476987447698 0.15294117647058822 0.20711297071129708 0.14352941176470588 0.2301255230125523 0.1423529411764706 0.24058577405857742 0.13176470588235295 0.2635983263598326 0.13294117647058823 0.27405857740585776 0.12588235294117647 0.32426778242677823 0.12 0.34309623430962344 0.10941176470588235 0.34100418410041844 0.10235294117647058 0.33263598326359833 0.09882352941176471 0.301255230125523 0.10117647058823528 0.07740585774058577 0.08470588235294117 0.0041841004184100415 0.08352941176470588 0 0.11529411764705881 0.01882845188284519 0.1376470588235294
0 0.28125 0.2265625 0.00234375 0.0015625
0 0.5627615062761506 0.17176470588235293 0.5627615062761506 0.16588235294117645 0.5543933054393305 0.16470588235294117 0.5523012552301255 0.17058823529411765 0.5627615062761506 0.17176470588235293
0 0.6338912133891214 0.1611764705882353 0.6401673640167364 0.15764705882352942 0.6317991631799164 0.15764705882352942 0.6338912133891214 0.1611764705882353
0 0.465625 0.14453125 0.00234375 0.00234375
0 0.090625 0.1265625 0.00234375 0.0015625
0 0.490625 0.12265625 0.00234375 0.0015625
0 0.01882845188284519 0.15764705882352942 0 0.1611764705882353 0.0041841004184100415 0.1988235294117647 0.016736401673640166 0.20588235294117646 0.016736401673640166 0.2152941176470588 0.02510460251046025 0.2 0.06276150627615062 0.20235294117647057 0.0711297071129707 0.1988235294117647 0.07740585774058577 0.20235294117647057 0.10460251046025104 0.2011764705882353 0.11924686192468618 0.21058823529411766 0.1297071129707113 0.20823529411764707 0.1401673640167364 0.21176470588235294 0.1527196652719665 0.20352941176470588 0.1589958158995816 0.20823529411764707 0.1694560669456067 0.20588235294117646 0.1799163179916318 0.21058823529411766 0.2615062761506276 0.21058823529411766 0.2824267782426778 0.2223529411764706 0.303347280334728 0.21411764705882352 0.3200836820083682 0.21411764705882352 0.3263598326359832 0.2188235294117647 0.33682008368200833 0.2188235294117647 0.34100418410041844 0.23058823529411762 0.34728033472803344 0.23176470588235293 0.36820083682008364 0.22941176470588234 0.37866108786610875 0.2223529411764706 0.39748953974895396 0.22941176470588234 0.41422594142259417 0.22705882352941176 0.41631799163179917 0.23058823529411762 0.4372384937238493 0.2235294117647059 0.48744769874476984 0.22941176470588234 0.5 0.22588235294117648 0.506276150627615 0.23058823529411762 0.5732217573221756 0.23294117647058826 0.5878661087866108 0.24117647058823527 0.5920502092050209 0.23529411764705882 0.6422594142259415 0.2376470588235294 0.6485355648535565 0.24117647058823527 0.6527196652719665 0.2376470588235294 0.6610878661087866 0.18588235294117647 0.6506276150627615 0.1776470588235294 0.6589958158995816 0.17725529411764707 0.6589958158995816 0.17098 0.6527196652719665 0.16941176470588235 0.6589958158995816 0.16470588235294117 0.6569037656903765 0.15764705882352942 0.6464435146443515 0.16352941176470587 0.6464435146443515 0.17176470588235293 0.6527196652719665 0.17411764705882354 0.6485355648535565 0.1764705882352941 0.6297071129707112 0.18 0.6150627615062761 0.1764705882352941 0.6255230125523012 0.17058823529411765 0.6150627615062761 0.16705882352941176 0.610878661087866 0.18 0.5815899581589958 0.1776470588235294 0.5732217573221756 0.18470588235294116 0.5606694560669456 0.1811764705882353 0.5523012552301255 0.18705882352941178 0.5355648535564853 0.17176470588235293 0.5230125523012552 0.17529411764705882 0.5209205020920502 0.1623529411764706 0.50418410041841 0.17058823529411765 0.4937238493723849 0.15764705882352942 0.48117154811715485 0.17176470588235293 0.4665271966527197 0.16588235294117645 0.4539748953974895 0.17411764705882354 0.4393305439330543 0.16823529411764707 0.4393305439330543 0.1623529411764706 0.42677824267782427 0.16 0.41841004184100417 0.1588235294117647 0.405857740585774 0.16352941176470587 0.3807531380753138 0.1611764705882353 0.38912133891213385 0.15529411764705883 0.32426778242677823 0.15529411764705883 0.3158995815899582 0.16 0.3075313807531381 0.15058823529411763 0.3138075313807531 0.14941176470588236 0.3179916317991632 0.13999999999999999 0.3263598326359832 0.1411764705882353 0.3284518828451882 0.12823529411764706 0.34100418410041844 0.12588235294117647 0.33472803347280333 0.12470588235294118 0.34100418410041844 0.12 0.3305439330543933 0.12705882352941175 0.3284518828451882 0.12117647058823529 0.3200836820083682 0.12470588235294118 0.3179916317991632 0.1341176470588235 0.30962343096234307 0.13529411764705884 0.299163179916318 0.12470588235294118 0.2824267782426778 0.12823529411764706 0.27824267782426776 0.13529411764705884 0.2719665271966527 0.1341176470588235 0.2719665271966527 0.14352941176470588 0.2824267782426778 0.15176470588235294 0.26987447698744765 0.16352941176470587 0.2573221757322176 0.1564705882352941 0.23849372384937237 0.15764705882352942 0.23640167364016734 0.14470588235294118 0.2217573221757322 0.1376470588235294 0.21338912133891214 0.14352941176470588 0.19874476987447698 0.1388235294117647 0.19874476987447698 0.15176470588235294 0.20711297071129708 0.15411764705882353 0.19456066945606693 0.16352941176470587 0.18619246861924685 0.15764705882352942 0.17154811715481172 0.1623529411764706 0.16108786610878661 0.15764705882352942 0.15481171548117154 0.16 0.1527196652719665 0.15529411764705883 0.16108786610878661 0.15058823529411763 0.1506276150627615 0.14941176470588236 0.1506276150627615 0.1611764705882353 0.1422594142259414 0.16352941176470587 0.13389121338912133 0.16 0.12761506276150628 0.16352941176470587 0.1108786610878661 0.15529411764705883 0.10251046025104602 0.1611764705882353 0.09832635983263598 0.1588235294117647 0.07322175732217573 0.16470588235294117 0.06694560669456066 0.1623529411764706 0.05230125523012552 0.16705882352941176 0.043933054393305436 0.1611764705882353 0.060669456066945605 0.15411764705882353 0.058577405857740586 0.14705882352941174 0.03138075313807531 0.1423529411764706 0.03138075313807531 0.14823529411764708 0.01882845188284519 0.15764705882352942
0 0.008368200836820083 0.11764705882352941 0 0.1188235294117647 0.008368200836820083 0.13294117647058823 0.014644351464435146 0.13058823529411764 0.01882845188284519 0.1376470588235294 0.016736401673640166 0.14705882352941174 0.008368200836820083 0.14705882352941174 0.012552301255230125 0.15411764705882353 0 0.1623529411764706 0 0.17529411764705882 0.0041841004184100415 0.1988235294117647 0.008368200836820083 0.20235294117647057 0.02092050209205021 0.20235294117647057 0.014644351464435146 0.2164705882352941 0.03347280334728033 0.20235294117647057 0.10669456066945607 0.20352941176470588 0.11506276150627615 0.20941176470588235 0.12761506276150628 0.20588235294117646 0.14435146443514643 0.20705882352941174 0.1506276150627615 0.20352941176470588 0.16108786610878661 0.20588235294117646 0.20711297071129708 0.2 0.21548117154811716 0.20235294117647057 0.22594142259414224 0.19294117647058823 0.2301255230125523 0.19764705882352943 0.2489539748953975 0.19058823529411764 0.2489539748953975 0.18470588235294116 0.23640167364016734 0.18235294117647058 0.23640167364016734 0.16823529411764707 0.2217573221757322 0.17176470588235293 0.21548117154811716 0.16470588235294117 0.23640167364016734 0.15764705882352942 0.24476987447698742 0.13647058823529412 0.27824267782426776 0.1411764705882353 0.2803347280334728 0.13529411764705884 0.299163179916318 0.12705882352941175 0.299163179916318 0.12352941176470589 0.28870292887029286 0.12117647058823529 0.24058577405857742 0.12117647058823529 0.2301255230125523 0.11176470588235295 0.21966527196652716 0.12352941176470589 0.19874476987447698 0.11058823529411765 0.18619246861924685 0.11411764705882352 0.18200836820083682 0.12470588235294118 0.16736401673640167 0.11529411764705881 0.16108786610878661 0.11764705882352941 0.15690376569037656 0.11176470588235295 0.15481171548117154 0.11529411764705881 0.14644351464435146 0.11294117647058824 0.1422594142259414 0.12470588235294118 0.11924686192468618 0.11764705882352941 0.11506276150627615 0.12117647058823529 0.07531380753138076 0.11411764705882352 0.06694560669456066 0.12823529411764706 0.06276150627615062 0.12117647058823529 0.046025104602510455 0.12117647058823529 0.03556485355648535 0.11058823529411765 0.029288702928870293 0.11176470588235295 0.029288702928870293 0.1223529411764706 0.016736401673640166 0.12117647058823529 0.006276150627615063 0.10823529411764705 0 0.10823529411764705 0.008368200836820083 0.11764705882352941
0 0.73203125 0.24375 0.00390625 0.0015625
0 0.698744769874477 0.24117647058823527 0.6924686192468619 0.24705882352941178 0.702928870292887 0.24352941176470586 0.6945606694560669 0.23647058823529413 0.6903765690376569 0.2388235294117647 0.698744769874477 0.24117647058823527
0 0.7447698744769874 0.24 0.7384937238493723 0.23411764705882354 0.7405857740585773 0.2447058823529412 0.7447698744769874 0.24
0 0.8849372384937239 0.23411764705882354 0.8933054393305438 0.2376470588235294 0.8870292887029289 0.23411764705882354 0.8933054393305438 0.22588235294117648 0.8891213389121339 0.22941176470588234 0.8786610878661086 0.22588235294117648 0.8807531380753139 0.24235294117647058 0.8849372384937239 0.23411764705882354
0 0.6882845188284519 0.23176470588235293 0.6966527196652719 0.22705882352941176 0.702928870292887 0.23176470588235293 0.698744769874477 0.2223529411764706 0.6903765690376569 0.2235294117647059 0.6945606694560669 0.22588235294117648 0.6882845188284519 0.23176470588235293
0 0.6861924686192469 0.2235294117647059 0.6820083682008369 0.2211764705882353 0.6799163179916318 0.22705882352941176 0.6861924686192469 0.2235294117647059
0 0.7015625 0.2171875 0.00234375 0.0015625
0 0.7092050209205021 0.24705882352941178 0.7217573221757322 0.24705882352941178 0.7209637858894821 0.24973630831643004 0.7280334728033473 0.24235294117647058 0.7301255230125523 0.23058823529411762 0.7489539748953975 0.2235294117647059 0.7573221757322175 0.22823529411764704 0.7573221757322175 0.24352941176470586 0.7761506276150627 0.2235294117647059 0.7824267782426778 0.22823529411764704 0.7949790794979079 0.22705882352941176 0.7887029288702928 0.2376470588235294 0.7970711297071129 0.2376470588235294 0.803347280334728 0.23176470588235293 0.8138075313807531 0.23529411764705882 0.8200836820083681 0.23176470588235293 0.8263598326359831 0.23647058823529413 0.8200836820083681 0.2235294117647059 0.8305439330543933 0.2188235294117647 0.895397489539749 0.2188235294117647 0.9241300778560456 0.23036485480268057 0.9309623430962344 0.22588235294117648 0.9393305439330544 0.22470588235294117 0.9518828451882845 0.22941176470588234 0.9560669456066945 0.22588235294117648 0.9811715481171548 0.22705882352941176 0.9916317991631798 0.2235294117647059 0.99581589958159 0.20470588235294115 0.9874476987447698 0.17058823529411765 0.9811715481171548 0.16941176470588235 0.99581589958159 0.14941176470588236 0.99581589958159 0.13647058823529412 0.9874476987447698 0.12941176470588237 0.9539748953974895 0.13176470588235295 0.9351464435146444 0.12588235294117647 0.8702928870292886 0.12941176470588237 0.8556485355648535 0.12470588235294118 0.8305439330543933 0.12705882352941175 0.7510460251046025 0.12117647058823529 0.698744769874477 0.12117647058823529 0.6757322175732218 0.12588235294117647 0.6736401673640167 0.21058823529411766 0.6778242677824268 0.2164705882352941 0.6945606694560669 0.21058823529411766 0.7133891213389121 0.21411764705882352 0.7092050209205021 0.24705882352941178
0 0.497907949790795 0.6952941176470588 0.5 0.6835294117647058 0.4937238493723849 0.691764705882353 0.497907949790795 0.6952941176470588
0 0.50418410041841 0.6658823529411765 0.506276150627615 0.6635294117647058 0.50418410041841 0.6611764705882353 0.50418410041841 0.6658823529411765
0 0.016736401673640166 0.9941176470588236 0.043933054393305436 0.9964705882352941 0.060669456066945605 0.9941176470588236 0.058577405857740586 0.9905882352941177 0.0711297071129707 0.9870588235294118 0.0815899581589958 0.9905882352941177 0.09414225941422594 0.9882352941176471 0.10460251046025104 0.9952941176470589 0.13807531380753138 0.9952941176470589 0.16736401673640167 0.9870588235294118 0.17154811715481172 0.9941176470588236 0.19246861924686193 0.9988235294117647 0.20502092050209203 0.9952941176470589 0.22384937238493724 0.9988235294117647 0.2489539748953975 0.9941176470588236 0.2719665271966527 0.9988235294117647 0.28870292887029286 0.9894117647058824 0.3179916317991632 0.9988235294117647 0.33472803347280333 0.9941176470588236 0.34309623430962344 0.9988235294117647 0.401673640167364 0.9988235294117647 0.41004184100418406 0.9905882352941177 0.41841004184100417 0.9905882352941177 0.42677824267782427 0.9847058823529412 0.4246861924686193 0.9717647058823529 0.41841004184100417 0.9694117647058823 0.42050209205020916 0.9552941176470588 0.4435146443514644 0.943529411764706 0.4330543933054393 0.9376470588235295 0.4330543933054393 0.9282352941176469 0.4456066945606694 0.9235294117647058 0.4560669456066945 0.8988235294117647 0.4665271966527197 0.8976470588235295 0.4665271966527197 0.891764705882353 0.4728033472803347 0.8941176470588236 0.47907949790794974 0.8894117647058823 0.48744769874476984 0.8729411764705881 0.47907949790794974 0.8647058823529411 0.47907949790794974 0.8576470588235294 0.48744769874476984 0.8541176470588235 0.48326359832635984 0.8494117647058823 0.4916317991631799 0.8458823529411765 0.48744769874476984 0.828235294117647 0.47489539748953974 0.8305882352941177 0.4707112970711297 0.8270588235294116 0.47907949790794974 0.8152941176470587 0.4937238493723849 0.8105882352941176 0.48326359832635984 0.8 0.48953974895397484 0.7929411764705883 0.497907949790795 0.7964705882352942 0.4916317991631799 0.7929411764705883 0.497907949790795 0.7888235294117647 0.502092050209205 0.7541176470588236 0.5 0.7470588235294118 0.47907949790794974 0.7470588235294118 0.4728033472803347 0.7435294117647059 0.48117154811715485 0.7341176470588235 0.4665271966527197 0.7329411764705882 0.4644351464435147 0.7258823529411764 0.4728033472803347 0.7247058823529412 0.4728033472803347 0.72 0.4560669456066945 0.7211764705882353 0.4602510460251046 0.6952941176470588 0.48326359832635984 0.6811764705882353 0.48535564853556484 0.6717647058823529 0.47489539748953974 0.6647058823529411 0.48117154811715485 0.6505882352941177 0.4623430962343096 0.6494117647058824 0.44142259414225943 0.6329411764705882 0.42887029288702927 0.6294117647058823 0.403765690376569 0.6305882352941177 0.38284518828451886 0.6411764705882353 0.36401673640167365 0.6435294117647059 0.3263598326359832 0.6235294117647059 0.299163179916318 0.62 0.2907949790794979 0.6258823529411764 0.2845188284518828 0.6223529411764706 0.2510460251046025 0.62 0.24476987447698742 0.6152941176470589 0.23640167364016734 0.6188235294117648 0.21757322175732216 0.6152941176470589 0.19246861924686193 0.6176470588235294 0.18828451882845187 0.6141176470588234 0.15690376569037656 0.6176470588235294 0.10460251046025104 0.6094117647058823 0.08368200836820083 0.6117647058823529 0.08368200836820083 0.6152941176470589 0.060669456066945605 0.6258823529411764 0.043933054393305436 0.6188235294117648 0.03138075313807531 0.6058823529411764 0.0041841004184100415 0.6058823529411764 0.0020920502092050207 0.983529411764706 0.016736401673640166 0.9941176470588236
0 0.4707112970711297 0.9858823529411765 0.47489539748953974 0.9988235294117647 0.497907949790795 0.9988235294117647 0.5125523012552301 0.9894117647058824 0.5251046025104602 0.9988235294117647 0.5439330543933054 0.9988235294117647 0.5502092050209205 0.9952941176470589 0.5836820083682008 0.9964705882352941 0.5941422594142259 0.9894117647058824 0.602510460251046 0.9941176470588236 0.6255230125523012 0.9941176470588236 0.6359832635983264 0.9988235294117647 0.6569037656903765 0.9988235294117647 0.6631799163179916 0.991764705882353 0.6778242677824268 0.9988235294117647 0.7761506276150627 0.9988235294117647 0.7866108786610878 0.9952941176470589 0.8702928870292886 0.9988235294117647 0.8807531380753139 0.9941176470588236 0.905857740585774 0.9988235294117647 0.9267782426778242 0.9952941176470589 0.9602510460251045 0.9988235294117647 0.9874476987447698 0.9941176470588236 0.997907949790795 0.9800000000000001 0.9937238493723848 0.9576470588235294 0.9686192468619247 0.9423529411764706 0.9518828451882845 0.9529411764705882 0.9435146443514644 0.951764705882353 0.912133891213389 0.9341176470588236 0.8933054393305438 0.9364705882352942 0.8723849372384936 0.9188235294117646 0.8598326359832635 0.9211764705882353 0.8661087866108786 0.924705882352941 0.8640167364016736 0.9341176470588236 0.8535564853556485 0.9400000000000001 0.8410041841004183 0.9329411764705883 0.8305439330543933 0.9364705882352942 0.7907949790794978 0.9352941176470588 0.7594142259414226 0.9199999999999999 0.7510460251046025 0.9035294117647059 0.7301255230125523 0.8952941176470588 0.7175732217573222 0.8964705882352941 0.7196652719665272 0.9035294117647059 0.707112970711297 0.9129411764705881 0.6652719665271967 0.9 0.6569037656903765 0.9235294117647058 0.6422594142259415 0.9282352941176469 0.602510460251046 0.9070588235294117 0.5481171548117155 0.9094117647058824 0.50418410041841 0.8988235294117647 0.48953974895397484 0.9023529411764706 0.48326359832635984 0.9211764705882353 0.48117154811715485 0.9564705882352941 0.4707112970711297 0.9858823529411765
0 0.6548117154811715 0.6035294117647059 0.6506276150627615 0.5952941176470589 0.6485355648535565 0.6023529411764705 0.6548117154811715 0.6035294117647059
0 0.66875 0.32578125 0.00234375 0.01171875
0 0.6234309623430961 0.5341176470588235 0.6317991631799164 0.5352941176470588 0.6255230125523012 0.5447058823529412 0.6652719665271967 0.5682352941176471 0.6631799163179916 0.5764705882352941 0.6359832635983264 0.5847058823529412 0.6380753138075314 0.5894117647058823 0.6443514644351465 0.5847058823529412 0.6589958158995816 0.5952941176470589 0.6589958158995816 0.6023529411764705 0.6673640167364017 0.6070588235294118 0.6631799163179916 0.6117647058823529 0.6715481171548117 0.6058823529411764 0.6799163179916318 0.6129411764705882 0.6841004184100419 0.6105882352941177 0.7112970711297071 0.6152941176470589 0.7447698744769874 0.6152941176470589 0.7552301255230125 0.6223529411764706 0.7782426778242677 0.6211764705882353 0.7907949790794978 0.6141176470588234 0.805439330543933 0.6211764705882353 0.8514644351464435 0.6258823529411764 0.8514644351464435 0.6329411764705882 0.8556485355648535 0.6305882352941177 0.8577405857740585 0.6341176470588235 0.8619246861924686 0.6258823529411764 0.8682008368200836 0.6270588235294118 0.8744769874476986 0.6352941176470588 0.8828451882845189 0.6341176470588235 0.8870292887029289 0.628235294117647 0.895397489539749 0.628235294117647 0.899581589958159 0.6223529411764706 0.903765690376569 0.6258823529411764 0.9351464435146444 0.6305882352941177 0.9623430962343097 0.6305882352941177 0.9728033472803347 0.6423529411764706 0.9874476987447698 0.6423529411764706 0.9937238493723848 0.6388235294117647 0.997907949790795 0.26941176470588235 0.9832635983263598 0.25176470588235295 0.9267782426778242 0.24705882352941178 0.9163179916317992 0.24 0.910041841004184 0.2458823529411765 0.8807531380753139 0.24705882352941178 0.8723849372384936 0.2564705882352941 0.8619246861924686 0.24941176470588236 0.8556485355648535 0.2529411764705882 0.8472803347280335 0.25058823529411767 0.8305439330543933 0.24117647058823527 0.801255230125523 0.24117647058823527 0.7677824267782427 0.2529411764705882 0.7573221757322175 0.25058823529411767 0.7531380753138075 0.2552941176470588 0.7405857740585773 0.2552941176470588 0.7259414225941423 0.26705882352941174 0.707112970711297 0.268235294117647 0.705020920502092 0.27647058823529413 0.6945606694560669 0.27176470588235296 0.6903765690376569 0.28705882352941176 0.6757322175732218 0.2929411764705882 0.6820083682008369 0.3035294117647059 0.6757322175732218 0.32 0.6778242677824268 0.3376470588235294 0.6736401673640167 0.3411764705882353 0.6631799163179916 0.33999999999999997 0.6589958158995816 0.34705882352941175 0.6694560669456067 0.37058823529411766 0.6589958158995816 0.3811764705882353 0.6506276150627615 0.41647058823529415 0.6506276150627615 0.4223529411764706 0.6631799163179916 0.4305882352941176 0.6485355648535565 0.43647058823529405 0.6464435146443515 0.45294117647058824 0.6401673640167364 0.4564705882352941 0.6380753138075314 0.4764705882352941 0.6485355648535565 0.4788235294117647 0.6380753138075314 0.4870588235294117 0.6443514644351465 0.49411764705882355 0.6359832635983264 0.5047058823529411 0.6317991631799164 0.5058823529411764 0.6255230125523012 0.4988235294117647 0.6213389121338911 0.5035294117647059 0.6192468619246861 0.5270588235294118 0.6234309623430961 0.5341176470588235
0 0.8514644351464435 0.23647058823529413 0.8514644351464435 0.24352941176470586 0.8619246861924686 0.2447058823529412 0.8556485355648535 0.23411764705882354 0.8430962343096233 0.23294117647058826 0.8410041841004183 0.2376470588235294 0.8514644351464435 0.23647058823529413
0 0.75 0.228125 0.00234375 0.00234375
0 0.7154811715481172 0.9941176470588236 0.7092050209205021 0.9800000000000001 0.700836820083682 0.9800000000000001 0.700836820083682 0.976470588235294 0.698744769874477 0.9811764705882353 0.698744769874477 0.9964705882352941 0.7154811715481172 0.9941176470588236
0 0.70625 0.9703125 0.00234375 0.00234375
0 0.7154811715481172 0.9552941176470588 0.7175732217573222 0.9529411764705882 0.7154811715481172 0.9505882352941176 0.7154811715481172 0.9552941176470588
0 0.4728033472803347 0.9988235294117647 0.5 0.9988235294117647 0.5146443514644352 0.9894117647058824 0.5251046025104602 0.9988235294117647 0.5920502092050209 0.9941176470588236 0.6255230125523012 0.9941176470588236 0.6359832635983264 0.9988235294117647 0.6548117154811715 0.9988235294117647 0.6694560669456067 0.991764705882353 0.6715481171548117 0.9952941176470589 0.6861924686192469 0.9952941176470589 0.6820083682008369 0.9858823529411765 0.6945606694560669 0.9647058823529411 0.6882845188284519 0.9505882352941176 0.6945606694560669 0.9494117647058824 0.6966527196652719 0.9423529411764706 0.6882845188284519 0.9400000000000001 0.6945606694560669 0.931764705882353 0.6820083682008369 0.9270588235294117 0.6882845188284519 0.9199999999999999 0.6778242677824268 0.9282352941176469 0.6610878661087866 0.9270588235294117 0.6589958158995816 0.9388235294117647 0.6506276150627615 0.9423529411764706 0.6443514644351465 0.9352941176470588 0.6213389121338911 0.9258823529411764 0.604602510460251 0.9105882352941176 0.5732217573221756 0.908235294117647 0.5690376569037656 0.9141176470588235 0.5627615062761506 0.9105882352941176 0.5523012552301255 0.9141176470588235 0.5188284518828452 0.8988235294117647 0.4937238493723849 0.8976470588235295 0.48117154811715485 0.9211764705882353 0.4686192468619247 0.9882352941176471 0.4728033472803347 0.9988235294117647
0 0.3263598326359832 0.20470588235294115 0.3284518828451882 0.2 0.3263598326359832 0.19764705882352943 0.3263598326359832 0.20470588235294115
0 0.28984375 0.19140625 0.00234375 0.0046875
0 0.2803347280334728 0.16470588235294117 0.2845188284518828 0.15764705882352942 0.27615062761506276 0.14705882352941174 0.27405857740585776 0.1588235294117647 0.2803347280334728 0.16470588235294117
0 0.3305439330543933 0.12941176470588237 0.32426778242677823 0.1223529411764706 0.3075313807531381 0.13176470588235295 0.29707112970711297 0.12941176470588237 0.303347280334728 0.15176470588235294 0.299163179916318 0.17529411764705882 0.3200836820083682 0.18823529411764706 0.3263598326359832 0.18941176470588234 0.3284518828451882 0.18235294117647058 0.33472803347280333 0.18235294117647058 0.34728033472803344 0.18823529411764706 0.3535564853556485 0.1988235294117647 0.37866108786610875 0.2 0.3953974895397489 0.21176470588235294 0.41631799163179917 0.20470588235294115 0.42259414225941416 0.21058823529411766 0.4330543933054393 0.20941176470588235 0.44142259414225943 0.22000000000000003 0.4581589958158996 0.22470588235294117 0.48117154811715485 0.22588235294117648 0.48326359832635984 0.2223529411764706 0.48953974895397484 0.22705882352941176 0.5 0.22470588235294117 0.5271966527196652 0.23176470588235293 0.6171548117154811 0.23411764705882354 0.6255230125523012 0.2376470588235294 0.6527196652719665 0.2388235294117647 0.6631799163179916 0.2 0.6631799163179916 0.12705882352941175 0.6234309623430961 0.12823529411764706 0.6171548117154811 0.12470588235294118 0.5962343096234309 0.12588235294117647 0.5920502092050209 0.1223529411764706 0.5460251046025104 0.1223529411764706 0.5397489539748953 0.12823529411764706 0.5334728033472803 0.1223529411764706 0.4958158995815899 0.1188235294117647 0.403765690376569 0.1188235294117647 0.39748953974895396 0.11529411764705881 0.3514644351464435 0.11411764705882352 0.33682008368200833 0.12 0.3305439330543933 0.12941176470588237
0 0.6192468619246861 0.9658823529411764 0.610878661087866 0.9635294117647059 0.610878661087866 0.968235294117647 0.6192468619246861 0.9658823529411764
0 0.5836820083682008 0.9611764705882353 0.5836820083682008 0.9552941176470588 0.5794979079497907 0.9564705882352941 0.5753138075313807 0.9658823529411764 0.5836820083682008 0.9611764705882353
0 0.4958158995815899 0.9988235294117647 0.5167364016736402 0.9894117647058824 0.5251046025104602 0.9988235294117647 0.5711297071129706 0.9941176470588236 0.5606694560669456 0.9870588235294118 0.5711297071129706 0.9741176470588234 0.5711297071129706 0.9647058823529411 0.5564853556485355 0.9588235294117646 0.5564853556485355 0.9423529411764706 0.5418410041841004 0.924705882352941 0.5376569037656903 0.908235294117647 0.5188284518828452 0.8988235294117647 0.4958158995815899 0.8952941176470588 0.48744769874476984 0.9 0.47907949790794974 0.9211764705882353 0.4707112970711297 0.9988235294117647 0.4958158995815899 0.9988235294117647
0 0.4728033472803347 0.9988235294117647 0.5 0.9988235294117647 0.5146443514644352 0.991764705882353 0.5251046025104602 0.9988235294117647 0.5439330543933054 0.9988235294117647 0.5523012552301255 0.9952941176470589 0.5815899581589958 0.9988235294117647 0.5941422594142259 0.9941176470588236 0.6569037656903765 0.9988235294117647 0.6631799163179916 0.9905882352941177 0.6820083682008369 0.9988235294117647 0.6945606694560669 0.9929411764705882 0.6966527196652719 0.9964705882352941 0.7384937238493723 0.9941176470588236 0.7154811715481172 0.9788235294117648 0.7217573221757322 0.9647058823529411 0.7217573221757322 0.9494117647058824 0.7133891213389121 0.9447058823529412 0.7175732217573222 0.9352941176470588 0.6945606694560669 0.9141176470588235 0.6778242677824268 0.924705882352941 0.6652719665271967 0.9129411764705881 0.6569037656903765 0.9341176470588236 0.6506276150627615 0.9352941176470588 0.6276150627615062 0.9270588235294117 0.604602510460251 0.9094117647058824 0.5732217573221756 0.9070588235294117 0.5690376569037656 0.9105882352941176 0.5627615062761506 0.908235294117647 0.5523012552301255 0.9117647058823529 0.5209205020920502 0.8988235294117647 0.5 0.8964705882352941 0.48744769874476984 0.9023529411764706 0.48117154811715485 0.9211764705882353 0.4686192468619247 0.9870588235294118 0.4728033472803347 0.9988235294117647
0 0.5703125 0.54609375 0.00234375 0.00234375
0 0.5774058577405857 0.49529411764705883 0.5774058577405857 0.4870588235294117 0.5711297071129706 0.49058823529411766 0.5774058577405857 0.49529411764705883
0 0.610878661087866 0.34705882352941175 0.610878661087866 0.35411764705882354 0.6213389121338911 0.35411764705882354 0.6234309623430961 0.34941176470588237 0.6150627615062761 0.3458823529411765 0.6255230125523012 0.3423529411764706 0.6213389121338911 0.3376470588235294 0.6213389121338911 0.3423529411764706 0.610878661087866 0.34705882352941175
0 0.5703125 0.3109375 0.00234375 0.00234375
0 0.5828125 0.28203125 0.00234375 0.00234375
0 0.57734375 0.2796875 0.00390625 0.0015625
0 0 0.47411764705882353 0.010460251046025104 0.48117647058823526 0 0.4870588235294117 0 0.5341176470588235 0.006276150627615063 0.5376470588235294 0 0.5423529411764706 0.0020920502092050207 0.5847058823529412 0.023012552301255228 0.5905882352941176 0.0815899581589958 0.5847058823529412 0.12552301255230125 0.5952941176470589 0.18619246861924685 0.591764705882353 0.19456066945606693 0.5976470588235294 0.200836820083682 0.5941176470588235 0.23640167364016734 0.608235294117647 0.2824267782426778 0.6011764705882353 0.2866108786610878 0.6047058823529412 0.299163179916318 0.6047058823529412 0.303347280334728 0.6011764705882353 0.3493723849372385 0.6117647058823529 0.3953974895397489 0.6070588235294118 0.4476987447698745 0.6247058823529412 0.4728033472803347 0.6235294117647059 0.5 0.6129411764705882 0.5083682008368201 0.5788235294117647 0.5334728033472803 0.5752941176470588 0.5355648535564853 0.588235294117647 0.5564853556485355 0.5929411764705883 0.5648535564853556 0.5894117647058823 0.5648535564853556 0.5764705882352941 0.5711297071129706 0.5741176470588235 0.5543933054393305 0.5705882352941176 0.5543933054393305 0.5658823529411765 0.5669456066945606 0.5599999999999999 0.5711297071129706 0.5647058823529412 0.5606694560669456 0.5517647058823529 0.5627615062761506 0.5388235294117647 0.5753138075313807 0.536470588235294 0.5794979079497907 0.5317647058823529 0.5815899581589958 0.5141176470588235 0.5732217573221756 0.508235294117647 0.5794979079497907 0.5035294117647059 0.5397489539748953 0.5035294117647059 0.5334728033472803 0.48470588235294115 0.5418410041841004 0.48470588235294115 0.5585774058577406 0.4670588235294118 0.5711297071129706 0.46352941176470586 0.5794979079497907 0.48235294117647054 0.5836820083682008 0.48117647058823526 0.5774058577405857 0.4764705882352941 0.5836820083682008 0.4752941176470588 0.5774058577405857 0.4647058823529412 0.5941422594142259 0.4447058823529412 0.5899581589958158 0.44000000000000006 0.5962343096234309 0.4352941176470588 0.5899581589958158 0.4305882352941176 0.5962343096234309 0.42823529411764705 0.5962343096234309 0.4211764705882353 0.5774058577405857 0.4235294117647059 0.5711297071129706 0.4188235294117647 0.5878661087866108 0.4141176470588235 0.5899581589958158 0.40588235294117647 0.5774058577405857 0.3941176470588235 0.5794979079497907 0.38588235294117645 0.5627615062761506 0.38235294117647056 0.5627615062761506 0.3776470588235294 0.5774058577405857 0.3729411764705882 0.5711297071129706 0.36941176470588233 0.5774058577405857 0.36588235294117644 0.5585774058577406 0.36 0.5585774058577406 0.3529411764705882 0.5690376569037656 0.35058823529411764 0.5669456066945606 0.33999999999999997 0.5774058577405857 0.33647058823529413 0.5836820083682008 0.3388235294117647 0.5878661087866108 0.32823529411764707 0.5585774058577406 0.3070588235294117 0.5648535564853556 0.28117647058823525 0.5523012552301255 0.26705882352941174 0.5251046025104602 0.2564705882352941 0.4958158995815899 0.2529411764705882 0.4728033472803347 0.25882352941176473 0.4623430962343096 0.26588235294117646 0.4435146443514644 0.268235294117647 0.4351464435146443 0.26705882352941174 0.41004184100418406 0.25058823529411767 0.38284518828451886 0.2458823529411765 0.34728033472803344 0.25058823529411767 0.3200836820083682 0.2635294117647059 0.27615062761506276 0.24 0.24686192468619245 0.24 0.21129707112970708 0.2541176470588235 0.19456066945606693 0.2541176470588235 0.1506276150627615 0.23058823529411762 0.09832635983263598 0.23294117647058826 0.0711297071129707 0.2458823529411765 0.04184100418410042 0.22941176470588234 0.006276150627615063 0.22588235294117648 0 0.22705882352941176 0 0.47411764705882353
0 0.5355648535564853 0.13294117647058823 0.5334728033472803 0.12823529411764706 0.5292887029288702 0.12941176470588237 0.5355648535564853 0.13294117647058823
0 0.53046875 0.12265625 0.00234375 0.0015625
0 0.2078125 0.109375 0.00234375 0.00234375
0 0.0041841004184100415 0.1188235294117647 0.008368200836820083 0.10941176470588235 0 0.10705882352941176 0.0041841004184100415 0.1188235294117647
0 0 0.1623529411764706 0.0041841004184100415 0.1952941176470588 0.010460251046025104 0.2011764705882353 0.02092050209205021 0.20235294117647057 0.02092050209205021 0.20941176470588235 0.03347280334728033 0.2011764705882353 0.060669456066945605 0.20470588235294115 0.100418410041841 0.20235294117647057 0.11506276150627615 0.20941176470588235 0.1401673640167364 0.20941176470588235 0.1527196652719665 0.20470588235294115 0.1589958158995816 0.20823529411764707 0.16736401673640167 0.20470588235294115 0.1799163179916318 0.20941176470588235 0.19665271966527195 0.20705882352941174 0.21548117154811716 0.21176470588235294 0.2615062761506276 0.20823529411764707 0.2845188284518828 0.2188235294117647 0.3200836820083682 0.21176470588235294 0.3263598326359832 0.2176470588235294 0.33472803347280333 0.2164705882352941 0.3389121338912134 0.2223529411764706 0.3514644351464435 0.22588235294117648 0.34728033472803344 0.23058823529411762 0.37656903765690375 0.2176470588235294 0.38912133891213385 0.22470588235294117 0.41213389121338906 0.22000000000000003 0.41841004184100417 0.23058823529411762 0.4351464435146443 0.22470588235294117 0.4497907949790795 0.22470588235294117 0.6527196652719665 0.2376470588235294 0.6589958158995816 0.2211764705882353 0.6548117154811715 0.20823529411764707 0.6610878661087866 0.2011764705882353 0.6610878661087866 0.12705882352941175 0.6464435146443515 0.12588235294117647 0.6359832635983264 0.12941176470588237 0.5857740585774058 0.12352941176470589 0.5753138075313807 0.12823529411764706 0.5732217573221756 0.13529411764705884 0.5564853556485355 0.12352941176470589 0.5460251046025104 0.12352941176470589 0.5418410041841004 0.13058823529411764 0.5502092050209205 0.13294117647058823 0.5543933054393305 0.13999999999999999 0.5418410041841004 0.1376470588235294 0.5355648535564853 0.1411764705882353 0.5251046025104602 0.1341176470588235 0.5230125523012552 0.1223529411764706 0.5209205020920502 0.12470588235294118 0.4937238493723849 0.1188235294117647 0.4330543933054393 0.12 0.42677824267782427 0.11647058823529413 0.403765690376569 0.1188235294117647 0.39748953974895396 0.11529411764705881 0.3535564853556485 0.11294117647058824 0.34518828451882844 0.11529411764705881 0.3263598326359832 0.10352941176470587 0.32426778242677823 0.10705882352941176 0.3158995815899582 0.10352941176470587 0.31171548117154807 0.11294117647058824 0.299163179916318 0.11411764705882352 0.2949790794979079 0.12117647058823529 0.27405857740585776 0.12117647058823529 0.2615062761506276 0.12705882352941175 0.24686192468619245 0.12588235294117647 0.23640167364016734 0.11411764705882352 0.22384937238493724 0.12352941176470589 0.21129707112970708 0.12 0.20920502092050208 0.11294117647058824 0.19874476987447698 0.11294117647058824 0.19665271966527195 0.11647058823529413 0.21757322175732216 0.12588235294117647 0.19874476987447698 0.12823529411764706 0.1903765690376569 0.13647058823529412 0.17573221757322174 0.13999999999999999 0.16736401673640167 0.11411764705882352 0.16108786610878661 0.11764705882352941 0.14644351464435146 0.11411764705882352 0.1401673640167364 0.12470588235294118 0.1297071129707113 0.1223529411764706 0.11506276150627615 0.12823529411764706 0.10878661087866108 0.12 0.09623430962343096 0.12823529411764706 0.09623430962343096 0.1188235294117647 0.07740585774058577 0.11764705882352941 0.07322175732217573 0.1223529411764706 0.08368200836820083 0.12823529411764706 0.06694560669456066 0.1376470588235294 0.06276150627615062 0.13529411764705884 0.060669456066945605 0.1411764705882353 0.05230125523012552 0.1388235294117647 0.04811715481171548 0.12470588235294118 0.023012552301255228 0.13176470588235295 0.016736401673640166 0.15764705882352942 0 0.1623529411764706