0 0 0.49749999999999994 0.0037500000000000007 0.4966666666666667 0.010625 0.4833333333333333 0.0225 0.48166666666666663 0.030625000000000003 0.4741666666666666 0.036250000000000004 0.47333333333333333 0.04875 0.4333333333333333 0.058125 0.4216666666666667 0.058125 0.39916666666666667 0.059375 0.39416666666666667 0.06375 0.39 0.06375 0.38666666666666666 0.058750000000000004 0.3808333333333333 0.051250000000000004 0.36416666666666664 0.04625 0.36 0.003125 0.36333333333333334 0 0.36416666666666664 0 0.49749999999999994
0 0.00078125 0.31640625 0.0015625 0.003125
0 0.025625000000000002 0.29500000000000004 0.027500000000000004 0.29333333333333333 0.025625000000000002 0.29 0.023125 0.29 0.025625000000000002 0.29500000000000004
0 0.058125 0.8283333333333334 0.053125 0.8516666666666666 0.051875000000000004 0.8733333333333333 0.04 0.8949999999999999 0.041875 0.9041666666666666 0.045625000000000006 0.9075 0.075 0.9083333333333334 0.098125 0.905 0.10250000000000001 0.9075 0.13187500000000002 0.9025000000000001 0.200625 0.905 0.21625 0.9025000000000001 0.23374999999999999 0.8933333333333333 0.24875000000000003 0.89 0.285625 0.8925000000000001 0.3175 0.89 0.421875 0.8916666666666666 0.4425 0.9008333333333333 0.45562500000000006 0.9025000000000001 0.504375 0.9016666666666666 0.553125 0.9041666666666666 0.568125 0.9075 0.6006250000000001 0.9075 0.610625 0.9066666666666666 0.61375 0.9041666666666666 0.610625 0.8800000000000001 0.6112500000000001 0.8483333333333333 0.609375 0.8241666666666667 0.6050000000000001 0.8033333333333333 0.604375 0.7866666666666666 0.601875 0.7833333333333333 0.52625 0.7783333333333333 0.50125 0.7783333333333333 0.49437500000000006 0.7808333333333334 0.484375 0.775 0.428125 0.7766666666666666 0.36125 0.7716666666666667 0.355625 0.775 0.27687500000000004 0.7725 0.265 0.7758333333333333 0.19937500000000002 0.7733333333333333 0.181875 0.775 0.178125 0.7775 0.165 0.775 0.14500000000000002 0.7775 0.1375 0.775 0.11687499999999999 0.775 0.0925 0.7791666666666667 0.07125000000000001 0.7791666666666667 0.06312500000000001 0.7866666666666666 0.059375 0.8066666666666666 0.058125 0.8283333333333334
0 0.023125 0.3675 0 0.3625 0 0.5275000000000001 0.015000000000000003 0.5225 0.02 0.5183333333333333 0.020625 0.5125 0.015625 0.51 0.0125 0.5025000000000001 0.0125 0.49083333333333334 0.015000000000000003 0.48666666666666664 0.028750000000000005 0.48083333333333333 0.036250000000000004 0.47333333333333333 0.044375000000000005 0.4408333333333333 0.053125 0.425 0.056874999999999995 0.4133333333333333 0.05437500000000001 0.4 0.058750000000000004 0.3883333333333333 0.05 0.37 0.045 0.36916666666666664 0.046875 0.36583333333333334 0.045625000000000006 0.3625 0.03125 0.3625 0.023125 0.3675
0 0.0046875 0.35859375 0.00078125 0.0015625
0 0.025 0.29500000000000004 0.026875 0.29333333333333333 0.025625000000000002 0.2925 0.024375 0.29583333333333334 0.02375 0.3 0.026732954545454546 0.30159090909090913 0.027500000000000004 0.2975 0.025 0.29500000000000004
0 0.025625000000000002 0.3075 0.026651785714285718 0.3020238095238095 0.02375 0.30666666666666664 0.025625000000000002 0.3075
0 0.0125 0.24166666666666664 0.008125 0.24083333333333332 0.008125 0.24583333333333335 0.0125 0.24166666666666664
0 0.0018750000000000004 0.24833333333333335 0 0.2484 0 0.345 0.0025 0.3458333333333333 0.004375 0.35333333333333333 0.005625 0.3416666666666667 0.01875 0.3416666666666667 0.021875 0.3375 0.0225 0.3175 0.02125 0.30666666666666664 0.01625 0.30416666666666664 0.016875 0.29083333333333333 0.010625 0.2758333333333333 0.010625 0.2683333333333333 0.006875000000000001 0.2658333333333333 0.006875000000000001 0.2575 0.0025 0.25083333333333335 0.0018750000000000004 0.24 0 0.24 0.0018750000000000004 0.24833333333333335
0 0.00078125 0.75078125 0.0015625 0.0015625
0 0.00078125 0.7390625 0.0015625 0.00234375
0 0.0018750000000000004 0.7266666666666667 0.00125 0.7208333333333333 0 0.7283333333333333 0.0018750000000000004 0.7266666666666667
0 0.003125 0.7133333333333333 0.00125 0.7091666666666667 0.0025 0.7125 0 0.7141666666666666 0.0018145161290322581 0.715779569892473 0.003125 0.7133333333333333
0 0 0.675 0.005625 0.6716666666666666 0.0018750000000000004 0.6666666666666667 0 0.6666666666666667 0 0.675
0 0.006875000000000001 0.485 0 0.48083333333333333 0.003125 0.4841666666666667 0 0.4850391666666667 0 0.6616666666666666 0.015625 0.6458333333333333 0.019375 0.6275000000000001 0.030000000000000006 0.62 0.036875000000000005 0.6116666666666666 0.04 0.5900000000000001 0.04 0.5691666666666666 0.0475 0.5258333333333333 0.0475 0.5183333333333333 0.043125000000000004 0.5066666666666666 0.02 0.5066666666666666 0.013125000000000001 0.5008333333333332 0.014375000000000002 0.4875 0.018125000000000002 0.48166666666666663 0.02375 0.48 0.0225 0.4766666666666667 0.015625 0.4766666666666667 0.00875 0.48083333333333333 0.006875000000000001 0.485
0 0.00078125 0.42109375 0.0015625 0.00078125
0 0.608125 0.4658333333333333 0.6300000000000001 0.4966666666666667 0.6362500000000001 0.49916666666666665 0.6775 0.495 0.74375 0.49416666666666664 0.75625 0.4916666666666667 0.93 0.48916666666666664 0.94375 0.48583333333333334 0.9525 0.4883333333333333 0.9887500000000001 0.49000000000000005 0.9943750000000001 0.4875 0.9975000000000002 0.4725 0.999375 0.4716666666666667 0.999375 0.4616666666666666 0.9975000000000002 0.4608333333333333 0.9962500000000001 0.44833333333333336 0.9975000000000002 0.42750000000000005 0.999375 0.42666666666666664 0.999375 0.3525 0.993125 0.34833333333333333 0.9793750000000001 0.3525 0.974375 0.35 0.95875 0.35 0.9556250000000001 0.34750000000000003 0.9375 0.3458333333333333 0.9112500000000001 0.34833333333333333 0.883125 0.3466666666666667 0.8700000000000001 0.355 0.8625 0.34750000000000003 0.8481250000000001 0.34750000000000003 0.8243750000000001 0.3516666666666667 0.8168750000000001 0.34833333333333333 0.806875 0.35083333333333333 0.7831250000000001 0.35 0.775625 0.3525 0.7125 0.3516666666666667 0.6875 0.35333333333333333 0.681875 0.35583333333333333 0.659375 0.35583333333333333 0.650625 0.3625 0.655 0.365 0.655625 0.375 0.655 0.4058333333333334 0.6518750000000001 0.4175 0.6525000000000001 0.425 0.635 0.42833333333333334 0.633125 0.43499999999999994 0.629375 0.43916666666666665 0.625 0.44000000000000006 0.6225 0.43583333333333335 0.623125 0.4383333333333333 0.6118750000000001 0.4425 0.6056250000000001 0.45 0.604375 0.4575 0.608125 0.4658333333333333
0 0.9984375 0.26015625 0.0015625 0.00390625
0 0.0675 0.9908333333333333 0.069375 0.9966666666666667 0.10500000000000001 0.9949999999999999 0.110625 0.9991666666666668 0.135 0.9991666666666668 0.13687500000000002 0.9966666666666667 0.150625 0.9974999999999999 0.15750000000000003 0.9949999999999999 0.24937500000000004 0.9941666666666666 0.261875 0.9966666666666667 0.291875 0.9941666666666666 0.303125 0.9991666666666668 0.30875 0.9966666666666667 0.3225 0.9966666666666667 0.32375000000000004 0.9991666666666668 0.3325 0.9991666666666668 0.334375 0.9966666666666667 0.359375 0.9991666666666668 0.36187500000000006 0.9966666666666667 0.374375 0.9949999999999999 0.38375000000000004 0.9966666666666667 0.385625 0.9991666666666668 0.43125 0.9958333333333333 0.43562500000000004 0.9991666666666668 0.45687500000000003 0.9991666666666668 0.4625 0.9958333333333333 0.5018750000000001 0.9941666666666666 0.510625 0.9991666666666668 0.51875 0.9991666666666668 0.521875 0.9958333333333333 0.525625 0.9991666666666668 0.60375 0.9991666666666668 0.60625 0.9958333333333333 0.6 0.9483333333333333 0.5943750000000001 0.9333333333333333 0.591875 0.9141666666666666 0.5806250000000001 0.9133333333333333 0.5743750000000001 0.9191666666666667 0.570625 0.9116666666666667 0.5675000000000001 0.915 0.560625 0.9116666666666667 0.54125 0.9099999999999999 0.529375 0.905 0.495 0.9041666666666666 0.47375 0.9083333333333334 0.45062500000000005 0.9075 0.445625 0.9033333333333333 0.43375 0.9016666666666666 0.41937500000000005 0.8949999999999999 0.390625 0.8925000000000001 0.37625000000000003 0.8949999999999999 0.369375 0.8891666666666665 0.35375 0.8941666666666667 0.321875 0.8916666666666666 0.2975 0.8949999999999999 0.2475 0.8925000000000001 0.21937500000000001 0.9033333333333333 0.20625 0.9116666666666667 0.19875 0.9116666666666667 0.1925 0.9166666666666666 0.183125 0.9116666666666667 0.178125 0.9116666666666667 0.17125 0.9058333333333334 0.12937500000000002 0.9058333333333334 0.12312500000000001 0.9108333333333333 0.11500000000000002 0.9116666666666667 0.1125 0.9141666666666666 0.10250000000000001 0.9133333333333333 0.09875 0.9191666666666667 0.0875 0.9266666666666665 0.080625 0.9458333333333334 0.07250000000000001 0.9908333333333333 0.0675 0.9908333333333333
0 0.00078125 0.94921875 0.0015625 0.0015625
0 0.009375 0.6433333333333333 0 0.6508333333333333 0 0.9158333333333333 0.0018750000000000004 0.9166666666666666 0.015625 0.9158333333333333 0.02375 0.9125 0.03125 0.9033333333333333 0.050624999999999996 0.8675 0.055625 0.8308333333333333 0.053125 0.8133333333333332 0.061250000000000006 0.7791666666666667 0.058125 0.7758333333333333 0.051875000000000004 0.775 0.03875 0.7775 0.035 0.7741666666666667 0.031875 0.7649999999999999 0.055625 0.735 0.065625 0.6883333333333332 0.065625 0.6741666666666666 0.069375 0.6641666666666667 0.06375 0.6483333333333333 0.053125 0.6441666666666667 0.033125 0.6466666666666667 0.018125000000000002 0.6433333333333333 0.01 0.6441666666666667 0.008125 0.6375 0.0075000000000000015 0.6408333333333334 0.009375 0.6433333333333333
0 0.00078125 0.76484375 0.0015625 0.0015625
0 0.0025 0.7508333333333332 0.003125 0.75 0.00125 0.745 0 0.7495833333333334 0.0025 0.7508333333333332
0 0 0.7358333333333333 0.0018750000000000004 0.7391666666666666 0.0018750000000000004 0.7358333333333333 0 0.7358333333333333
0 0 0.7433333333333334 0.0018750000000000004 0.7416666666666667 0.0018750000000000004 0.7391666666666666 0 0.7433333333333334
0 0.0025 0.7166666666666667 0 0.7173333333333333 0 0.7308333333333333 0.005 0.7274999999999999 0.0025 0.7233333333333334 0.0037500000000000007 0.7125 0.00125 0.7083333333333333 0 0.7128333333333333 0.0025 0.7166666666666667
0 0 0.6775 0.0075000000000000015 0.6716666666666666 0.0018750000000000004 0.6658333333333333 0 0.6658333333333333 0 0.6775
0 0.011875 0.365 0 0.36416666666666664 0 0.6608333333333334 0.009375 0.6541666666666667 0.010625 0.6483333333333333 0.015000000000000003 0.6441666666666667 0.01875 0.6275000000000001 0.036250000000000004 0.6125 0.03937500000000001 0.5925 0.04 0.5716666666666667 0.048125 0.5225 0.04625 0.5108333333333334 0.0425 0.505 0.02 0.505 0.015000000000000003 0.5 0.015000000000000003 0.49000000000000005 0.016875 0.4875 0.031875 0.48083333333333333 0.036250000000000004 0.4741666666666666 0.0375 0.4625 0.04375 0.4408333333333333 0.052500000000000005 0.425 0.05625 0.4133333333333333 0.05625 0.40750000000000003 0.052500000000000005 0.4041666666666667 0.05437500000000001 0.40166666666666667 0.052500000000000005 0.38916666666666666 0.05500000000000001 0.38333333333333336 0.053125 0.37333333333333335 0.05 0.37083333333333335 0.03937500000000001 0.37083333333333335 0.035 0.36583333333333334 0.035625000000000004 0.3625 0.028125 0.3625 0.01875 0.3716666666666667 0.011875 0.365
0 0.7362500000000001 0.2375 0.7456250000000001 0.23666666666666666 0.744375 0.2325 0.73875 0.2325 0.7362500000000001 0.2341666666666667 0.7362500000000001 0.2375
0 0.8487500000000001 0.22666666666666666 0.85 0.21833333333333332 0.8412499999999999 0.21916666666666665 0.8375 0.22666666666666666 0.835 0.22666666666666666 0.8418750000000002 0.23166666666666663 0.8487500000000001 0.22666666666666666
0 0.83125 0.21875 0.00078125 0.00234375
0 0.7568750000000001 0.10916666666666666 0.7550000000000001 0.10833333333333332 0.7550000000000001 0.11166666666666666 0.7568750000000001 0.10916666666666666
0 0.758125 0.052500000000000005 0.760625 0.05500000000000001 0.760625 0.05 0.764375 0.05333333333333333 0.76375 0.059166666666666666 0.7675000000000001 0.059166666666666666 0.765625 0.05333333333333333 0.75875 0.04666666666666667 0.75625 0.04666666666666667 0.758125 0.052500000000000005
0 0.625 0.175 0.628125 0.17916666666666667 0.63125 0.17916666666666667 0.6300000000000001 0.18166666666666667 0.634375 0.18583333333333335 0.633125 0.19333333333333333 0.6368750000000001 0.20166666666666666 0.6375 0.21666666666666665 0.640625 0.2225 0.661875 0.22000000000000003 0.67 0.2125 0.670625 0.205 0.6775 0.20083333333333334 0.709375 0.20249999999999999 0.7125 0.19749999999999998 0.715625 0.19666666666666666 0.73375 0.19916666666666666 0.7375 0.19749999999999998 0.7475 0.20083333333333334 0.7550000000000001 0.19749999999999998 0.765625 0.20083333333333334 0.7681250000000001 0.19833333333333333 0.78 0.19833333333333333 0.7825 0.195 0.79375 0.19833333333333333 0.79625 0.195 0.8106250000000002 0.19749999999999998 0.8256249999999999 0.19333333333333333 0.8356250000000001 0.195 0.8418750000000002 0.20083333333333334 0.8474999999999999 0.195 0.865 0.19749999999999998 0.8787499999999999 0.19166666666666668 0.8931250000000001 0.19583333333333333 0.920625 0.19416666666666665 0.9293750000000001 0.2 0.9331250000000001 0.19916666666666666 0.9331250000000001 0.195 0.9425000000000001 0.1925 0.9525 0.195 0.9762500000000001 0.19166666666666668 0.9881250000000001 0.19416666666666665 0.9950000000000001 0.19 0.9950000000000001 0.18 0.9912500000000002 0.17166666666666666 0.9950000000000001 0.16583333333333333 0.99375 0.15416666666666667 0.9956250000000001 0.15083333333333332 0.9975000000000002 0.12583333333333332 0.9962500000000001 0.11083333333333334 0.999375 0.10583333333333333 0.999375 0.10083333333333333 0.990625 0.0875 0.984375 0.09083333333333334 0.9800000000000001 0.09916666666666667 0.9775 0.08499999999999999 0.9700000000000001 0.06583333333333333 0.9631250000000001 0.056666666666666664 0.95625 0.052500000000000005 0.95 0.05416666666666666 0.9418750000000001 0.0625 0.9337500000000001 0.07833333333333334 0.9225 0.08166666666666667 0.8981250000000001 0.07916666666666666 0.8868750000000001 0.08833333333333333 0.88125 0.075 0.8800000000000001 0.06666666666666667 0.874375 0.056666666666666664 0.86875 0.052500000000000005 0.8550000000000001 0.049166666666666664 0.8487500000000001 0.05333333333333333 0.84375 0.06083333333333333 0.8456250000000001 0.06583333333333333 0.8425 0.0725 0.8175000000000001 0.08 0.794375 0.08083333333333334 0.789375 0.08416666666666667 0.786875 0.09416666666666666 0.7837500000000001 0.09583333333333334 0.78 0.09083333333333334 0.78 0.08333333333333334 0.775625 0.0725 0.7731250000000001 0.0725 0.7725000000000001 0.06666666666666667 0.77 0.06666666666666667 0.76875 0.06916666666666667 0.77375 0.07333333333333333 0.771875 0.08416666666666667 0.77625 0.09166666666666666 0.771875 0.09166666666666666 0.7681250000000001 0.095 0.7675000000000001 0.10333333333333332 0.765625 0.10166666666666666 0.7675000000000001 0.10666666666666666 0.76 0.11416666666666667 0.73375 0.11750000000000001 0.7306250000000001 0.1125 0.731875 0.1075 0.7368750000000001 0.1025 0.75125 0.09916666666666667 0.74875 0.095 0.75125 0.09333333333333334 0.75375 0.08416666666666667 0.7418750000000001 0.07833333333333334 0.7375 0.08166666666666667 0.73375 0.07916666666666666 0.7325 0.07416666666666667 0.7256250000000001 0.07083333333333333 0.728125 0.0675 0.724375 0.06416666666666666 0.7237500000000001 0.058333333333333334 0.72 0.06 0.715625 0.056666666666666664 0.7300000000000001 0.04583333333333333 0.738125 0.04666666666666667 0.75375 0.043333333333333335 0.746875 0.03916666666666667 0.7300000000000001 0.03833333333333333 0.71625 0.04666666666666667 0.71625 0.05 0.7100000000000001 0.056666666666666664 0.7106250000000001 0.06166666666666667 0.7081250000000001 0.06333333333333332 0.706875 0.06083333333333333 0.703125 0.06666666666666667 0.7037500000000001 0.07416666666666667 0.7 0.07416666666666667 0.695625 0.08416666666666667 0.685 0.095 0.6831250000000001 0.10333333333333332 0.6681250000000001 0.10916666666666666 0.6612500000000001 0.12666666666666665 0.64875 0.1325 0.6456250000000001 0.14666666666666667 0.6368750000000001 0.1575 0.6368750000000001 0.16 0.64 0.16166666666666668 0.6368750000000001 0.16833333333333333 0.6256250000000001 0.16833333333333333 0.6275000000000001 0.17166666666666666 0.625 0.175
0 0.615 0.8866666666666667 0.618125 0.8983333333333332 0.62375 0.9041666666666666 0.686875 0.9041666666666666 0.721875 0.8983333333333332 0.785 0.8991666666666667 0.8081250000000001 0.8958333333333334 0.82125 0.8883333333333333 0.85625 0.8875 0.869375 0.8841666666666667 0.999375 0.8841666666666667 0.999375 0.8391666666666666 0.9975000000000002 0.8383333333333333 0.9962500000000001 0.8324999999999999 0.9975000000000002 0.8225 0.999375 0.8216666666666667 0.999375 0.8108333333333333 0.9975000000000002 0.8099999999999999 0.9962500000000001 0.8033333333333333 0.99375 0.77 0.9887500000000001 0.7658333333333334 0.953125 0.7666666666666667 0.9262500000000001 0.7633333333333333 0.9087500000000001 0.7675 0.8481250000000001 0.7675 0.8175000000000001 0.7725 0.79 0.7716666666666667 0.7837500000000001 0.7741666666666667 0.7475 0.7741666666666667 0.73375 0.7775 0.6256250000000001 0.7833333333333333 0.62 0.7866666666666666 0.62 0.7966666666666666 0.6162500000000001 0.8099999999999999 0.61375 0.8333333333333334 0.615 0.8866666666666667
0 0.004375 0.345 0.00625 0.3416666666666667 0.01875 0.3408333333333333 0.0225 0.33666666666666667 0.023125 0.3175 0.028125 0.30166666666666664 0.027500000000000004 0.2925 0.030000000000000006 0.2841666666666667 0.030000000000000006 0.2725 0.0325 0.26666666666666666 0.0325 0.255 0.023125 0.23333333333333334 0.013750000000000002 0.22166666666666668 0.011875 0.21333333333333332 0.00125 0.20416666666666666 0 0.3375 0.004375 0.345
0 0 0.1535 0 0.1925 0.01 0.18916666666666665 0.0125 0.185 0.006875000000000001 0.16166666666666668 0.00125 0.14916666666666667 0.0025 0.1525 0 0.1535
0 0.09 0.3591666666666667 0.08937500000000001 0.36 0.08875000000000001 0.36583333333333334 0.09125000000000001 0.37083333333333335 0.0925 0.36583333333333334 0.09 0.3591666666666667
0 0.15 0.34833333333333333 0.14750000000000002 0.3441666666666666 0.145625 0.345 0.14500000000000002 0.34833333333333333 0.15 0.34833333333333333
0 0.2675 0.345 0.261875 0.33916666666666667 0.261875 0.345 0.2675 0.345
0 0.02 0.3383333333333333 0.015625 0.33416666666666667 0.00875 0.335 0.008125 0.3383333333333333 0.02 0.3383333333333333
0 0.0375 0.325 0.035 0.32333333333333336 0.03375 0.32416666666666666 0.0375 0.325
0 0.07875000000000001 0.32 0.0775 0.3091666666666667 0.076875 0.31916666666666665 0.07875000000000001 0.32
0 0.03875 0.3 0.044375000000000005 0.2975 0.04125 0.29500000000000004 0.036250000000000004 0.29583333333333334 0.035625000000000004 0.2975 0.03875 0.3
0 0.025625000000000002 0.19749999999999998 0.033125 0.2058333333333333 0.025 0.21000000000000002 0.034375 0.21416666666666667 0.038125000000000006 0.21916666666666665 0.043125000000000004 0.2375 0.052500000000000005 0.2425 0.05 0.25166666666666665 0.046875 0.2525 0.051250000000000004 0.2533333333333333 0.046875 0.25916666666666666 0.050624999999999996 0.265 0.04375 0.26666666666666666 0.04 0.26166666666666666 0.03937500000000001 0.26416666666666666 0.041875 0.26666666666666666 0.03937500000000001 0.26916666666666667 0.04625 0.2733333333333333 0.048125 0.28250000000000003 0.05375 0.2866666666666667 0.053125 0.29333333333333333 0.04875 0.2975 0.049375 0.30333333333333334 0.051250000000000004 0.3025 0.055625 0.30666666666666664 0.041875 0.31 0.03937500000000001 0.3183333333333333 0.04125 0.325 0.038125000000000006 0.32916666666666666 0.0325 0.32916666666666666 0.026250000000000002 0.335 0.024375 0.3383333333333333 0.027500000000000004 0.3416666666666667 0.019375 0.3441666666666666 0.018125000000000002 0.3491666666666667 0.0225 0.3525 0.02125 0.355 0.025625000000000002 0.35 0.058125 0.35416666666666663 0.06000000000000001 0.36666666666666664 0.06625 0.37333333333333335 0.066875 0.38 0.06875 0.3808333333333333 0.078125 0.38166666666666665 0.083125 0.37583333333333335 0.084375 0.3808333333333333 0.08687500000000001 0.38 0.083125 0.37333333333333335 0.08687500000000001 0.36916666666666664 0.0875 0.36416666666666664 0.085 0.35833333333333334 0.078125 0.35583333333333333 0.080625 0.35083333333333333 0.08687500000000001 0.35333333333333333 0.09187500000000001 0.35083333333333333 0.11687499999999999 0.3491666666666667 0.12000000000000002 0.3466666666666667 0.12250000000000001 0.3375 0.12937500000000002 0.3383333333333333 0.138125 0.3433333333333333 0.14375 0.33666666666666667 0.146875 0.3383333333333333 0.15125000000000002 0.33249999999999996 0.15750000000000003 0.33416666666666667 0.15625 0.3383333333333333 0.16 0.3433333333333333 0.15625 0.34833333333333333 0.15875 0.3466666666666667 0.16062500000000002 0.35 0.16 0.3458333333333333 0.1625 0.3441666666666666 0.165625 0.34750000000000003 0.164375 0.35 0.16625 0.34833333333333333 0.165625 0.34249999999999997 0.17250000000000001 0.34249999999999997 0.176875 0.3491666666666667 0.18875000000000003 0.35 0.195625 0.3458333333333333 0.203125 0.3458333333333333 0.20625 0.3408333333333333 0.22125 0.3408333333333333 0.23000000000000004 0.335 0.2375 0.3375 0.24125000000000002 0.3433333333333333 0.244375 0.3408333333333333 0.246875 0.33166666666666667 0.250625 0.32999999999999996 0.255 0.3358333333333333 0.265 0.3383333333333333 0.26875 0.33166666666666667 0.275625 0.33416666666666667 0.27875 0.32999999999999996 0.2875 0.32999999999999996 0.30562500000000004 0.345 0.314375 0.345 0.31500000000000006 0.3383333333333333 0.3175 0.3358333333333333 0.3275 0.345 0.355625 0.345 0.35875 0.3358333333333333 0.37 0.3358333333333333 0.37375 0.33333333333333337 0.381875 0.33416666666666667 0.38375000000000004 0.33916666666666667 0.39125 0.33999999999999997 0.39 0.34833333333333333 0.39625000000000005 0.34833333333333333 0.398125 0.3458333333333333 0.4 0.3491666666666667 0.40812499999999996 0.34833333333333333 0.405625 0.345 0.409375 0.3408333333333333 0.421875 0.345 0.426875 0.3416666666666667 0.428125 0.3375 0.43062500000000004 0.3375 0.43624999999999997 0.3416666666666667 0.436875 0.34833333333333333 0.44625000000000004 0.3516666666666667 0.484375 0.355 0.5118750000000001 0.35333333333333333 0.5231250000000001 0.35833333333333334 0.529375 0.35583333333333333 0.5362500000000001 0.3575 0.5518750000000001 0.355 0.5525 0.34833333333333333 0.55625 0.34750000000000003 0.55625 0.35416666666666663 0.56125 0.3525 0.575 0.3625 0.6275000000000001 0.3625 0.62625 0.35666666666666663 0.6212500000000001 0.3491666666666667 0.6206250000000001 0.315 0.6168750000000001 0.2891666666666667 0.6162500000000001 0.2658333333333333 0.6118750000000001 0.2575 0.608125 0.255 0.6162500000000001 0.24583333333333335 0.621875 0.22000000000000003 0.630625 0.21333333333333332 0.6318750000000001 0.20666666666666664 0.62625 0.2 0.615 0.19833333333333333 0.6125 0.19583333333333333 0.5987500000000001 0.12416666666666668 0.5925 0.10500000000000001 0.5893750000000001 0.10166666666666666 0.575625 0.0975 0.5631250000000001 0.10083333333333333 0.559375 0.09583333333333334 0.5543750000000001 0.08166666666666667 0.5431250000000001 0.06666666666666667 0.5162500000000001 0.0725 0.5025000000000001 0.06999999999999999 0.49437500000000006 0.08083333333333334 0.490625 0.09416666666666666 0.48375 0.09083333333333334 0.46312500000000006 0.09166666666666666 0.45625 0.07583333333333334 0.44625000000000004 0.06666666666666667 0.440625 0.065 0.4325 0.0725 0.42125 0.07416666666666667 0.41875 0.07666666666666666 0.40375000000000005 0.07416666666666667 0.3975 0.08083333333333334 0.39 0.09583333333333334 0.38375000000000004 0.0875 0.36187500000000006 0.08583333333333333 0.358125 0.09 0.356875 0.08833333333333333 0.36 0.08166666666666667 0.35625 0.07416666666666667 0.34375 0.06416666666666666 0.338125 0.06333333333333332 0.335 0.06999999999999999 0.32937500000000003 0.07333333333333333 0.303125 0.07416666666666667 0.293125 0.08833333333333333 0.28937500000000005 0.10166666666666666 0.27875 0.08499999999999999 0.2675 0.08333333333333334 0.26625 0.075 0.251875 0.06 0.23374999999999999 0.05416666666666666 0.21750000000000003 0.06666666666666667 0.20249999999999999 0.0675 0.19187500000000002 0.09 0.190625 0.10833333333333332 0.1875 0.11083333333333334 0.17875000000000002 0.09083333333333334 0.165625 0.08499999999999999 0.16875 0.08083333333333334 0.16125 0.06999999999999999 0.14875 0.06 0.13 0.058333333333333334 0.11374999999999999 0.0675 0.100625 0.08249999999999999 0.09437500000000001 0.0975 0.090625 0.11499999999999999 0.0925 0.12333333333333334 0.08937500000000001 0.12666666666666665 0.0825 0.11000000000000001 0.081875 0.10166666666666666 0.075 0.095 0.061875 0.095 0.052500000000000005 0.09833333333333333 0.046875 0.10583333333333333 0.045 0.12 0.040625 0.12916666666666668 0.03937500000000001 0.14666666666666667 0.036250000000000004 0.15166666666666667 0.03125 0.1775 0.028125 0.18166666666666667 0.028750000000000005 0.19166666666666668 0.021875 0.19666666666666666 0.021875 0.2 0.025625000000000002 0.19749999999999998
0 0 0.205 0.003125 0.21000000000000002 0.011875 0.21416666666666667 0.013125000000000001 0.2125 0.015625 0.21583333333333332 0.016875 0.21333333333333332 0.003125 0.205 0.00125 0.19916666666666666 0.0018750000000000004 0.2033333333333333 0 0.205
0 0.008125 0.15083333333333332 0.005 0.15083333333333332 0 0.14583333333333331 0 0.155 0.004375 0.1575 0.0037500000000000007 0.16583333333333333 0 0.16833333333333333 0.005 0.17083333333333334 0.003125 0.1775 0.008125 0.18166666666666667 0 0.1925 0.020625 0.18833333333333332 0.025625000000000002 0.18 0.0325 0.1525 0.034375 0.1375 0.025625000000000002 0.12333333333333334 0.023125 0.13 0.01875 0.12666666666666665 0.01625 0.13083333333333333 0.011875 0.1325 0.010625 0.14750000000000002 0.008125 0.15083333333333332
0 0.00625 0.1109375 0.0015625 0.003125
0 0.6125 0.24765625 0.00078125 0.00078125
0 0.31812500000000005 0.22583333333333333 0.31875 0.22333333333333333 0.315625 0.2225 0.31500000000000006 0.22416666666666668 0.31812500000000005 0.22583333333333333
0 0.42312500000000003 0.21666666666666665 0.41937500000000005 0.21583333333333332 0.42062499999999997 0.21833333333333332 0.42312500000000003 0.21666666666666665
0 0.009375 0.30666666666666664 0.011875 0.3175 0.01125 0.3283333333333333 0.005 0.33416666666666667 0.006875000000000001 0.33916666666666667 0.010625 0.3416666666666667 0.01 0.355 0.015625 0.35833333333333334 0.051250000000000004 0.35666666666666663 0.06312500000000001 0.38 0.07062500000000001 0.38333333333333336 0.09187500000000001 0.38166666666666665 0.0975 0.3591666666666667 0.10124999999999999 0.355 0.108125 0.35333333333333333 0.12625000000000003 0.35 0.148125 0.35416666666666663 0.155625 0.35833333333333334 0.16125 0.3675 0.16875 0.365 0.17312500000000003 0.37 0.18875000000000003 0.37083333333333335 0.1925 0.3625 0.1925 0.35833333333333334 0.18937500000000002 0.355 0.19437500000000002 0.35083333333333333 0.244375 0.3491666666666667 0.2475 0.345 0.261875 0.3491666666666667 0.29375 0.3458333333333333 0.295625 0.34833333333333333 0.31062500000000004 0.35083333333333333 0.34937500000000005 0.35083333333333333 0.37625000000000003 0.345 0.37875000000000003 0.34833333333333333 0.39625000000000005 0.3516666666666667 0.42062499999999997 0.35083333333333333 0.43187500000000006 0.345 0.4375 0.35416666666666663 0.46687500000000004 0.35833333333333334 0.5018750000000001 0.35666666666666663 0.51 0.36083333333333334 0.5225000000000001 0.3625 0.5575 0.36 0.565625 0.365 0.58125 0.3683333333333333 0.5900000000000001 0.36416666666666664 0.62625 0.36666666666666664 0.63125 0.3625 0.6225 0.34833333333333333 0.621875 0.31 0.6162500000000001 0.26166666666666666 0.60625 0.2558333333333333 0.6056250000000001 0.24916666666666668 0.591875 0.25 0.5875 0.2425 0.58625 0.23333333333333334 0.5800000000000001 0.22583333333333333 0.56625 0.22000000000000003 0.553125 0.22166666666666668 0.5325 0.2375 0.536875 0.2425 0.535625 0.24666666666666667 0.5331250000000001 0.24416666666666664 0.525 0.24916666666666668 0.504375 0.24916666666666668 0.5 0.2425 0.5 0.2308333333333333 0.496875 0.22833333333333333 0.496875 0.2225 0.49250000000000005 0.21666666666666665 0.47000000000000003 0.21083333333333334 0.4525 0.21083333333333334 0.449375 0.20666666666666664 0.44000000000000006 0.21416666666666667 0.43562500000000004 0.21333333333333332 0.44312500000000005 0.21583333333333332 0.44625000000000004 0.22166666666666668 0.43624999999999997 0.23666666666666666 0.43562500000000004 0.23333333333333334 0.4325 0.24333333333333332 0.416875 0.24166666666666664 0.4175 0.23666666666666666 0.4125 0.23166666666666663 0.4175 0.22666666666666666 0.41625000000000006 0.22083333333333335 0.389375 0.20833333333333334 0.356875 0.20916666666666667 0.35250000000000004 0.22333333333333333 0.34375 0.2341666666666667 0.34187500000000004 0.24 0.3225 0.23916666666666667 0.316875 0.23666666666666666 0.313125 0.2308333333333333 0.313125 0.2225 0.30062500000000003 0.20916666666666667 0.2875 0.20916666666666667 0.27875 0.21416666666666667 0.26812500000000006 0.2125 0.26125000000000004 0.22083333333333335 0.259375 0.2375 0.2575 0.23916666666666667 0.255 0.23666666666666666 0.24875000000000003 0.24166666666666664 0.22062500000000002 0.24 0.21125000000000002 0.21749999999999997 0.20625 0.21083333333333334 0.17750000000000002 0.21000000000000002 0.170625 0.21416666666666667 0.15875 0.23916666666666667 0.15750000000000003 0.24666666666666667 0.146875 0.24333333333333332 0.12312500000000001 0.2425 0.121875 0.23166666666666663 0.11625 0.2225 0.10562500000000001 0.21583333333333332 0.09125000000000001 0.21666666666666665 0.08125 0.22583333333333333 0.0775 0.24 0.0675 0.2633333333333333 0.06000000000000001 0.25 0.048125 0.24833333333333335 0.03937500000000001 0.25166666666666665 0.034375 0.2633333333333333 0.03375 0.27666666666666667 0.030625000000000003 0.2841666666666667 0.03125 0.29583333333333334 0.026250000000000002 0.30666666666666664 0.026250000000000002 0.31416666666666665 0.0225 0.32083333333333336 0.01875 0.32 0.015000000000000003 0.31416666666666665 0.01625 0.31 0.011875 0.29416666666666663 0.0125 0.2975 0.010625 0.2991666666666667 0.008125 0.29416666666666663 0.006875000000000001 0.29583333333333334 0.0125 0.30166666666666664 0.009375 0.30666666666666664
0 0.46125 0.20666666666666664 0.458125 0.2058333333333333 0.459375 0.20833333333333334 0.46125 0.20666666666666664
0 0.313125 0.20750000000000002 0.31375000000000003 0.21083333333333334 0.31875 0.21000000000000002 0.31062500000000004 0.2033333333333333 0.31 0.2058333333333333 0.313125 0.20750000000000002
0 0.490625 0.79296875 0.00078125 0.00078125
0 0.27890625 0.78203125 0.00078125 0.00234375
0 0.4703125 0.778125 0.0015625 0.0015625
0 0.4600000000000001 0.7833333333333333 0.465625 0.78 0.4625 0.7766666666666666 0.45625 0.7791666666666667 0.4600000000000001 0.7833333333333333
0 0.45062500000000005 0.7791666666666667 0.45 0.7766666666666666 0.446875 0.7783333333333333 0.44625000000000004 0.7825 0.45062500000000005 0.7791666666666667
0 0.05437500000000001 0.7458333333333333 0.051250000000000004 0.7508333333333332 0.044375000000000005 0.7533333333333333 0.0375 0.7625 0.03937500000000001 0.7683333333333333 0.04625 0.7725 0.066875 0.775 0.195 0.7733333333333333 0.20625 0.7683333333333333 0.22687500000000002 0.7725 0.26937500000000003 0.7733333333333333 0.2725 0.7708333333333333 0.28875 0.7708333333333333 0.290625 0.7741666666666667 0.28937500000000005 0.7825 0.29375 0.7833333333333333 0.296875 0.7791666666666667 0.29937500000000006 0.7825 0.30875 0.7849999999999999 0.31375000000000003 0.7908333333333333 0.314375 0.7875 0.3175 0.7858333333333334 0.32062500000000005 0.7716666666666667 0.34875 0.7725 0.359375 0.7691666666666667 0.39187500000000003 0.7716666666666667 0.39937500000000004 0.7808333333333334 0.40437500000000004 0.7808333333333334 0.405625 0.7741666666666667 0.4131250000000001 0.7725 0.47375 0.7741666666666667 0.4756250000000001 0.7783333333333333 0.471875 0.7825 0.47750000000000004 0.7816666666666666 0.48375 0.7866666666666666 0.49250000000000005 0.7891666666666667 0.495 0.7883333333333333 0.49750000000000005 0.7791666666666667 0.5018750000000001 0.7766666666666666 0.516875 0.7758333333333333 0.5787500000000001 0.7816666666666666 0.584375 0.7791666666666667 0.6125 0.78 0.6175 0.7733333333333333 0.6168750000000001 0.7608333333333334 0.6100000000000001 0.7433333333333334 0.609375 0.7325 0.603125 0.7108333333333333 0.5956250000000001 0.6916666666666667 0.5856250000000001 0.6849999999999999 0.5806250000000001 0.6775 0.578125 0.6683333333333333 0.5743750000000001 0.6649999999999999 0.5775 0.6491666666666667 0.57125 0.6433333333333333 0.5431250000000001 0.6441666666666667 0.515625 0.6383333333333333 0.50125 0.6383333333333333 0.49375 0.6416666666666667 0.47875000000000006 0.6391666666666667 0.44875 0.64 0.4287500000000001 0.6325000000000001 0.41125 0.6308333333333334 0.39625000000000005 0.6316666666666666 0.390625 0.635 0.37625000000000003 0.635 0.36312500000000003 0.63 0.30375 0.6308333333333334 0.29375 0.6358333333333334 0.28687500000000005 0.6341666666666667 0.283125 0.6366666666666666 0.27437500000000004 0.6316666666666666 0.2325 0.6316666666666666 0.2125 0.6366666666666666 0.203125 0.6458333333333333 0.19625 0.64 0.174375 0.64 0.164375 0.6433333333333333 0.14750000000000002 0.6391666666666667 0.12125000000000001 0.6391666666666667 0.11000000000000001 0.6483333333333333 0.11000000000000001 0.6541666666666667 0.10562500000000001 0.6666666666666667 0.085 0.6591666666666667 0.07375000000000001 0.67 0.07 0.6766666666666666 0.061875 0.72 0.05437500000000001 0.7458333333333333
0 0 0.3625 0 0.6483333333333333 0.0075000000000000015 0.6475 0.015625 0.6366666666666666 0.013125000000000001 0.63 0.028750000000000005 0.6183333333333334 0.036250000000000004 0.6083333333333333 0.03875 0.5766666666666667 0.0475 0.5241666666666667 0.04625 0.5125 0.0425 0.5058333333333334 0.020625 0.505 0.015625 0.5008333333333332 0.014375000000000002 0.495 0.016875 0.4875 0.035 0.47833333333333333 0.045 0.4416666666666667 0.05750000000000001 0.4166666666666667 0.05625 0.39916666666666667 0.058125 0.38333333333333336 0.05437500000000001 0.37333333333333335 0.0475 0.3625 0.028750000000000005 0.3616666666666667 0.02 0.365 0 0.3625
0 0.0025 0.3175 0.00125 0.3075 0 0.32 0.0025 0.3175
0 0.0125 0.240625 0.00078125 0.0015625
0 0.6012500000000001 0.9400000000000001 0.6112500000000001 0.9949999999999999 0.61375 0.9991666666666668 0.6587500000000001 0.9991666666666668 0.664375 0.9949999999999999 0.716875 0.9966666666666667 0.718125 0.9991666666666668 0.725 0.9991666666666668 0.7306250000000001 0.9958333333333333 0.75875 0.9941666666666666 0.7618750000000001 0.9908333333333333 0.7862500000000001 0.9966666666666667 0.7875 0.9991666666666668 0.798125 0.9991666666666668 0.7993750000000001 0.9966666666666667 0.8331250000000001 0.9991666666666668 0.835 0.9966666666666667 0.85 0.9941666666666666 0.8625 0.9941666666666666 0.8712500000000001 0.9966666666666667 0.8724999999999999 0.9991666666666668 0.889375 0.9991666666666668 0.890625 0.9966666666666667 0.94375 0.9949999999999999 0.9487500000000001 0.9925 0.9575000000000001 0.9949999999999999 0.9943750000000001 0.9966666666666667 0.999375 0.9916666666666666 0.999375 0.9783333333333333 0.9975000000000002 0.9775 0.999375 0.9683333333333334 0.996875 0.9633333333333333 0.999375 0.96 0.999375 0.925 0.996875 0.9216666666666666 0.9975000000000002 0.915 0.999375 0.9141666666666666 0.999375 0.8891666666666665 0.9925 0.8866666666666667 0.9543750000000001 0.885 0.9356250000000002 0.8858333333333333 0.92875 0.8891666666666665 0.91875 0.8858333333333333 0.8668750000000001 0.8866666666666667 0.840625 0.8925000000000001 0.8200000000000001 0.89 0.81125 0.8966666666666667 0.790625 0.9008333333333333 0.7862500000000001 0.9058333333333334 0.7706250000000001 0.9025000000000001 0.7550000000000001 0.9025000000000001 0.748125 0.905 0.744375 0.9025000000000001 0.72 0.9008333333333333 0.703125 0.9033333333333333 0.69625 0.9075 0.67125 0.9066666666666666 0.6612500000000001 0.9099999999999999 0.621875 0.9091666666666667 0.6125 0.9141666666666666 0.6006250000000001 0.915 0.599375 0.9258333333333333 0.6012500000000001 0.9400000000000001
0 0.0125 0.805 0.01125 0.7991666666666666 0.010625 0.8074999999999999 0.0125 0.805
0 0 0.6425 0 0.7858333333333334 0.006875000000000001 0.7858333333333334 0.014375000000000002 0.7825 0.026250000000000002 0.7608333333333334 0.03375 0.7591666666666667 0.05437500000000001 0.7375 0.061875 0.7108333333333333 0.066875 0.6766666666666666 0.07125000000000001 0.6675 0.07125000000000001 0.6616666666666666 0.066875 0.65 0.056874999999999995 0.6433333333333333 0.026250000000000002 0.645 0.015625 0.6408333333333334 0.014375000000000002 0.6325000000000001 0.003125 0.6333333333333333 0.0025 0.64 0 0.6425
0 0.01171875 0.61640625 0.00078125 0.00234375
0 0.036250000000000004 0.5933333333333334 0.035 0.5941666666666666 0.035625000000000004 0.6 0.036250000000000004 0.5933333333333334
0 0.006875000000000001 0.5216666666666667 0 0.5266666666666666 0 0.5452383333333333 0.003125 0.5491666666666666 0 0.5498808333333333 0 0.5591666666666667 0.005625 0.5533333333333333 0.00625 0.5491666666666666 0.010625 0.5525 0.005625 0.5591666666666667 0.015000000000000003 0.5591666666666667 0.01625 0.5716666666666667 0.015625 0.5758333333333333 0.013125000000000001 0.5775 0.015625 0.5791666666666667 0.0175 0.5866666666666667 0.02375 0.5916666666666667 0.021875 0.5983333333333334 0.023125 0.6016666666666667 0.027500000000000004 0.6025 0.028750000000000005 0.5916666666666667 0.036250000000000004 0.5908333333333333 0.036875000000000005 0.5808333333333333 0.03937500000000001 0.58 0.043125000000000004 0.5658333333333333 0.049375 0.5241666666666667 0.046875 0.5083333333333333 0.043125000000000004 0.5041666666666667 0.0037500000000000007 0.5041666666666667 0.00125 0.5008333333333332 0 0.515 0.006875000000000001 0.5216666666666667
0 0.013125000000000001 0.49083333333333334 0.010625 0.49083333333333334 0.011875 0.49833333333333335 0.013125000000000001 0.49083333333333334
0 0.02375 0.48083333333333333 0.021875 0.4791666666666667 0.020625 0.48083333333333333 0.02375 0.48083333333333333
0 0.0018750000000000004 0.3375 0.004375 0.35083333333333333 0.006875000000000001 0.34249999999999997 0.01875 0.3416666666666667 0.0225 0.3383333333333333 0.02375 0.31666666666666665 0.029375000000000002 0.30083333333333334 0.034375 0.25666666666666665 0.03125 0.24500000000000002 0.031875 0.24083333333333332 0.027500000000000004 0.2375 0.030625000000000003 0.22749999999999998 0.026250000000000002 0.22333333333333333 0.01875 0.22333333333333333 0.014375000000000002 0.22000000000000003 0.00125 0.205 0 0.33666666666666667 0.0018750000000000004 0.3375
0 0.003125 0.1825 0.003125 0.17166666666666666 0.005625 0.16583333333333333 0.00125 0.15 0 0.18833333333333332 0.003125 0.1825
0 0 0.21000000000000002 0.008125 0.215 0.011875 0.21333333333333332 0.00125 0.20249999999999999 0.0025 0.2058333333333333 0 0.21000000000000002
0 0 0.12416666666666668 0 0.12916666666666668 0.003125 0.13166666666666665 0.003125 0.13999999999999999 0 0.14250000000000002 0 0.19333333333333333 0.00625 0.19 0.016875 0.18916666666666665 0.0225 0.1825 0.025625000000000002 0.1775 0.026250000000000002 0.16833333333333333 0.0325 0.14750000000000002 0.0325 0.13916666666666666 0.029375000000000002 0.1325 0.01875 0.13083333333333333 0.011875 0.13333333333333333 0.005625 0.11583333333333332 0.005 0.1075 0.003125 0.1125 0.003125 0.12166666666666666 0 0.12416666666666668
0 0.785625 0.6575 0.79375 0.6541666666666667 0.795 0.6508333333333333 0.7931250000000001 0.6466666666666667 0.789375 0.6466666666666667 0.78 0.6533333333333333 0.779375 0.6575 0.785625 0.6575
0 0.624375 0.6316666666666666 0.62875 0.6366666666666666 0.7037500000000001 0.6383333333333333 0.71125 0.635 0.743125 0.6333333333333333 0.771875 0.6375 0.7875 0.635 0.796875 0.6391666666666667 0.8043750000000001 0.6341666666666667 0.815625 0.6341666666666667 0.840625 0.6283333333333333 0.9887500000000001 0.6258333333333332 0.9962500000000001 0.6233333333333333 0.9962500000000001 0.6066666666666667 0.999375 0.6033333333333333 0.9962500000000001 0.595 0.9962500000000001 0.5916666666666667 0.999375 0.5900000000000001 0.999375 0.5583333333333333 0.9975000000000002 0.5575 0.999375 0.55 0.996875 0.5483333333333333 0.996875 0.5316666666666666 0.999375 0.53 0.999375 0.49749999999999994 0.9943750000000001 0.4925 0.9693750000000001 0.49416666666666664 0.9606250000000001 0.49083333333333334 0.93625 0.49000000000000005 0.93125 0.4925 0.89 0.4925 0.883125 0.495 0.86625 0.4916666666666667 0.8400000000000001 0.49416666666666664 0.8175000000000001 0.4925 0.7987500000000001 0.49333333333333335 0.79375 0.4966666666666667 0.7575000000000001 0.49416666666666664 0.748125 0.49749999999999994 0.709375 0.4966666666666667 0.704375 0.5 0.696875 0.49749999999999994 0.6681250000000001 0.4966666666666667 0.6612500000000001 0.5008333333333332 0.633125 0.5008333333333332 0.630625 0.5033333333333333 0.62875 0.5166666666666667 0.6256250000000001 0.5216666666666667 0.62375 0.5466666666666666 0.61875 0.5666666666666667 0.61875 0.6183333333333334 0.624375 0.6316666666666666
0 0.190625 0.35833333333333334 0.19375 0.3575 0.19312500000000002 0.355 0.19 0.355 0.18875000000000003 0.35666666666666663 0.190625 0.35833333333333334
0 0.06312500000000001 0.4141666666666667 0.06312500000000001 0.425 0.056874999999999995 0.42666666666666664 0.04875 0.43583333333333335 0.04125 0.4583333333333333 0.0375 0.48083333333333333 0.02125 0.49416666666666664 0.0225 0.5008333333333332 0.053125 0.5016666666666667 0.115625 0.495 0.16125 0.4958333333333333 0.3 0.49083333333333334 0.3225 0.49333333333333335 0.38312500000000005 0.4925 0.39937500000000004 0.4958333333333333 0.48812500000000003 0.4966666666666667 0.52125 0.5025000000000001 0.5806250000000001 0.5041666666666667 0.60375 0.5091666666666667 0.619375 0.5066666666666666 0.623125 0.5016666666666667 0.62 0.49083333333333334 0.606875 0.47333333333333333 0.591875 0.4625 0.58625 0.45166666666666666 0.5800000000000001 0.425 0.5825 0.40166666666666667 0.575 0.3933333333333333 0.5787500000000001 0.38 0.5831250000000001 0.37333333333333335 0.58125 0.3683333333333333 0.578125 0.3675 0.5675000000000001 0.3683333333333333 0.5518750000000001 0.36416666666666664 0.5268750000000001 0.365 0.5050000000000001 0.36083333333333334 0.490625 0.3625 0.4875 0.3591666666666667 0.449375 0.36 0.42000000000000004 0.3525 0.4 0.35583333333333333 0.37312500000000004 0.3516666666666667 0.36625 0.35416666666666663 0.35875 0.3516666666666667 0.30625 0.3516666666666667 0.3 0.35416666666666663 0.27875 0.3516666666666667 0.275625 0.35416666666666663 0.26875 0.35083333333333333 0.24312500000000004 0.35083333333333333 0.20125 0.355 0.19875 0.3591666666666667 0.19625 0.37416666666666665 0.1925 0.3683333333333333 0.18625 0.37583333333333335 0.18875000000000003 0.38 0.1925 0.37666666666666665 0.19312500000000002 0.3808333333333333 0.190625 0.38416666666666666 0.18375000000000002 0.38416666666666666 0.170625 0.38333333333333336 0.16812500000000002 0.38 0.17125 0.37666666666666665 0.169375 0.3725 0.15750000000000003 0.37 0.15 0.3591666666666667 0.1275 0.35583333333333333 0.1125 0.36083333333333334 0.103125 0.3725 0.099375 0.38416666666666666 0.09437500000000001 0.39 0.0775 0.3883333333333333 0.06375 0.3933333333333333 0.059375 0.3975 0.059375 0.40499999999999997 0.06312500000000001 0.4141666666666667
0 0.005 0.4916666666666667 0 0.4841666666666667 0 0.6491666666666667 0.004375 0.65 0.015000000000000003 0.6425 0.018125000000000002 0.635 0.016875 0.63 0.020625 0.625 0.029375000000000002 0.62 0.0375 0.6091666666666666 0.04 0.5716666666666667 0.048125 0.5241666666666667 0.04625 0.5108333333333334 0.043125000000000004 0.5058333333333334 0.020625 0.5066666666666666 0.0125 0.5008333333333332 0.013125000000000001 0.495 0.02375 0.48 0.019375 0.47833333333333333 0.018125000000000002 0.48166666666666663 0.015625 0.47750000000000004 0.010625 0.48166666666666663 0.005 0.4916666666666667
0 0 0.9949999999999999 0.004375 0.9991666666666668 0.053125 0.9991666666666668 0.06000000000000001 0.9941666666666666 0.06625 0.9808333333333333 0.07062500000000001 0.9766666666666666 0.07625000000000001 0.9608333333333332 0.08 0.9416666666666667 0.08125 0.9208333333333334 0.0775 0.915 0.044375000000000005 0.9125 0.0325 0.905 0.029375000000000002 0.9083333333333334 0.025625000000000002 0.9075 0.016875 0.9158333333333333 0.003125 0.9183333333333333 0 0.9225 0 0.9949999999999999
0 0.7568750000000001 0.10916666666666666 0.7550000000000001 0.10833333333333332 0.755625 0.11083333333333334 0.7568750000000001 0.10916666666666666
0 0.62875 0.31416666666666665 0.629375 0.34249999999999997 0.6318750000000001 0.34833333333333333 0.639375 0.3525 0.6825 0.34833333333333333 0.6831250000000001 0.33999999999999997 0.68875 0.33666666666666667 0.6993750000000001 0.3408333333333333 0.700625 0.34833333333333333 0.71125 0.3458333333333333 0.7225 0.3491666666666667 0.744375 0.34750000000000003 0.748125 0.3375 0.759375 0.3383333333333333 0.7618750000000001 0.335 0.76875 0.33999999999999997 0.7725000000000001 0.33916666666666667 0.7775000000000001 0.3441666666666666 0.8106250000000002 0.3433333333333333 0.820625 0.3375 0.82875 0.3375 0.83125 0.335 0.835 0.335 0.8387500000000001 0.345 0.85 0.34249999999999997 0.89125 0.34249999999999997 0.8975 0.3416666666666667 0.900625 0.33249999999999996 0.9043750000000002 0.33416666666666667 0.90625 0.3383333333333333 0.9099999999999999 0.3383333333333333 0.915 0.33416666666666667 0.920625 0.34249999999999997 0.9387500000000001 0.3416666666666667 0.9425000000000001 0.3375 0.9556250000000001 0.3358333333333333 0.961875 0.3383333333333333 0.9625 0.3416666666666667 0.9862500000000001 0.34249999999999997 0.9887500000000001 0.3283333333333333 0.9943750000000001 0.3225 0.9943750000000001 0.30333333333333334 0.9918750000000001 0.3 0.9943750000000001 0.2966666666666667 0.9925 0.2891666666666667 0.9956250000000001 0.2816666666666666 0.9956250000000001 0.2683333333333333 0.993125 0.2625 0.9943750000000001 0.26166666666666666 0.9875 0.25833333333333336 0.9868750000000001 0.25083333333333335 0.9806250000000001 0.2325 0.978125 0.22999999999999998 0.9825000000000002 0.21416666666666667 0.984375 0.21583333333333332 0.9875 0.21000000000000002 0.9912500000000002 0.21000000000000002 0.9893750000000001 0.2058333333333333 0.99 0.19916666666666666 0.9950000000000001 0.19083333333333333 0.9943750000000001 0.175 0.999375 0.0925 0.99 0.09 0.984375 0.09416666666666666 0.9818750000000002 0.11000000000000001 0.9800000000000001 0.11083333333333334 0.9737500000000001 0.075 0.9662500000000002 0.06166666666666667 0.95625 0.05333333333333333 0.951875 0.05333333333333333 0.93 0.08 0.921875 0.08416666666666667 0.915625 0.08166666666666667 0.89625 0.08166666666666667 0.8856250000000001 0.09083333333333334 0.8800000000000001 0.06916666666666667 0.8724999999999999 0.056666666666666664 0.8675 0.05333333333333333 0.8556250000000001 0.052500000000000005 0.853125 0.05333333333333333 0.853125 0.057499999999999996 0.849375 0.06166666666666667 0.8450000000000001 0.06 0.846875 0.06583333333333333 0.8425 0.0725 0.82125 0.08083333333333334 0.79625 0.08166666666666667 0.79125 0.08416666666666667 0.7837500000000001 0.10166666666666666 0.780625 0.0975 0.78 0.08583333333333333 0.77625 0.07416666666666667 0.7725000000000001 0.0725 0.7725000000000001 0.0675 0.77 0.0675 0.77625 0.0925 0.7681250000000001 0.09333333333333334 0.7662500000000001 0.095 0.7681250000000001 0.09833333333333333 0.765625 0.10166666666666666 0.7731250000000001 0.1125 0.769375 0.11666666666666667 0.76375 0.11166666666666666 0.76 0.11166666666666666 0.758125 0.11416666666666667 0.7475 0.11416666666666667 0.73375 0.11833333333333333 0.7300000000000001 0.11666666666666667 0.7306250000000001 0.11000000000000001 0.7375 0.10333333333333332 0.748125 0.09916666666666667 0.7462500000000001 0.09416666666666666 0.7518750000000001 0.09166666666666666 0.75375 0.08416666666666667 0.74375 0.08666666666666667 0.7412500000000001 0.07916666666666666 0.7418750000000001 0.08499999999999999 0.7350000000000001 0.08583333333333333 0.734375 0.08083333333333334 0.7306250000000001 0.0775 0.731875 0.07416666666666667 0.729375 0.07333333333333333 0.7275 0.0675 0.7206250000000001 0.06416666666666666 0.71625 0.058333333333333334 0.71375 0.06333333333333332 0.71375 0.0725 0.709375 0.0725 0.706875 0.07833333333333334 0.7025 0.07916666666666666 0.70125 0.0775 0.7037500000000001 0.075 0.703125 0.0725 0.696875 0.08166666666666667 0.6987500000000001 0.08583333333333333 0.6881250000000001 0.09583333333333334 0.685625 0.10416666666666667 0.6681250000000001 0.11083333333333334 0.665 0.12333333333333334 0.6612500000000001 0.12833333333333333 0.650625 0.1325 0.6475000000000001 0.145 0.6412500000000001 0.155 0.6375 0.16666666666666669 0.64 0.17833333333333332 0.63875 0.1875 0.635625 0.1925 0.638125 0.21083333333333334 0.6362500000000001 0.2341666666666667 0.640625 0.24416666666666664 0.635625 0.255 0.634375 0.2725 0.630625 0.2783333333333333 0.6318750000000001 0.29333333333333333 0.62875 0.31416666666666665
0 0.76375 0.05416666666666666 0.7625 0.057499999999999996 0.765625 0.06 0.765625 0.05500000000000001 0.7618750000000001 0.05 0.760625 0.05166666666666666 0.76 0.05333333333333333 0.76375 0.05416666666666666
0 0.72 0.052500000000000005 0.72875 0.045 0.7525000000000001 0.043333333333333335 0.7462500000000001 0.043333333333333335 0.7462500000000001 0.04 0.744375 0.03916666666666667 0.73375 0.03833333333333333 0.726875 0.04 0.7175 0.04666666666666667 0.716875 0.05166666666666666 0.72 0.052500000000000005
0 0.004375 0.2758333333333333 0 0.2816666666666666 0 0.28500000000000003 0.008125 0.28833333333333333 0.010625 0.28250000000000003 0.0075000000000000015 0.2791666666666667 0.0075000000000000015 0.26916666666666667 0.00125 0.2633333333333333 0 0.2725 0.004375 0.2758333333333333
0 0.005 0.2475 0.01125 0.22666666666666666 0.0125 0.21333333333333332 0.00125 0.20083333333333334 0 0.24500000000000002 0.005 0.2475
0 0 0.14583333333333331 0 0.19416666666666665 0.01625 0.1875 0.00625 0.15333333333333332 0.008125 0.14916666666666667 0.00625 0.14666666666666667 0.008125 0.14416666666666667 0.005 0.14250000000000002 0.004375 0.14666666666666667 0 0.14583333333333331
0 0.004375 0.11750000000000001 0.004375 0.12083333333333332 0.0037500000000000007 0.12166666666666666 0.00625 0.12166666666666666 0.004375 0.11750000000000001
0 0.0037500000000000007 0.12166666666666666 0 0.12666666666666665 0.00625 0.12583333333333332 0.0037500000000000007 0.12416666666666668 0.0037500000000000007 0.12166666666666666
0 0.590625 0.2058333333333333 0.588125 0.20083333333333334 0.5831250000000001 0.19916666666666666 0.58375 0.2058333333333333 0.590625 0.2058333333333333
0 0.57109375 0.1921875 0.00078125 0.00078125
0 0.5640625 0.1921875 0.0015625 0.00078125
0 0.48125 0.195 0.4800000000000001 0.19166666666666668 0.479375 0.19583333333333333 0.48125 0.195
0 0.38375000000000004 0.1925 0.38375000000000004 0.18666666666666668 0.38125 0.18666666666666668 0.38 0.18833333333333332 0.38375000000000004 0.1925
0 0.60375 0.1925 0.6050000000000001 0.18833333333333332 0.6025 0.185 0.598125 0.185 0.5962500000000001 0.1925 0.60375 0.1925
0 0.11875 0.18515625 0.0015625 0.00078125
0 0.075 0.185 0.07312500000000001 0.18166666666666667 0.06875 0.18166666666666667 0.06625 0.185 0.075 0.185
0 0.273125 0.17833333333333332 0.271875 0.17666666666666667 0.27125000000000005 0.17833333333333332 0.273125 0.17833333333333332
0 0.1609375 0.17578125 0.0015625 0.0015625
0 0.49375 0.175 0.490625 0.17416666666666666 0.490625 0.17666666666666667 0.49375 0.175
0 0.37375 0.17833333333333332 0.37750000000000006 0.175 0.374375 0.1725 0.369375 0.17416666666666666 0.37312500000000004 0.18333333333333332 0.37375 0.17833333333333332
0 0.181875 0.18083333333333335 0.19125 0.17833333333333332 0.185625 0.1725 0.181875 0.1725 0.179375 0.17583333333333334 0.178125 0.17833333333333332 0.181875 0.18083333333333335
0 0.27265625 0.171875 0.0015625 0.00078125
0 0.01875 0.175 0.019375 0.17166666666666666 0.015000000000000003 0.16999999999999998 0.013750000000000002 0.17166666666666666 0.01875 0.175
0 0.27625 0.16416666666666666 0.25875000000000004 0.16333333333333333 0.2725 0.16583333333333333 0.27625 0.16416666666666666
0 0.026875 0.16416666666666666 0.023125 0.16333333333333333 0.025625000000000002 0.1725 0.026875 0.16416666666666666
0 0.570625 0.17833333333333332 0.5850000000000001 0.17833333333333332 0.58375 0.16499999999999998 0.5737500000000001 0.16999999999999998 0.5693750000000001 0.16499999999999998 0.5743750000000001 0.16083333333333333 0.5737500000000001 0.1575 0.566875 0.1575 0.5650000000000001 0.16833333333333333 0.570625 0.17833333333333332
0 0.016153846153846154 0.15615384615384614 0.013750000000000002 0.15583333333333332 0.013125000000000001 0.1575 0.016153846153846154 0.15615384615384614
0 0.026250000000000002 0.1575 0.017321428571428574 0.15630952380952381 0.02 0.15916666666666665 0.026250000000000002 0.1575
0 0.25125000000000003 0.15833333333333333 0.255 0.155 0.260625 0.15833333333333333 0.2725 0.15916666666666665 0.27625 0.15416666666666667 0.28250000000000003 0.15333333333333332 0.285625 0.15666666666666668 0.290625 0.15333333333333332 0.290625 0.15083333333333332 0.28625 0.14750000000000002 0.275 0.15 0.271875 0.14333333333333334 0.26125000000000004 0.14333333333333334 0.264375 0.14583333333333331 0.26375000000000004 0.14833333333333334 0.25625 0.14666666666666667 0.25 0.15 0.24875000000000003 0.15416666666666667 0.25125000000000003 0.15833333333333333
0 0.01625 0.14750000000000002 0.013750000000000002 0.15333333333333332 0.02125 0.15083333333333332 0.01625 0.14333333333333334 0.016875 0.13666666666666666 0.013750000000000002 0.13666666666666666 0.0125 0.145 0.01625 0.14750000000000002
0 0.048125 0.15083333333333332 0.05437500000000001 0.155 0.050624999999999996 0.15833333333333333 0.045 0.1575 0.045 0.16166666666666668 0.05625 0.17416666666666666 0.0675 0.1725 0.07062500000000001 0.175 0.07312500000000001 0.17166666666666666 0.07062500000000001 0.16833333333333333 0.07125000000000001 0.16333333333333333 0.065625 0.1575 0.078125 0.15083333333333332 0.07312500000000001 0.14416666666666667 0.075 0.13833333333333334 0.079375 0.13666666666666666 0.078125 0.13333333333333333 0.074375 0.1325 0.06875 0.13666666666666666 0.068125 0.14250000000000002 0.052500000000000005 0.14250000000000002 0.051875000000000004 0.1375 0.049375 0.13666666666666666 0.051250000000000004 0.1408333333333333 0.048125 0.15083333333333332
0 0.584375 0.14416666666666667 0.588125 0.14416666666666667 0.588125 0.14666666666666667 0.5893750000000001 0.14250000000000002 0.5925 0.14250000000000002 0.5975 0.15083333333333332 0.599375 0.16083333333333333 0.590625 0.16357843137254902 0.590625 0.16666666666666669 0.5987500000000001 0.17416666666666666 0.5975 0.17916666666666667 0.603125 0.17916666666666667 0.604375 0.175 0.6025 0.17166666666666666 0.6056250000000001 0.1675 0.60625 0.16 0.6025 0.14416666666666667 0.596875 0.1375 0.5987500000000001 0.12666666666666665 0.5943750000000001 0.13416666666666666 0.5900000000000001 0.13333333333333333 0.58625 0.13666666666666666 0.57625 0.13416666666666666 0.571875 0.13999999999999999 0.57125 0.15083333333333332 0.5743750000000001 0.1525 0.58125 0.13999999999999999 0.584375 0.14416666666666667
0 0.065 0.1125 0.056874999999999995 0.10916666666666666 0.05437500000000001 0.11166666666666666 0.05625 0.11499999999999999 0.065 0.1125
0 0.586875 0.11000000000000001 0.5925 0.10583333333333333 0.5900000000000001 0.10166666666666666 0.578125 0.09833333333333333 0.5693750000000001 0.10166666666666666 0.5700000000000001 0.10583333333333333 0.586875 0.11000000000000001
0 0.059375 0.10666666666666666 0.068125 0.10166666666666666 0.07250000000000001 0.10500000000000001 0.071875 0.11000000000000001 0.081875 0.10833333333333332 0.0825 0.10166666666666666 0.07562500000000001 0.095 0.06375 0.09416666666666666 0.056874999999999995 0.09833333333333333 0.05625 0.10166666666666666 0.059375 0.10666666666666666
0 0.1828125 0.0734375 0.0015625 0.00078125
0 0.090625 0.1275 0.085625 0.13083333333333333 0.084375 0.1375 0.08687500000000001 0.14666666666666667 0.08375 0.15083333333333332 0.085 0.1525 0.08687500000000001 0.14750000000000002 0.09 0.1525 0.098125 0.15166666666666667 0.099375 0.16166666666666668 0.0975 0.16499999999999998 0.1 0.16833333333333333 0.098125 0.17333333333333334 0.08812500000000001 0.17333333333333334 0.084375 0.17916666666666667 0.08687500000000001 0.17583333333333334 0.08937500000000001 0.18083333333333335 0.0925 0.18083333333333335 0.09875 0.175 0.100625 0.18 0.110625 0.18166666666666667 0.1125 0.18583333333333335 0.11374999999999999 0.17916666666666667 0.13375 0.17833333333333332 0.13375 0.17333333333333334 0.13562500000000002 0.17166666666666666 0.13875 0.17166666666666666 0.143125 0.17666666666666667 0.145625 0.175 0.14625000000000002 0.17916666666666667 0.148125 0.17916666666666667 0.145625 0.16999999999999998 0.175 0.16833333333333333 0.17625000000000002 0.1575 0.181875 0.15333333333333332 0.1925 0.15583333333333332 0.19937500000000002 0.15333333333333332 0.200625 0.16333333333333333 0.20500000000000002 0.1675 0.20375000000000001 0.17166666666666666 0.20812500000000003 0.17583333333333334 0.21625 0.17916666666666667 0.22687500000000002 0.17666666666666667 0.230625 0.17833333333333332 0.23000000000000004 0.175 0.23312500000000003 0.16999999999999998 0.23374999999999999 0.16333333333333333 0.238125 0.16083333333333333 0.23875000000000002 0.15333333333333332 0.244375 0.14416666666666667 0.241875 0.13833333333333334 0.248125 0.1275 0.261875 0.1375 0.27125000000000005 0.13833333333333334 0.275625 0.135 0.28250000000000003 0.1375 0.284375 0.135 0.28375000000000006 0.13083333333333333 0.28687500000000005 0.12666666666666665 0.28937500000000005 0.1275 0.296875 0.13999999999999999 0.29625 0.14750000000000002 0.30125 0.15166666666666667 0.30812500000000004 0.16916666666666666 0.31125 0.17333333333333334 0.326875 0.17916666666666667 0.33187500000000003 0.17833333333333332 0.33375000000000005 0.175 0.34187500000000004 0.17833333333333332 0.34187500000000004 0.17333333333333334 0.33687500000000004 0.16833333333333333 0.34 0.16499999999999998 0.338125 0.16166666666666668 0.338125 0.15416666666666667 0.3425 0.145 0.34625000000000006 0.14416666666666667 0.35125 0.14916666666666667 0.346875 0.1575 0.35 0.15833333333333333 0.35250000000000004 0.15583333333333332 0.35375 0.1575 0.35187500000000005 0.16083333333333333 0.355625 0.16666666666666669 0.364375 0.16666666666666669 0.375 0.17083333333333334 0.3825 0.1675 0.38312500000000005 0.16499999999999998 0.386875 0.17416666666666666 0.395625 0.1775 0.39437500000000003 0.17083333333333334 0.40062500000000006 0.16333333333333333 0.403125 0.16333333333333333 0.405625 0.1675 0.405625 0.17666666666666667 0.42125 0.17833333333333332 0.42625 0.18166666666666667 0.43375 0.18 0.440625 0.16666666666666669 0.446875 0.17333333333333334 0.449375 0.1825 0.46312500000000006 0.1825 0.4756250000000001 0.18666666666666668 0.480625 0.18666666666666668 0.48500000000000004 0.1825 0.4756250000000001 0.175 0.48125 0.17333333333333334 0.48500000000000004 0.16833333333333333 0.48125 0.16083333333333333 0.4875 0.1575 0.49000000000000005 0.16083333333333333 0.48937500000000006 0.16833333333333333 0.5050000000000001 0.16916666666666666 0.509375 0.175 0.50625 0.185 0.519375 0.185 0.52375 0.18916666666666665 0.521875 0.1925 0.545 0.1875 0.545625 0.1825 0.55 0.18 0.548125 0.17166666666666666 0.545625 0.16916666666666666 0.54625 0.16166666666666668 0.555 0.1575 0.550625 0.15333333333333332 0.550625 0.15 0.553125 0.14666666666666667 0.5575 0.14833333333333334 0.56625 0.14416666666666667 0.56375 0.13916666666666666 0.559375 0.1375 0.559375 0.13333333333333333 0.5643750000000001 0.13 0.56375 0.1275 0.56 0.1275 0.56 0.12166666666666666 0.56375 0.11416666666666667 0.5650000000000001 0.10333333333333332 0.5587500000000001 0.08416666666666667 0.545 0.06583333333333333 0.54 0.0625 0.513125 0.06916666666666667 0.50125 0.06833333333333333 0.49250000000000005 0.07916666666666666 0.4875 0.095 0.480625 0.08916666666666666 0.46375 0.09083333333333334 0.46125 0.07916666666666666 0.45562500000000006 0.07166666666666667 0.43562500000000004 0.059166666666666666 0.43500000000000005 0.06333333333333332 0.43062500000000004 0.06666666666666667 0.42250000000000004 0.0675 0.41875 0.07083333333333333 0.40375000000000005 0.07083333333333333 0.395625 0.0775 0.39125 0.09083333333333334 0.388125 0.0925 0.384375 0.08666666666666667 0.36500000000000005 0.08583333333333333 0.35625 0.06999999999999999 0.34625000000000006 0.06166666666666667 0.33625000000000005 0.058333333333333334 0.33125 0.06166666666666667 0.328125 0.06083333333333333 0.326875 0.06666666666666667 0.323125 0.06999999999999999 0.30500000000000005 0.07083333333333333 0.3 0.07333333333333333 0.285625 0.0975 0.283125 0.0875 0.28 0.08416666666666667 0.27375000000000005 0.08416666666666667 0.2675 0.07083333333333333 0.2625 0.06583333333333333 0.248125 0.05583333333333333 0.23312500000000003 0.05083333333333333 0.210625 0.065 0.1975 0.06583333333333333 0.1975 0.07166666666666667 0.18937500000000002 0.09083333333333334 0.18875000000000003 0.10166666666666666 0.185 0.10500000000000001 0.18125 0.10083333333333333 0.18250000000000002 0.09833333333333333 0.17875000000000002 0.09583333333333334 0.179375 0.08833333333333333 0.17250000000000001 0.08666666666666667 0.169375 0.0775 0.16 0.06583333333333333 0.148125 0.057499999999999996 0.12937500000000002 0.056666666666666664 0.1075 0.06833333333333333 0.09375 0.09416666666666666 0.08937500000000001 0.11416666666666667 0.084375 0.11583333333333332 0.085625 0.12250000000000001 0.090625 0.1275
0 0.079375 0.38 0.0775 0.37666666666666665 0.07625000000000001 0.37916666666666665 0.079375 0.38
0 0.078125 0.37 0.08 0.36583333333333334 0.081875 0.37 0.083125 0.36916666666666664 0.080625 0.3625 0.078125 0.3616666666666667 0.07625000000000001 0.3675 0.078125 0.37
0 0.0925 0.36083333333333334 0.09187500000000001 0.35833333333333334 0.090625 0.36 0.09125000000000001 0.3683333333333333 0.0925 0.36083333333333334
0 0.244375 0.10666666666666666 0.24562500000000004 0.10500000000000001 0.244375 0.09833333333333333 0.244375 0.10666666666666666
0 0.04 0.1275 0.03875 0.14166666666666666 0.035 0.15083333333333332 0.031875 0.17083333333333334 0.026250000000000002 0.18666666666666668 0.0225 0.19166666666666668 0.011875 0.19416666666666665 0.01 0.19666666666666666 0.011875 0.2058333333333333 0.015625 0.21000000000000002 0.02125 0.21000000000000002 0.030625000000000003 0.215 0.03875 0.22749999999999998 0.0425 0.23916666666666667 0.05625 0.24416666666666664 0.056874999999999995 0.25166666666666665 0.046875 0.25 0.03937500000000001 0.255 0.035 0.2791666666666667 0.0425 0.30083333333333334 0.0325 0.3075 0.029375000000000002 0.30666666666666664 0.028750000000000005 0.31416666666666665 0.025 0.32333333333333336 0.02375 0.3383333333333333 0.018125000000000002 0.34750000000000003 0.01875 0.35583333333333333 0.05625 0.35416666666666663 0.059375 0.35583333333333333 0.06375 0.36583333333333334 0.068125 0.37 0.069375 0.36916666666666664 0.06625 0.35583333333333333 0.0675 0.35416666666666663 0.09187500000000001 0.35416666666666663 0.109375 0.3491666666666667 0.11937500000000001 0.3491666666666667 0.12375 0.3441666666666666 0.14 0.3458333333333333 0.14125000000000001 0.34833333333333333 0.14750000000000002 0.35 0.15 0.3466666666666667 0.150625 0.3491666666666667 0.15812500000000002 0.35 0.16125 0.3466666666666667 0.1625 0.35083333333333333 0.170625 0.34833333333333333 0.190625 0.35 0.19812500000000002 0.34833333333333333 0.20249999999999999 0.345 0.203125 0.3416666666666667 0.21000000000000002 0.3416666666666667 0.21625 0.3458333333333333 0.22687500000000002 0.3433333333333333 0.230625 0.345 0.2375 0.3408333333333333 0.244375 0.34249999999999997 0.248125 0.33666666666666667 0.259375 0.3383333333333333 0.26125000000000004 0.345 0.261875 0.34249999999999997 0.26484375 0.345 0.275625 0.345 0.285625 0.3416666666666667 0.288125 0.3358333333333333 0.290625 0.335 0.29500000000000004 0.3383333333333333 0.30062500000000003 0.3383333333333333 0.30375 0.345 0.31125 0.34750000000000003 0.338125 0.3458333333333333 0.356875 0.34833333333333333 0.37375 0.335 0.39 0.3408333333333333 0.3975 0.33999999999999997 0.39875000000000005 0.3433333333333333 0.3925 0.34833333333333333 0.398125 0.3458333333333333 0.4 0.3491666666666667 0.4325 0.3416666666666667 0.43562500000000004 0.345 0.43562500000000004 0.34833333333333333 0.473125 0.35583333333333333 0.4956250000000001 0.35583333333333333 0.503125 0.35333333333333333 0.52375 0.355 0.5362500000000001 0.3591666666666667 0.5387500000000001 0.35666666666666663 0.550625 0.355 0.561875 0.35583333333333333 0.5675000000000001 0.36083333333333334 0.5850000000000001 0.36416666666666664 0.595 0.3625 0.6256250000000001 0.36583333333333334 0.62875 0.3625 0.6225 0.3491666666666667 0.6162500000000001 0.2625 0.610625 0.25416666666666665 0.6168750000000001 0.24583333333333335 0.6212500000000001 0.225 0.6256250000000001 0.21666666666666665 0.630625 0.21333333333333332 0.6318750000000001 0.2058333333333333 0.629375 0.20166666666666666 0.61375 0.19583333333333333 0.5987500000000001 0.12333333333333334 0.5925 0.10500000000000001 0.5875 0.10083333333333333 0.566875 0.09833333333333333 0.5631250000000001 0.10333333333333332 0.555 0.12416666666666668 0.5493750000000001 0.15 0.54125 0.16583333333333333 0.540625 0.17333333333333334 0.5362500000000001 0.1825 0.5268750000000001 0.18416666666666665 0.516875 0.18416666666666665 0.51 0.17916666666666667 0.51 0.175 0.5018750000000001 0.155 0.5018750000000001 0.14416666666666667 0.495 0.11333333333333333 0.48812500000000003 0.09416666666666666 0.4831250000000001 0.09166666666666666 0.46187500000000004 0.09166666666666666 0.45437500000000003 0.10916666666666666 0.45187499999999997 0.12666666666666665 0.44125000000000003 0.15416666666666667 0.44000000000000006 0.17083333333333334 0.4325 0.18 0.414375 0.17916666666666667 0.40875000000000006 0.17333333333333334 0.40499999999999997 0.16416666666666666 0.4025 0.14333333333333334 0.39375 0.12666666666666665 0.388125 0.09416666666666666 0.38312500000000005 0.08666666666666667 0.36625 0.08666666666666667 0.359375 0.09166666666666666 0.34750000000000003 0.12250000000000001 0.34500000000000003 0.1408333333333333 0.340625 0.14666666666666667 0.34 0.16 0.33187500000000003 0.17333333333333334 0.324375 0.175 0.31125 0.17333333333333334 0.30375 0.16666666666666669 0.296875 0.14583333333333331 0.28625 0.0975 0.28250000000000003 0.08916666666666666 0.278125 0.08499999999999999 0.254375 0.08833333333333333 0.25 0.09666666666666666 0.24937500000000004 0.10583333333333333 0.24625000000000002 0.10916666666666666 0.24562500000000004 0.12250000000000001 0.23562500000000003 0.1525 0.23562500000000003 0.1575 0.23374999999999999 0.16083333333333333 0.230625 0.16083333333333333 0.231875 0.16999999999999998 0.221875 0.1775 0.209375 0.1775 0.1975 0.16083333333333333 0.195 0.14333333333333334 0.19 0.13416666666666666 0.18875000000000003 0.12666666666666665 0.185 0.1275 0.18625 0.11166666666666666 0.17875000000000002 0.09083333333333334 0.175 0.08833333333333333 0.15687500000000001 0.09083333333333334 0.150625 0.09583333333333334 0.143125 0.11916666666666667 0.14250000000000002 0.13083333333333333 0.13875 0.13666666666666666 0.13625 0.16833333333333333 0.13062500000000002 0.1775 0.109375 0.18166666666666667 0.099375 0.175 0.10124999999999999 0.17083333333333334 0.09875 0.16499999999999998 0.09875 0.15416666666666667 0.08937500000000001 0.1325 0.08125 0.1025 0.0775 0.09666666666666666 0.061875 0.095 0.05 0.09833333333333333 0.04625 0.10500000000000001 0.04625 0.11083333333333334 0.04 0.1275
0 0.7706250000000001 0.6491666666666667 0.76875 0.6483333333333333 0.769375 0.6558333333333334 0.7706250000000001 0.6491666666666667
0 0.7681250000000001 0.645 0.765625 0.6408333333333334 0.765 0.645 0.7681250000000001 0.645
0 0.60875 0.7008333333333333 0.6118750000000001 0.7233333333333334 0.621875 0.7566666666666666 0.62375 0.775 0.628125 0.7825 0.6212500000000001 0.7899999999999999 0.6175 0.8308333333333333 0.615625 0.835 0.6162500000000001 0.8425 0.618125 0.8441666666666666 0.618125 0.8866666666666667 0.62375 0.9008333333333333 0.633125 0.9041666666666666 0.646875 0.9041666666666666 0.6518750000000001 0.9008333333333333 0.65125 0.8975 0.653125 0.8949999999999999 0.661875 0.9 0.6681250000000001 0.8966666666666667 0.68625 0.9 0.7206250000000001 0.8975 0.7262500000000001 0.8933333333333333 0.7350000000000001 0.8933333333333333 0.745 0.8975 0.7550000000000001 0.8941666666666667 0.8012500000000001 0.8949999999999999 0.8175000000000001 0.8866666666666667 0.844375 0.8866666666666667 0.8631249999999999 0.8825 0.865625 0.8783333333333333 0.8712500000000001 0.8783333333333333 0.871875 0.8833333333333334 0.883125 0.8808333333333334 0.89375 0.8833333333333334 0.9181250000000001 0.8825 0.9243750000000001 0.8783333333333333 0.9275 0.8791666666666667 0.928125 0.8825 0.9331250000000001 0.8825 0.94625 0.8808333333333334 0.95 0.8741666666666668 0.95375 0.8775000000000001 0.9525 0.8816666666666666 0.9556250000000001 0.8800000000000001 0.95625 0.8716666666666667 0.9600000000000002 0.8716666666666667 0.9631250000000001 0.8766666666666666 0.9700000000000001 0.8775000000000001 0.9756250000000002 0.8816666666666666 0.984375 0.8800000000000001 0.99375 0.8833333333333334 0.999375 0.8783333333333333 0.999375 0.8691666666666666 0.996875 0.8675 0.9956250000000001 0.8525 0.9975000000000002 0.8441666666666666 0.999375 0.8433333333333334 0.9962500000000001 0.8383333333333333 0.9956250000000001 0.8324999999999999 0.9956250000000001 0.8258333333333333 0.999375 0.8191666666666666 0.999375 0.8150000000000001 0.9956250000000001 0.8099999999999999 0.9956250000000001 0.7816666666666666 0.99375 0.7758333333333333 0.99375 0.7616666666666666 0.996875 0.7458333333333333 0.9962500000000001 0.7283333333333333 0.9950000000000001 0.7125 0.990625 0.7008333333333333 0.99 0.6925 0.9918750000000001 0.6849999999999999 0.99 0.6799999999999999 0.9925 0.6783333333333333 0.9912500000000002 0.675 0.993125 0.6716666666666666 0.993125 0.6458333333333333 0.9975000000000002 0.6333333333333333 0.9950000000000001 0.6291666666666667 0.946875 0.6291666666666667 0.9412499999999999 0.6391666666666667 0.9387500000000001 0.6391666666666667 0.9337500000000001 0.63 0.9293750000000001 0.6283333333333333 0.8724999999999999 0.63 0.8556250000000001 0.6366666666666666 0.8487500000000001 0.6316666666666666 0.8293750000000001 0.6325000000000001 0.806875 0.6366666666666666 0.796875 0.645 0.785 0.6416666666666667 0.7768750000000001 0.6475 0.77625 0.65 0.779375 0.6541666666666667 0.77625 0.6583333333333333 0.7662500000000001 0.6599999999999999 0.763125 0.6583333333333333 0.7568750000000001 0.64 0.748125 0.6366666666666666 0.71875 0.6375 0.6943750000000001 0.6433333333333333 0.649375 0.6425 0.6425000000000001 0.65 0.6425000000000001 0.6575 0.6368750000000001 0.6716666666666666 0.630625 0.6758333333333333 0.62625 0.6741666666666666 0.6162500000000001 0.6775 0.608125 0.6741666666666666 0.60375 0.6783333333333333 0.60375 0.69 0.60875 0.7008333333333333
0 0.027500000000000004 0.63 0.02375 0.6333333333333333 0.026250000000000002 0.6316666666666666 0.026250000000000002 0.6358333333333334 0.031875 0.64 0.069375 0.6366666666666666 0.08125 0.6383333333333333 0.14750000000000002 0.6358333333333334 0.15375 0.6308333333333334 0.15750000000000003 0.635 0.20625 0.6341666666666667 0.22625 0.6266666666666667 0.2375 0.6275000000000001 0.24125000000000002 0.6241666666666666 0.25875000000000004 0.6275000000000001 0.265 0.6208333333333333 0.265625 0.6266666666666667 0.294375 0.6291666666666667 0.33125 0.6258333333333332 0.395 0.6291666666666667 0.42437500000000006 0.6266666666666667 0.42625 0.6191666666666666 0.42374999999999996 0.6158333333333333 0.4325 0.6133333333333333 0.43500000000000005 0.6158333333333333 0.434375 0.6283333333333333 0.441875 0.6325000000000001 0.4800000000000001 0.6366666666666666 0.48625000000000007 0.6341666666666667 0.50625 0.6341666666666667 0.5112500000000001 0.6366666666666666 0.52125 0.6341666666666667 0.5375 0.64 0.5700000000000001 0.6391666666666667 0.576875 0.6425 0.598125 0.6433333333333333 0.613125 0.6416666666666667 0.6168750000000001 0.6366666666666666 0.6162500000000001 0.6258333333333332 0.6143750000000001 0.6233333333333333 0.61375 0.58 0.609375 0.5391666666666667 0.6075 0.53 0.603125 0.5225 0.606875 0.5141666666666667 0.6056250000000001 0.51 0.5487500000000001 0.5041666666666667 0.535625 0.5066666666666666 0.525625 0.5041666666666667 0.49375 0.5041666666666667 0.4875 0.5 0.47375 0.49916666666666665 0.41000000000000003 0.49833333333333335 0.40750000000000003 0.5008333333333332 0.40062500000000006 0.4966666666666667 0.38875000000000004 0.495 0.311875 0.4966666666666667 0.306875 0.49416666666666664 0.281875 0.49333333333333335 0.26812500000000006 0.4966666666666667 0.22312500000000002 0.4966666666666667 0.22062500000000002 0.49916666666666665 0.216875 0.4966666666666667 0.18812500000000001 0.4966666666666667 0.175625 0.5 0.165625 0.49749999999999994 0.1325 0.5008333333333332 0.10562500000000001 0.49916666666666665 0.085625 0.505 0.053125 0.505 0.052500000000000005 0.5083333333333333 0.06000000000000001 0.5141666666666667 0.0728125 0.5125 0.071875 0.5191666666666667 0.055625 0.52 0.049375 0.5266666666666666 0.046875 0.5533333333333333 0.041875 0.5725 0.038125000000000006 0.6116666666666666 0.030000000000000006 0.6233333333333333 0.025 0.6266666666666667 0.026875 0.6258333333333332 0.027500000000000004 0.63
0 0.669375 0.19833333333333333 0.6681250000000001 0.19416666666666665 0.661875 0.19416666666666665 0.660625 0.19916666666666666 0.669375 0.19833333333333333
0 0.953125 0.18583333333333335 0.9525 0.18416666666666665 0.9512500000000002 0.185 0.953125 0.18583333333333335
0 0.9325000000000001 0.19083333333333333 0.9337500000000001 0.18583333333333335 0.936875 0.18583333333333335 0.936875 0.19 0.9425000000000001 0.185 0.9387500000000001 0.18333333333333332 0.93 0.18583333333333335 0.9293750000000001 0.18916666666666665 0.9325000000000001 0.19083333333333333
0 0.9806250000000001 0.13833333333333334 0.9800000000000001 0.135 0.9775 0.13666666666666666 0.9806250000000001 0.13833333333333334
0 0.9943750000000001 0.10583333333333333 0.9912500000000002 0.10500000000000001 0.99 0.11000000000000001 0.9943750000000001 0.10583333333333333
0 0.62 0.19166666666666668 0.6375 0.19333333333333333 0.639375 0.19583333333333333 0.63875 0.19916666666666666 0.64375 0.20666666666666664 0.6568750000000001 0.19916666666666666 0.655625 0.195 0.6612500000000001 0.1875 0.6825 0.1875 0.685625 0.19333333333333333 0.7 0.19583333333333333 0.7075 0.185 0.723125 0.18916666666666665 0.7256250000000001 0.18416666666666665 0.7418750000000001 0.17833333333333332 0.7456250000000001 0.17916666666666667 0.744375 0.18416666666666665 0.7362500000000001 0.1925 0.75875 0.1925 0.7618750000000001 0.18916666666666665 0.7675000000000001 0.18916666666666665 0.764375 0.1825 0.765625 0.18083333333333335 0.786875 0.18 0.790625 0.175 0.7931250000000001 0.175 0.8018750000000001 0.18666666666666668 0.8099999999999999 0.1925 0.8200000000000001 0.18583333333333335 0.8243750000000001 0.19 0.836875 0.1925 0.8556250000000001 0.19 0.8625 0.185 0.859375 0.1825 0.8612500000000001 0.18 0.86625 0.17833333333333332 0.869375 0.18166666666666667 0.8762500000000001 0.18166666666666667 0.884375 0.17166666666666666 0.8868750000000001 0.16416666666666666 0.889375 0.1675 0.8931250000000001 0.16499999999999998 0.9081250000000001 0.16416666666666666 0.909375 0.16833333333333333 0.905625 0.17166666666666666 0.9043750000000002 0.17833333333333332 0.9106250000000001 0.185 0.921875 0.175 0.9243750000000001 0.17666666666666667 0.9237500000000001 0.17916666666666667 0.9268750000000001 0.17833333333333332 0.925 0.17416666666666666 0.9275 0.1725 0.9349999999999999 0.17583333333333334 0.9450000000000001 0.17333333333333334 0.9475 0.175 0.9481250000000001 0.18 0.9600000000000002 0.18333333333333332 0.9625 0.17666666666666667 0.9543750000000001 0.17166666666666666 0.9693750000000001 0.15833333333333333 0.975 0.15833333333333333 0.978125 0.15083333333333332 0.9775 0.14666666666666667 0.98125 0.14333333333333334 0.9787500000000001 0.1408333333333333 0.9762500000000001 0.14750000000000002 0.971875 0.14583333333333331 0.9731250000000001 0.13666666666666666 0.9762500000000001 0.135 0.976875 0.13 0.9806250000000001 0.1325 0.984375 0.12666666666666665 0.9818750000000002 0.11916666666666667 0.9887500000000001 0.11583333333333332 0.9887500000000001 0.11166666666666666 0.9850000000000001 0.10833333333333332 0.9856250000000001 0.1025 0.9887500000000001 0.09833333333333333 0.9881250000000001 0.0875 0.98375 0.09166666666666666 0.9806250000000001 0.09916666666666667 0.975 0.07166666666666667 0.9668750000000002 0.059166666666666666 0.9575000000000001 0.05083333333333333 0.951875 0.05083333333333333 0.9387500000000001 0.057499999999999996 0.931875 0.0725 0.9243750000000001 0.075 0.92125 0.07916666666666666 0.906875 0.08 0.900625 0.07666666666666666 0.89125 0.08583333333333333 0.8868750000000001 0.08666666666666667 0.88375 0.06416666666666666 0.8800000000000001 0.0625 0.87375 0.052500000000000005 0.8618750000000001 0.043333333333333335 0.8525 0.04583333333333333 0.84375 0.05166666666666666 0.835 0.06666666666666667 0.815625 0.08 0.79 0.08249999999999999 0.7862500000000001 0.095 0.7831250000000001 0.09166666666666666 0.78 0.07583333333333334 0.766875 0.05083333333333333 0.7506250000000001 0.03833333333333333 0.7325 0.035833333333333335 0.7143750000000001 0.045 0.700625 0.06416666666666666 0.696875 0.07583333333333334 0.69125 0.08 0.680625 0.095 0.67625 0.10583333333333333 0.666875 0.10833333333333332 0.6575 0.11916666666666667 0.650625 0.12250000000000001 0.6456250000000001 0.14333333333333334 0.63375 0.15083333333333332 0.6325000000000001 0.16083333333333333 0.623125 0.16666666666666669 0.61875 0.175 0.618125 0.1875 0.62 0.19166666666666668
0 0.0328125 0.234375 0.00078125 0.0015625
0 0.004375 0.3466666666666667 0.0075000000000000015 0.3416666666666667 0.01875 0.3408333333333333 0.0225 0.33666666666666667 0.023125 0.31916666666666665 0.028125 0.30416666666666664 0.033125 0.2658333333333333 0.0325 0.25 0.034375 0.24083333333333332 0.026875 0.2375 0.027500000000000004 0.23333333333333334 0.0325 0.22749999999999998 0.0175 0.2225 0.013125000000000001 0.21333333333333332 0.0037500000000000007 0.2058333333333333 0.00125 0.20083333333333334 0 0.3441666666666666 0.004375 0.3466666666666667
0 0 0.195 0.003125 0.19166666666666668 0.015625 0.1875 0.009375 0.16416666666666666 0.0018750000000000004 0.14583333333333331 0 0.14583333333333331 0 0.195
0 0.75375 0.7825 0.74875 0.7816666666666666 0.7506250000000001 0.7849999999999999 0.75375 0.7825
0 0.6212500000000001 0.7591666666666667 0.62375 0.7758333333333333 0.628125 0.78 0.77 0.7741666666666667 0.77625 0.7833333333333333 0.77875 0.7741666666666667 0.7875 0.7708333333333333 0.89 0.7633333333333333 0.91625 0.7649999999999999 0.9268750000000001 0.7616666666666666 0.9493750000000001 0.7641666666666667 0.999375 0.7616666666666666 0.999375 0.7333333333333333 0.996875 0.73 0.9975000000000002 0.72 0.999375 0.7191666666666666 0.999375 0.6275000000000001 0.9950000000000001 0.6258333333333332 0.95 0.6275000000000001 0.9425000000000001 0.63 0.9400000000000001 0.6375 0.9337500000000001 0.6283333333333333 0.9087500000000001 0.6275000000000001 0.8700000000000001 0.6291666666666667 0.8556250000000001 0.6333333333333333 0.846875 0.63 0.83125 0.6308333333333334 0.8225 0.6341666666666667 0.796875 0.6366666666666666 0.79375 0.6391666666666667 0.765 0.6391666666666667 0.7625 0.6425 0.748125 0.6358333333333334 0.73125 0.6358333333333334 0.69375 0.6416666666666667 0.6825 0.6391666666666667 0.6675000000000001 0.6416666666666667 0.650625 0.64 0.640625 0.6466666666666667 0.6368750000000001 0.6433333333333333 0.635 0.645 0.635625 0.6508333333333333 0.639375 0.6566666666666666 0.635 0.6691666666666667 0.62625 0.6725 0.606875 0.67 0.6012500000000001 0.6775 0.6012500000000001 0.6883333333333332 0.6212500000000001 0.7591666666666667
0 0.00078125 0.94921875 0.0015625 0.00078125
0 0 0.7775 0 0.78 0.005 0.7816666666666666 0 0.7849999999999999 0 0.9175000000000001 0.004375 0.9216666666666666 0.006875000000000001 0.9175000000000001 0.02125 0.915 0.029375000000000002 0.9083333333333334 0.051250000000000004 0.8708333333333333 0.05625 0.8383333333333333 0.05500000000000001 0.8125 0.061875 0.7841666666666667 0.061250000000000006 0.7791666666666667 0.056874999999999995 0.7758333333333333 0.041875 0.7758333333333333 0.03937500000000001 0.7791666666666667 0.03125 0.7675 0.030625000000000003 0.7608333333333334 0.026875 0.7583333333333333 0.021875 0.76 0.011875 0.7741666666666667 0.009375 0.7725 0.010625 0.7691666666666667 0.00875 0.7658333333333334 0.005 0.7683333333333333 0.0075000000000000015 0.775 0 0.7775
0 0.63375 0.3516666666666667 0.6431250000000001 0.355 0.6925000000000001 0.35 0.724375 0.3516666666666667 0.7525000000000001 0.34833333333333333 0.760625 0.345 0.77375 0.34833333333333333 0.843125 0.34833333333333333 0.874375 0.345 0.9912500000000002 0.3458333333333333 0.9956250000000001 0.3416666666666667 0.9962500000000001 0.3225 0.9975000000000002 0.3158333333333333 0.999375 0.315 0.999375 0.31166666666666665 0.9975000000000002 0.31083333333333335 0.999375 0.30666666666666664 0.996875 0.30333333333333334 0.999375 0.2966666666666667 0.9975000000000002 0.29583333333333334 0.9962500000000001 0.2866666666666667 0.9975000000000002 0.2733333333333333 0.999375 0.2725 0.9975000000000002 0.27083333333333337 0.999375 0.26749999999999996 0.999375 0.25916666666666666 0.9925 0.25166666666666665 0.993125 0.24416666666666664 0.990625 0.2308333333333333 0.9912500000000002 0.21333333333333332 0.9943750000000001 0.20916666666666667 0.99375 0.19916666666666666 0.984375 0.19749999999999998 0.9800000000000001 0.2 0.971875 0.19583333333333333 0.9625 0.19749999999999998 0.95875 0.19416666666666665 0.9493750000000001 0.19666666666666666 0.936875 0.19583333333333333 0.9356250000000002 0.19833333333333333 0.9331250000000001 0.19583333333333333 0.9181250000000001 0.19749999999999998 0.906875 0.19416666666666665 0.896875 0.19583333333333333 0.89625 0.20166666666666666 0.890625 0.20166666666666666 0.8868750000000001 0.195 0.8793750000000001 0.1925 0.871875 0.19416666666666665 0.865 0.19916666666666666 0.853125 0.19833333333333333 0.8487500000000001 0.20416666666666666 0.8412499999999999 0.20666666666666664 0.836875 0.21583333333333332 0.8356250000000001 0.22666666666666666 0.8300000000000001 0.225 0.82875 0.21833333333333332 0.8300000000000001 0.19583333333333333 0.826875 0.19583333333333333 0.825 0.19916666666666666 0.8175000000000001 0.19749999999999998 0.8168750000000001 0.2033333333333333 0.8025 0.19916666666666666 0.8006249999999999 0.19583333333333333 0.7987500000000001 0.2 0.7931250000000001 0.2 0.790625 0.195 0.786875 0.19416666666666665 0.774375 0.19916666666666666 0.74875 0.19749999999999998 0.744375 0.20083333333333334 0.7368750000000001 0.20083333333333334 0.734375 0.2058333333333333 0.7306250000000001 0.20083333333333334 0.7256250000000001 0.20083333333333334 0.72 0.205 0.7175 0.19916666666666666 0.711875 0.19916666666666666 0.7037500000000001 0.20416666666666666 0.6831250000000001 0.20166666666666666 0.670625 0.2058333333333333 0.67125 0.2125 0.669375 0.21583333333333332 0.6587500000000001 0.225 0.64375 0.22666666666666666 0.646875 0.24083333333333332 0.64 0.24500000000000002 0.635 0.25166666666666665 0.63375 0.2725 0.630625 0.28500000000000003 0.63125 0.2975 0.628125 0.3075 0.628125 0.345 0.63375 0.3516666666666667
0 0.43500000000000005 0.24083333333333332 0.425 0.23833333333333334 0.42125 0.24 0.42000000000000004 0.24083333333333332 0.43500000000000005 0.24083333333333332
0 0.2515625 0.23671875 0.0015625 0.00078125
0 0.5359375 0.23359375 0.00078125 0.00234375
0 0.5046875 0.2265625 0.0015625 0.00078125
0 0.44453125 0.21953125 0.0015625 0.00078125
0 0.43 0.22666666666666666 0.434375 0.225 0.433125 0.22000000000000003 0.436875 0.22000000000000003 0.43875000000000003 0.225 0.4425 0.22333333333333333 0.43937499999999996 0.21749999999999997 0.425 0.21916666666666665 0.42437500000000006 0.22416666666666668 0.43 0.22666666666666666
0 0.324375 0.22333333333333333 0.33125 0.22916666666666666 0.34875 0.22166666666666668 0.34875 0.21666666666666665 0.34500000000000003 0.21749999999999997 0.3425 0.2125 0.33125 0.21166666666666667 0.32375000000000004 0.21333333333333332 0.324375 0.22333333333333333
0 0.096875 0.10166666666666666 0.108125 0.095 0.104375 0.0925 0.103125 0.09666666666666666 0.09875 0.09333333333333334 0.095625 0.09666666666666666 0.095 0.10166666666666666 0.096875 0.10166666666666666
0 0.32125000000000004 0.08583333333333333 0.3225 0.08249999999999999 0.32 0.08083333333333334 0.319375 0.08416666666666667 0.32125000000000004 0.08583333333333333
0 0.4987500000000001 0.0775 0.50125 0.08249999999999999 0.5050000000000001 0.07666666666666666 0.508125 0.07916666666666666 0.51 0.07416666666666667 0.50375 0.07083333333333333 0.49750000000000005 0.07833333333333334 0.49750000000000005 0.08249999999999999 0.4987500000000001 0.0775
0 0.030000000000000006 0.21333333333333332 0.036250000000000004 0.21666666666666665 0.04 0.22333333333333333 0.04 0.23166666666666663 0.044375000000000005 0.24083333333333332 0.064375 0.24500000000000002 0.07312500000000001 0.24166666666666664 0.07875000000000001 0.22083333333333335 0.085625 0.21416666666666667 0.093125 0.21333333333333332 0.095 0.205 0.11875 0.21666666666666665 0.12312500000000001 0.22749999999999998 0.12687500000000002 0.22749999999999998 0.12625000000000003 0.23666666666666666 0.12875 0.24083333333333332 0.146625 0.24166666666666664 0.15 0.2375 0.15025000000000002 0.24166666666666664 0.155625 0.23916666666666667 0.15739583333333335 0.23916666666666667 0.15687500000000001 0.22666666666666666 0.16062500000000002 0.22999999999999998 0.165625 0.215 0.171875 0.20833333333333334 0.185 0.2058333333333333 0.185 0.20166666666666666 0.18875000000000003 0.2033333333333333 0.2 0.20083333333333334 0.203125 0.2033333333333333 0.20812500000000003 0.19833333333333333 0.21187499999999998 0.19916666666666666 0.213125 0.20249999999999999 0.210625 0.20916666666666667 0.21625 0.215 0.22000000000000003 0.225 0.22312500000000002 0.22666666666666666 0.22000000000000003 0.2308333333333333 0.22062500000000002 0.23333333333333334 0.22312500000000002 0.2375 0.22687500000000002 0.23833333333333334 0.24000000000000005 0.23833333333333334 0.241875 0.23500000000000001 0.24500000000000002 0.23583333333333334 0.244375 0.23833333333333334 0.24625000000000002 0.2375 0.244375 0.2325 0.25375000000000003 0.22583333333333333 0.259375 0.2125 0.26687500000000003 0.20666666666666664 0.285625 0.205 0.29250000000000004 0.19833333333333333 0.3 0.2 0.313125 0.195 0.321875 0.195 0.338125 0.19749999999999998 0.34187500000000004 0.20166666666666666 0.34750000000000003 0.19833333333333333 0.37062500000000004 0.19833333333333333 0.381875 0.20416666666666666 0.39375 0.20083333333333334 0.396875 0.2033333333333333 0.421875 0.20249999999999999 0.425 0.205 0.43 0.20083333333333334 0.433125 0.20083333333333334 0.43562500000000004 0.205 0.44000000000000006 0.20166666666666666 0.47875000000000006 0.20416666666666666 0.4831250000000001 0.20916666666666667 0.49625 0.21583333333333332 0.503125 0.21583333333333332 0.50875 0.22000000000000003 0.5118750000000001 0.22833333333333333 0.5225000000000001 0.23166666666666663 0.539375 0.22749999999999998 0.54 0.22166666666666668 0.5431250000000001 0.22333333333333333 0.553125 0.21583333333333332 0.5643750000000001 0.21583333333333332 0.57125 0.2125 0.579375 0.21666666666666665 0.58375 0.22333333333333333 0.59125 0.225 0.595 0.22999999999999998 0.6006250000000001 0.22999999999999998 0.6012500000000001 0.24 0.606875 0.24416666666666664 0.6050000000000001 0.25083333333333335 0.60625 0.24833333333333335 0.6075 0.25083333333333335 0.613125 0.2475 0.6162500000000001 0.22916666666666666 0.6225 0.21916666666666665 0.6325000000000001 0.21166666666666667 0.629375 0.2033333333333333 0.6143750000000001 0.195 0.6 0.125 0.5925 0.1025 0.5850000000000001 0.09833333333333333 0.56375 0.09833333333333333 0.559375 0.09583333333333334 0.55625 0.09166666666666666 0.556875 0.0875 0.5537500000000001 0.08083333333333334 0.5431250000000001 0.0675 0.535 0.07083333333333333 0.534375 0.07416666666666667 0.5387500000000001 0.08 0.5318750000000001 0.08499999999999999 0.52875 0.08333333333333334 0.52625 0.0875 0.51875 0.08833333333333333 0.515 0.08666666666666667 0.515625 0.0925 0.50125 0.095 0.49812500000000004 0.1 0.49437500000000006 0.0925 0.49000000000000005 0.09333333333333334 0.480625 0.08916666666666666 0.46312500000000006 0.08916666666666666 0.45625 0.07583333333333334 0.4443750000000001 0.06666666666666667 0.43875000000000003 0.0675 0.43937499999999996 0.07333333333333333 0.43125 0.0725 0.401875 0.07833333333333334 0.39937500000000004 0.08166666666666667 0.40125 0.08499999999999999 0.39875000000000005 0.08833333333333333 0.40625 0.09166666666666666 0.40375000000000005 0.09333333333333334 0.390625 0.095 0.388125 0.08833333333333333 0.38312500000000005 0.08499999999999999 0.36375 0.08416666666666667 0.356875 0.08083333333333334 0.353125 0.09166666666666666 0.34875 0.0975 0.34500000000000003 0.10083333333333333 0.338125 0.10083333333333333 0.33687500000000004 0.10583333333333333 0.32875 0.10833333333333332 0.32625000000000004 0.11333333333333333 0.32375000000000004 0.10916666666666666 0.30375 0.10916666666666666 0.301875 0.1025 0.29250000000000004 0.1 0.293125 0.0975 0.28937500000000005 0.1025 0.28375000000000006 0.08833333333333333 0.28 0.08416666666666667 0.26 0.08 0.246875 0.08083333333333334 0.251875 0.06 0.24875000000000003 0.0625 0.24500000000000002 0.056666666666666664 0.241875 0.05583333333333333 0.24250000000000002 0.06 0.236875 0.06083333333333333 0.238125 0.05583333333333333 0.234375 0.05583333333333333 0.22000000000000003 0.06666666666666667 0.20875 0.06666666666666667 0.20625 0.06999999999999999 0.20187500000000003 0.06833333333333333 0.19812500000000002 0.07416666666666667 0.19812500000000002 0.08 0.19187500000000002 0.09 0.18875000000000003 0.10500000000000001 0.184375 0.10166666666666666 0.17875000000000002 0.0875 0.16125 0.08499999999999999 0.150625 0.08666666666666667 0.14750000000000002 0.08249999999999999 0.14375 0.08666666666666667 0.14 0.08333333333333334 0.13625 0.08583333333333333 0.1125 0.06999999999999999 0.10187500000000001 0.08083333333333334 0.1 0.08833333333333333 0.104375 0.09083333333333334 0.11625 0.08916666666666666 0.11937500000000001 0.09916666666666667 0.13 0.10500000000000001 0.12312500000000001 0.11499999999999999 0.11937500000000001 0.11583333333333332 0.11875 0.12083333333333332 0.113125 0.12083333333333332 0.113125 0.11499999999999999 0.1125 0.11833333333333333 0.109375 0.11499999999999999 0.10187500000000001 0.11499999999999999 0.100625 0.12083333333333332 0.093125 0.12250000000000001 0.09125000000000001 0.11916666666666667 0.0925 0.11666666666666667 0.09 0.11583333333333332 0.0925 0.1125 0.08812500000000001 0.11583333333333332 0.08375 0.1075 0.0825 0.1 0.0775 0.09416666666666666 0.058125 0.09416666666666666 0.049375 0.09666666666666666 0.045625000000000006 0.1025 0.03875 0.12583333333333332 0.030625000000000003 0.16833333333333333 0.02375 0.18833333333333332 0.02 0.19166666666666668 0.00875 0.1925 0.004375 0.19666666666666666 0.005 0.2033333333333333 0.009375 0.20750000000000002 0.01625 0.21166666666666667 0.030000000000000006 0.21333333333333332