0 0.128125 0.8006872852233677 0.17265625 0.7920962199312716 0.1984375 0.7989690721649485 0.20390625 0.7938144329896908 0.2046875 0.7835051546391754 0.21171875 0.7714776632302407 0.2140625 0.7474226804123713 0.22578125 0.7096219931271478 0.22734375 0.6855670103092784 0.16015625 0.6941580756013745 0.13671875 0.7439862542955327 0.13203125 0.7731958762886599 0.1265625 0.7800687285223369 0.12578125 0.79553264604811 0.128125 0.8006872852233677
0 0.59921875 0.42783505154639184 0.603125 0.43298969072164956 0.63984375 0.4295532646048111 0.6484375 0.422680412371134 0.64140625 0.38316151202749144 0.6328125 0.3711340206185567 0.59140625 0.3762886597938145 0.590625 0.3917525773195877 0.59921875 0.42783505154639184
0 0.3390625 0.9140893470790379 0.3390625 0.9381443298969072 0.34453125 0.9690721649484537 0.34765625 0.9742268041237114 0.35234375 0.9742268041237114 0.35859375 0.9879725085910653 0.3640625 0.9879725085910653 0.3765625 0.9828178694158076 0.38828125 0.9673539518900345 0.39609375 0.9673539518900345 0.3984375 0.9725085910652922 0.396875 0.9862542955326461 0.40234375 0.993127147766323 0.428125 0.993127147766323 0.43203125 0.9879725085910653 0.4359375 0.9621993127147768 0.42734375 0.9089347079037802 0.42890625 0.7835051546391754 0.4265625 0.7749140893470792 0.4171875 0.7714776632302407 0.35546875 0.7800687285223369 0.34453125 0.8642611683848799 0.34296875 0.8969072164948454 0.3390625 0.9140893470790379
0 0.1125 0.6769759450171822 0.11015625 0.6735395189003437 0.109375 0.6769759450171822 0.1125 0.6769759450171822
0 0.11484375 0.6546391752577321 0.13125 0.6512027491408936 0.1546875 0.6494845360824744 0.16015625 0.6512027491408936 0.1640625 0.6597938144329898 0.17890625 0.6168384879725086 0.17890625 0.6082474226804124 0.17265625 0.6013745704467355 0.16796875 0.6082474226804124 0.1578125 0.604810996563574 0.15234375 0.6099656357388317 0.134375 0.5962199312714777 0.1359375 0.5824742268041238 0.14296875 0.570446735395189 0.15511363636363634 0.5318650421743205 0.15234375 0.5257731958762888 0.10234375 0.5240549828178694 0.0734375 0.577319587628866 0.07265625 0.5927835051546392 0.08125 0.6219931271477663 0.10546875 0.6701030927835052 0.11484375 0.6546391752577321
0 0.5 0.5085910652920963 0.50390625 0.5154639175257733 0.51640625 0.5085910652920963 0.5546875 0.5017182130584193 0.54765625 0.44673539518900346 0.54296875 0.43642611683848803 0.496875 0.443298969072165 0.49609375 0.4725085910652921 0.5 0.5085910652920963
0 0.50234375 0.604810996563574 0.50078125 0.5446735395189004 0.49765625 0.5240549828178694 0.49296875 0.5189003436426117 0.4640625 0.520618556701031 0.4484375 0.5257731958762888 0.4421875 0.534364261168385 0.4421875 0.6168384879725086 0.50234375 0.604810996563574
0 0.21953125 0.5068728522336771 0.23046875 0.4896907216494846 0.2390625 0.4553264604810997 0.2359375 0.4484536082474227 0.225 0.44158075601374575 0.1953125 0.443298969072165 0.1734375 0.5 0.17265625 0.5085910652920963 0.21953125 0.5068728522336771
0 0.50625 0.604810996563574 0.56796875 0.5945017182130584 0.56796875 0.5790378006872853 0.55703125 0.5103092783505155 0.51484375 0.5103092783505155 0.503125 0.5223367697594502 0.503125 0.5670103092783505 0.50625 0.604810996563574
0 0.77109375 0.8728522336769761 0.7609375 0.8986254295532646 0.7609375 0.9140893470790379 0.75 0.9278350515463918 0.74921875 0.9415807560137457 0.74453125 0.9484536082474226 0.73515625 0.9793814432989691 0.73671875 0.993127147766323 0.76953125 0.993127147766323 0.77421875 0.9879725085910653 0.8125 0.9828178694158076 0.8203125 0.9948453608247423 0.87734375 0.993127147766323 0.8984375 0.957044673539519 0.925 0.9037800687285223 0.93515625 0.8762886597938145 0.9390625 0.8745704467353953 0.94140625 0.8642611683848799 0.94921875 0.8556701030927837 0.95078125 0.8487972508591065 0.94921875 0.8298969072164949 0.9421875 0.8264604810996564 0.93828125 0.8075601374570448 0.9296875 0.7989690721649485 0.925 0.7783505154639176 0.91796875 0.7731958762886599 0.915625 0.7542955326460482 0.91015625 0.752577319587629 0.90546875 0.7302405498281788 0.90078125 0.7285223367697595 0.8953125 0.7096219931271478 0.88203125 0.7061855670103093 0.85078125 0.7130584192439863 0.7984375 0.7147766323024055 0.74296875 0.7268041237113403 0.7734375 0.8505154639175257 0.77109375 0.8728522336769761
0 0.615625 0.5 0.61953125 0.5068728522336771 0.64453125 0.5068728522336771 0.67109375 0.4965635738831615 0.6578125 0.43642611683848803 0.65390625 0.4312714776632303 0.6421875 0.42783505154639184 0.60546875 0.4347079037800688 0.60546875 0.4553264604810997 0.615625 0.5
0 0.2359375 0.6666666666666667 0.23671875 0.6735395189003437 0.284375 0.6718213058419245 0.2953125 0.6666666666666667 0.3015625 0.6597938144329898 0.31640625 0.5738831615120275 0.3140625 0.5652920962199313 0.309375 0.5652920962199313 0.2625 0.5756013745704468 0.25703125 0.5824742268041238 0.253125 0.604810996563574 0.246875 0.6185567010309279 0.2421875 0.6546391752577321 0.2359375 0.6666666666666667
0 0.08125 0.6219931271477663 0.1328125 0.731958762886598 0.140625 0.7302405498281788 0.15078125 0.7079037800687286 0.15078125 0.6993127147766324 0.159375 0.6872852233676976 0.1625 0.6701030927835052 0.1796875 0.6219931271477663 0.18203125 0.604810996563574 0.1734375 0.5979381443298969 0.13828125 0.6013745704467355 0.134375 0.5962199312714777 0.1359375 0.5824742268041238 0.14296875 0.570446735395189 0.1578125 0.5257731958762888 0.1546875 0.534364261168385 0.1534375 0.5257731958762888 0.1015625 0.5240549828178694 0.08125 0.5601374570446735 0.07265625 0.5824742268041238 0.071875 0.5910652920962199 0.08125 0.6219931271477663
0 0.55 0.43642611683848803 0.59609375 0.42783505154639184 0.58828125 0.3814432989690722 0.58125 0.36769759450171824 0.54140625 0.37972508591065296 0.5453125 0.4261168384879725 0.55 0.43642611683848803
0 0.115625 0.520618556701031 0.1546875 0.520618556701031 0.1671875 0.5068728522336771 0.18515625 0.4639175257731959 0.1890625 0.4450171821305842 0.16796875 0.43814432989690727 0.14375 0.43814432989690727 0.1234375 0.46563573883161513 0.1109375 0.4896907216494846 0.10859375 0.5017182130584193 0.115625 0.520618556701031
0 0.00390625 0.9312714776632303 0 0.9347079037800687 0 0.9965635738831615 0.0546875 0.9948453608247423 0.05078125 0.9828178694158076 0.04921875 0.9518900343642611 0.06015625 0.9381443298969072 0.05390625 0.9072164948453609 0.0640625 0.8694158075601376 0.0390625 0.8711340206185568 0.0328125 0.8762886597938145 0.02578125 0.8934707903780069 0.00546875 0.8900343642611684 0.00234375 0.9003436426116839 0.01015625 0.9072164948453609 0.00390625 0.9312714776632303
0 0.59296875 0.8058419243986255 0.5953125 0.8109965635738833 0.596875 0.8694158075601376 0.5953125 0.9037800687285223 0.58984375 0.9243986254295533 0.58828125 0.9776632302405499 0.59453125 0.9914089347079038 0.6140625 0.9896907216494846 0.62578125 0.9793814432989691 0.6359375 0.9862542955326461 0.6640625 0.9828178694158076 0.66796875 0.9879725085910653 0.6828125 0.9879725085910653 0.6921875 0.9793814432989691 0.7078125 0.9776632302405499 0.7109375 0.9862542955326461 0.70859375 0.993127147766323 0.7109375 0.9879725085910653 0.7125 0.993127147766323 0.72421875 0.993127147766323 0.7359375 0.9656357388316152 0.7453125 0.9278350515463918 0.7546875 0.9106529209621994 0.7546875 0.8986254295532646 0.7625 0.8814432989690723 0.76875 0.852233676975945 0.76796875 0.8350515463917526 0.7625 0.8109965635738833 0.75703125 0.7972508591065293 0.74921875 0.7594501718213059 0.73359375 0.7130584192439863 0.5890625 0.7233676975945018 0.59453125 0.7886597938144331 0.59296875 0.8058419243986255
0 0.26875 0.570446735395189 0.3171875 0.563573883161512 0.32421875 0.5515463917525774 0.33125 0.5120274914089348 0.33125 0.4948453608247423 0.328125 0.48797250859106533 0.29765625 0.49312714776632305 0.28984375 0.48453608247422686 0.28671875 0.4862542955326461 0.28515625 0.49312714776632305 0.275 0.5017182130584193 0.2734375 0.5412371134020619 0.265625 0.5532646048109966 0.26484375 0.563573883161512 0.26875 0.570446735395189
0 0.1265625 0.634375 0.00234375 0.003125
0 0.08046875 0.604810996563574 0.08203125 0.6151202749140894 0.0875 0.6254295532646049 0.09765625 0.6271477663230242 0.09375 0.6374570446735396 0.0953125 0.6426116838487973 0.10078125 0.6357388316151203 0.0984375 0.6202749140893471 0.1203125 0.6185567010309279 0.13203125 0.6082474226804124 0.13203125 0.584192439862543 0.15078125 0.5429553264604812 0.15390625 0.527491408934708 0.1015625 0.5240549828178694 0.0734375 0.5790378006872853 0.07421875 0.5979381443298969 0.08046875 0.604810996563574
0 0.1578125 0.9896907216494846 0.1609375 0.9862542955326461 0.1921875 0.9948453608247423 0.20078125 0.993127147766323 0.20078125 0.9879725085910653 0.24140625 0.9879725085910653 0.25234375 0.9810996563573884 0.27265625 0.9879725085910653 0.2734375 0.993127147766323 0.28359375 0.993127147766323 0.2921875 0.9810996563573884 0.29765625 0.9862542955326461 0.30703125 0.9810996563573884 0.3109375 0.9862542955326461 0.3328125 0.9879725085910653 0.3390625 0.993127147766323 0.3421875 0.9845360824742269 0.33515625 0.9381443298969072 0.346875 0.8247422680412372 0.34765625 0.7972508591065293 0.3421875 0.7903780068728523 0.3328125 0.7903780068728523 0.2890625 0.79553264604811 0.271875 0.802405498281787 0.1953125 0.809278350515464 0.1546875 0.9553264604810998 0.15390625 0.9793814432989691 0.1578125 0.9896907216494846
0 0.71875 0.6426116838487973 0.7359375 0.7027491408934708 0.74453125 0.7233676975945018 0.78828125 0.7130584192439863 0.85703125 0.7096219931271478 0.88671875 0.7010309278350516 0.88515625 0.6821305841924399 0.88046875 0.6769759450171822 0.87734375 0.6632302405498283 0.86328125 0.6391752577319588 0.84296875 0.5910652920962199 0.8265625 0.5893470790378007 0.71328125 0.604810996563574 0.71171875 0.6134020618556701 0.71875 0.6426116838487973
0 0.22265625 0.8041237113402062 0.27109375 0.79553264604811 0.27734375 0.7852233676975946 0.2875 0.7508591065292097 0.2859375 0.7336769759450172 0.2921875 0.6975945017182131 0.2921875 0.6769759450171822 0.2671875 0.6735395189003437 0.23828125 0.6769759450171822 0.2265625 0.6838487972508591 0.22421875 0.7147766323024055 0.20390625 0.7749140893470792 0.2046875 0.802405498281787 0.22265625 0.8041237113402062
0 0.515625 0.9862542955326461 0.51875 0.9914089347079038 0.55546875 0.9879725085910653 0.55859375 0.993127147766323 0.5796875 0.993127147766323 0.59140625 0.879725085910653 0.59140625 0.845360824742268 0.5796875 0.725085910652921 0.57578125 0.718213058419244 0.55625 0.718213058419244 0.50859375 0.7285223367697595 0.51171875 0.929553264604811 0.515625 0.9862542955326461
0 0.059375 0.9209621993127148 0.05859375 0.9347079037800687 0.05625 0.9432989690721649 0.05 0.9467353951890034 0.04921875 0.9621993127147768 0.0515625 0.9793814432989691 0.0609375 0.9948453608247423 0.08828125 0.9948453608247423 0.09609375 0.9810996563573884 0.10546875 0.9759450171821307 0.11328125 0.9776632302405499 0.11640625 0.9862542955326461 0.1234375 0.9896907216494846 0.1484375 0.9896907216494846 0.15078125 0.9828178694158076 0.1515625 0.9501718213058419 0.1640625 0.9140893470790379 0.16875 0.8831615120274915 0.175 0.8711340206185568 0.17890625 0.8419243986254296 0.1828125 0.8367697594501718 0.18046875 0.8281786941580757 0.1828125 0.8178694158075602 0.18203125 0.802405498281787 0.165625 0.7989690721649485 0.140625 0.8058419243986255 0.10859375 0.8058419243986255 0.0953125 0.8127147766323025 0.09140625 0.8195876288659795 0.09140625 0.8316151202749141 0.08359375 0.8419243986254296 0.08125 0.8556701030927837 0.06640625 0.8711340206185568 0.0640625 0.879725085910653 0.06484375 0.8900343642611684 0.0546875 0.9037800687285223 0.05546875 0.9140893470790379 0.059375 0.9209621993127148
0 0.3859375 0.5463917525773196 0.43515625 0.5429553264604812 0.43984375 0.513745704467354 0.43984375 0.4725085910652921 0.4359375 0.4604810996563574 0.43125 0.47079037800687284 0.3953125 0.4690721649484536 0.38515625 0.5223367697594502 0.38359375 0.5412371134020619 0.3859375 0.5463917525773196
0 0.10703125 0.4690721649484536 0.10390625 0.46735395189003437 0.10234375 0.47079037800687284 0.10703125 0.4690721649484536
0 0.1328125 0.44673539518900346 0.12734375 0.4604810996563574 0.11171875 0.4690721649484536 0.109375 0.4776632302405499 0.1046875 0.47594501718213056 0.1125 0.5171821305841925 0.11875 0.5223367697594502 0.15078125 0.5223367697594502 0.1609375 0.5154639175257733 0.1703125 0.5034364261168386 0.1828125 0.4742268041237113 0.190625 0.44673539518900346 0.19921875 0.4347079037800688 0.21328125 0.3969072164948454 0.1921875 0.3917525773195877 0.1890625 0.39862542955326463 0.18125 0.40034364261168387 0.17890625 0.3934707903780069 0.17265625 0.3934707903780069 0.15703125 0.40549828178694164 0.14453125 0.4347079037800688 0.1328125 0.44673539518900346
0 0.28359375 0.7646048109965636 0.27890625 0.7680412371134021 0.2765625 0.7886597938144331 0.30078125 0.7938144329896908 0.35 0.7852233676975946 0.3578125 0.7302405498281788 0.3625 0.6786941580756014 0.36171875 0.6649484536082475 0.3171875 0.6649484536082475 0.29296875 0.6735395189003437 0.2875 0.7491408934707905 0.28359375 0.7646048109965636
0 0.4890625 0.365979381443299 0.4921875 0.37972508591065296 0.534375 0.372852233676976 0.5296875 0.3264604810996564 0.5109375 0.3264604810996564 0.4984375 0.33676975945017185 0.490625 0.33676975945017185 0.48828125 0.34192439862542956 0.4890625 0.365979381443299
0 0.13984375 0.6082474226804124 0.15 0.6151202749140894 0.1796875 0.6099656357388317 0.20234375 0.577319587628866 0.2203125 0.5171821305841925 0.2171875 0.5085910652920963 0.16796875 0.5120274914089348 0.15703125 0.5240549828178694 0.14921875 0.5515463917525774 0.1390625 0.5687285223367697 0.1328125 0.5927835051546392 0.13984375 0.6082474226804124
0 0.37734375 0.6323024054982819 0.37734375 0.6460481099656358 0.4203125 0.6443298969072165 0.4328125 0.6408934707903781 0.43671875 0.6323024054982819 0.4390625 0.604810996563574 0.4375 0.5481099656357389 0.39609375 0.5498281786941581 0.3828125 0.5549828178694158 0.3828125 0.5996563573883162 0.37734375 0.6323024054982819
0 0.62578125 0.5378006872852235 0.6328125 0.5824742268041238 0.640625 0.5979381443298969 0.66875 0.5979381443298969 0.6953125 0.5927835051546392 0.69921875 0.5876288659793815 0.68203125 0.5154639175257733 0.675 0.5051546391752578 0.65703125 0.5034364261168386 0.62109375 0.513745704467354 0.62109375 0.527491408934708 0.62578125 0.5378006872852235
0 0 0.9381443298969072 0.0265625 0.8951890034364262 0.02578125 0.8900343642611684 0.0046875 0.88659793814433 0 0.8900343642611684 0 0.9381443298969072
0 0.53671875 0.372852233676976 0.5578125 0.372852233676976 0.5828125 0.3625429553264605 0.57421875 0.3195876288659794 0.559375 0.31615120274914094 0.53359375 0.3247422680412372 0.53203125 0.3350515463917526 0.53671875 0.372852233676976
0 0.284375 0.993127147766323 0.28203125 0.9896907216494846 0.28046875 0.993127147766323 0.284375 0.993127147766323
0 0.25234375 0.9278350515463918 0.25546875 0.9347079037800687 0.25234375 0.9536082474226806 0.24765625 0.9553264604810998 0.25078125 0.957044673539519 0.24765625 0.963917525773196 0.25 0.9656357388316152 0.25078125 0.9776632302405499 0.2625 0.9776632302405499 0.27578125 0.9879725085910653 0.2828125 0.9725085910652922 0.2859375 0.9879725085910653 0.28984375 0.9828178694158076 0.2984375 0.9879725085910653 0.3109375 0.9828178694158076 0.32109375 0.993127147766323 0.3421875 0.993127147766323 0.34453125 0.9845360824742269 0.3375 0.9587628865979383 0.3359375 0.9398625429553265 0.340625 0.9003436426116839 0.34140625 0.8608247422680414 0.346875 0.8316151202749141 0.3484375 0.7903780068728523 0.284375 0.7972508591065293 0.271875 0.8041237113402062 0.26875 0.8333333333333334 0.26640625 0.8298969072164949 0.2703125 0.8539518900343642 0.26875 0.8591065292096222 0.2640625 0.8539518900343642 0.26484375 0.8676975945017184 0.26171875 0.8728522336769761 0.25859375 0.9020618556701031 0.25390625 0.9106529209621994 0.25625 0.9209621993127148 0.25234375 0.9278350515463918
0 0.35703125 0.7749140893470792 0.428125 0.7663230240549829 0.43359375 0.7147766323024055 0.43515625 0.6477663230240551 0.4328125 0.6426116838487973 0.38671875 0.6477663230240551 0.36796875 0.6632302405498283 0.3578125 0.7353951890034365 0.3546875 0.7628865979381444 0.35703125 0.7749140893470792
0 0.46171875 0.43814432989690727 0.46015625 0.43642611683848803 0.459375 0.4398625429553265 0.46171875 0.43814432989690727
0 0.44296875 0.5240549828178694 0.49375 0.5171821305841925 0.49609375 0.5085910652920963 0.496875 0.4810996563573884 0.49375 0.45017182130584193 0.4859375 0.4347079037800688 0.471875 0.43814432989690727 0.46796875 0.44673539518900346 0.45859375 0.443298969072165 0.4515625 0.4484536082474227 0.44765625 0.44673539518900346 0.44609375 0.4398625429553265 0.4421875 0.4742268041237113 0.440625 0.5189003436426117 0.44296875 0.5240549828178694
0 0.4875 0.41015625 0.00078125 0.0015625
0 0.23046875 0.6769759450171822 0.24296875 0.6512027491408936 0.24453125 0.6254295532646049 0.25234375 0.5859106529209622 0.2390625 0.5824742268041238 0.196875 0.5910652920962199 0.1875 0.6065292096219932 0.16328125 0.6735395189003437 0.1640625 0.6890034364261168 0.23046875 0.6769759450171822
0 0.10234375 0.47938144329896915 0.11328125 0.47938144329896915 0.1453125 0.4347079037800688 0.15859375 0.40034364261168387 0.1265625 0.4037800687285224 0.1 0.4553264604810997 0.0984375 0.47079037800687284 0.10234375 0.47938144329896915
0 0.51171875 0.7216494845360826 0.57890625 0.7130584192439863 0.5796875 0.6993127147766324 0.571875 0.6134020618556701 0.56796875 0.6013745704467355 0.515625 0.6082474226804124 0.509375 0.6168384879725086 0.50625 0.6512027491408936 0.51171875 0.7216494845360826
0 0.58359375 0.7147766323024055 0.63515625 0.7147766323024055 0.65546875 0.7079037800687286 0.65234375 0.6769759450171822 0.6359375 0.6013745704467355 0.6015625 0.5979381443298969 0.57421875 0.6082474226804124 0.5765625 0.6597938144329898 0.58359375 0.7147766323024055
0 0.85859375 0.5463917525773196 0.88515625 0.5910652920962199 0.91640625 0.584192439862543 0.934375 0.5378006872852235 0.9296875 0.5223367697594502 0.91484375 0.49828178694158076 0.90078125 0.48797250859106533 0.87578125 0.4948453608247423 0.8625 0.5240549828178694 0.85859375 0.5360824742268042 0.85859375 0.5463917525773196
0 0.4359375 0.9484536082474226 0.44453125 0.9879725085910653 0.44765625 0.993127147766323 0.50859375 0.9879725085910653 0.51015625 0.8969072164948454 0.50703125 0.7680412371134021 0.50390625 0.7285223367697595 0.475 0.7285223367697595 0.43515625 0.7371134020618557 0.43046875 0.7903780068728523 0.43046875 0.9003436426116839 0.4359375 0.9484536082474226
0 0.5046875 0.7216494845360826 0.50703125 0.6924398625429553 0.5015625 0.6116838487972509 0.47265625 0.6116838487972509 0.4421875 0.6202749140893471 0.43671875 0.6975945017182131 0.4375 0.731958762886598 0.5046875 0.7216494845360826
0 0.56015625 0.5051546391752578 0.6 0.5034364261168386 0.6125 0.49828178694158076 0.6125 0.48453608247422686 0.5984375 0.43298969072164956 0.58203125 0.4295532646048111 0.55 0.4398625429553265 0.5515625 0.47079037800687284 0.56015625 0.5051546391752578
0 0.58984375 0.7749140893470792 0.59375 0.7886597938144331 0.590625 0.8075601374570448 0.59375 0.8298969072164949 0.59453125 0.8780068728522338 0.58828125 0.9209621993127148 0.5859375 0.9793814432989691 0.5921875 0.9948453608247423 0.61015625 0.993127147766323 0.62421875 0.9828178694158076 0.6421875 0.9896907216494846 0.65625 0.9862542955326461 0.65625 0.9725085910652922 0.66640625 0.9432989690721649 0.665625 0.9278350515463918 0.6734375 0.9123711340206186 0.68046875 0.8591065292096222 0.68046875 0.8505154639175257 0.675 0.8402061855670103 0.6734375 0.8109965635738833 0.6671875 0.7972508591065293 0.665625 0.7560137457044674 0.65625 0.7439862542955327 0.65703125 0.7336769759450172 0.6546875 0.7302405498281788 0.65390625 0.7164948453608248 0.60234375 0.7199312714776632 0.58828125 0.7233676975945018 0.58671875 0.7285223367697595 0.58984375 0.7439862542955327 0.58984375 0.7749140893470792
0 0.659375 0.7096219931271478 0.6859375 0.7130584192439863 0.7328125 0.7044673539518901 0.728125 0.6752577319587629 0.70625 0.6030927835051547 0.69375 0.5945017182130584 0.6421875 0.6030927835051547 0.64296875 0.6305841924398626 0.659375 0.7096219931271478
0 0.49765625 0.443298969072165 0.5125 0.443298969072165 0.54375 0.4312714776632303 0.54375 0.4123711340206186 0.53671875 0.37972508591065296 0.49296875 0.38487972508591073 0.49375 0.4295532646048111 0.49765625 0.443298969072165
0 0.565625 0.5601374570446735 0.56796875 0.563573883161512 0.56953125 0.5910652920962199 0.57265625 0.5979381443298969 0.6171875 0.5962199312714777 0.63359375 0.5893470790378007 0.625 0.5360824742268042 0.61796875 0.5120274914089348 0.6109375 0.5051546391752578 0.5640625 0.5103092783505155 0.5625 0.5309278350515465 0.565625 0.5601374570446735
0 0.17109375 0.9896907216494846 0.21328125 0.9845360824742269 0.2203125 0.9776632302405499 0.23125 0.9793814432989691 0.24140625 0.9742268041237114 0.253125 0.9450171821305842 0.25234375 0.936426116838488 0.25546875 0.929553264604811 0.253125 0.9072164948453609 0.26015625 0.8917525773195877 0.26015625 0.8814432989690723 0.26875 0.8659793814432991 0.26796875 0.8041237113402062 0.1953125 0.809278350515464 0.1546875 0.9536082474226806 0.15390625 0.9793814432989691 0.17109375 0.9896907216494846