0 0.015517241379310345 0.57109375 0.04827586206896552 0.54140625 0.08103448275862069 0.53515625 0.10517241379310345 0.51875 0.10862068965517242 0.5078125 0.10689655172413792 0.5015625 0.09482758620689655 0.496875 0.08793103448275862 0.48359375 0.07241379310344828 0.471875 0.06034482758620689 0.46796875 0.05344827586206896 0.459375 0.04655172413793103 0.46484375 0.039655172413793106 0.46015625 0.029310344827586203 0.4640625 0.0034482758620689655 0.46171875 0 0.57734375 0.015517241379310345 0.57109375
0 0.08448275862068966 0.4640625 0.08103448275862069 0.45625 0.07413793103448277 0.45625 0.08448275862068966 0.4640625
0 0 0.5125 0 0.57890625 0.020689655172413793 0.56875 0.04827586206896552 0.54296875 0.07931034482758621 0.5375 0.10689655172413792 0.5171875 0.09655172413793103 0.50078125 0.07586206896551724 0.5 0.06896551724137931 0.503125 0.04655172413793103 0.5046875 0.039655172413793106 0.50859375 0.017241379310344827 0.50703125 0.01206896551724138 0.51171875 0 0.5125
0 0.020689655172413793 0.56796875 0.04655172413793103 0.54296875 0.08103448275862069 0.5359375 0.11379310344827587 0.51484375 0.11896551724137931 0.5015625 0.1275862068965517 0.496875 0.14655172413793102 0.496875 0.19482758620689655 0.48046875 0.21551724137931033 0.4796875 0.21206896551724136 0.4734375 0.19482758620689655 0.46640625 0.13620689655172413 0.46875 0.12241379310344827 0.4625 0.09137931034482757 0.4640625 0.08275862068965517 0.45625 0.07241379310344828 0.45390625 0.04482758620689655 0.45625 0.029310344827586203 0.46328125 0.0017241379310344827 0.46171875 0 0.57578125 0.020689655172413793 0.56796875
0 0 0.46171875 0 0.51171875 0.008620689655172414 0.5109375 0.017241379310344827 0.50625 0.041379310344827586 0.50546875 0.04655172413793103 0.50234375 0.06551724137931034 0.5015625 0.08103448275862069 0.49765625 0.09827586206896552 0.4984375 0.10862068965517242 0.5046875 0.12586206896551724 0.496875 0.16206896551724137 0.4921875 0.18275862068965515 0.48359375 0.21724137931034485 0.4796875 0.21551724137931033 0.475 0.19482758620689655 0.465625 0.13620689655172413 0.46796875 0.11896551724137931 0.46171875 0.09137931034482757 0.4640625 0.07931034482758621 0.45546875 0.04655172413793103 0.45625 0.029310344827586203 0.46328125 0 0.46171875
0 0.7327586206896551 0.565625 0.7344827586206897 0.56328125 0.7327586206896551 0.56171875 0.7327586206896551 0.565625
0 0.7448275862068965 0.565625 0.743103448275862 0.553125 0.7379310344827587 0.553125 0.7362068965517241 0.55859375 0.7448275862068965 0.565625
0 0.7890625 0.525 0.0015625 0.0015625
0 0.78359375 0.5046875 0.0015625 0.0015625
0 0.7982758620689655 0.5078125 0.7965517241379311 0.52578125 0.8137931034482758 0.51328125 0.8137931034482758 0.50859375 0.8 0.49765625 0.7758620689655172 0.49453125 0.7672413793103449 0.49453125 0.7982758620689655 0.5078125
0 0.7609375 0.49296875 0.0015625 0.003125
0 0.7275862068965517 0.48984375 0.7275862068965517 0.4921875 0.7551724137931035 0.49453125 0.75 0.4921875 0.7551724137931035 0.4875 0.7413793103448276 0.4875 0.7362068965517241 0.490625 0.7275862068965517 0.48984375
0 0.40344827586206894 0.4953125 0.41034482758620683 0.503125 0.41034482758620683 0.51171875 0.3896551724137931 0.5359375 0.3879310344827586 0.54375 0.4051724137931035 0.5515625 0.4206896551724138 0.57421875 0.4413793103448276 0.5890625 0.46206896551724136 0.58828125 0.47241379310344833 0.58359375 0.49827586206896546 0.55859375 0.5206896551724138 0.54453125 0.5327586206896552 0.55078125 0.5448275862068965 0.5515625 0.5568965517241379 0.55703125 0.5810344827586207 0.590625 0.6 0.5953125 0.6103448275862069 0.5953125 0.6241379310344828 0.590625 0.6603448275862068 0.55703125 0.6758620689655173 0.55 0.6810344827586207 0.5546875 0.6913793103448276 0.55390625 0.7206896551724138 0.559375 0.7241379310344828 0.56328125 0.7137931034482758 0.56484375 0.7120689655172414 0.56796875 0.7258620689655173 0.58984375 0.7327586206896551 0.5953125 0.7413793103448276 0.596875 0.7758620689655172 0.59140625 0.8017241379310345 0.5671875 0.8189655172413793 0.55859375 0.8137931034482758 0.54609375 0.789655172413793 0.53203125 0.75 0.52421875 0.7379310344827587 0.51796875 0.7327586206896551 0.51015625 0.7396551724137931 0.50234375 0.7344827586206897 0.5046875 0.7310344827586206 0.50078125 0.7155172413793103 0.49609375 0.7206896551724138 0.49375 0.7172413793103448 0.490625 0.6827586206896552 0.490625 0.6706896551724137 0.48515625 0.653448275862069 0.484375 0.646551724137931 0.48046875 0.6379310344827587 0.48515625 0.6293103448275862 0.48046875 0.6155172413793103 0.48046875 0.6051724137931035 0.48515625 0.5982758620689654 0.48515625 0.5568965517241379 0.478125 0.5275862068965517 0.4828125 0.48793103448275865 0.47578125 0.47241379310344833 0.4765625 0.45517241379310347 0.4890625 0.42931034482758623 0.4765625 0.41034482758620683 0.47734375 0.3896551724137931 0.484375 0.38620689655172413 0.48828125 0.40344827586206894 0.4953125
0 0.6948275862068966 0.57265625 0.6913793103448276 0.56640625 0.689655172413793 0.5734375 0.6948275862068966 0.57265625
0 0.12068965517241378 0.57890625 0.13275862068965516 0.58515625 0.16379310344827586 0.5828125 0.20344827586206896 0.546875 0.2189655172413793 0.54375 0.23793103448275862 0.54453125 0.24310344827586206 0.55 0.2517241379310345 0.55 0.27586206896551724 0.58359375 0.2810344827586207 0.5875 0.30517241379310345 0.590625 0.3258620689655172 0.5828125 0.3568965517241379 0.55078125 0.3689655172413793 0.55078125 0.38275862068965516 0.546875 0.4017241379310345 0.553125 0.4206896551724138 0.58046875 0.43103448275862066 0.590625 0.4413793103448276 0.59375 0.47413793103448276 0.59140625 0.47413793103448276 0.5875 0.5103448275862068 0.55390625 0.5275862068965517 0.55078125 0.5448275862068965 0.55234375 0.5534482758620689 0.55625 0.5603448275862069 0.56875 0.5689655172413792 0.57421875 0.5810344827586207 0.59921875 0.6120689655172413 0.5984375 0.6275862068965516 0.59140625 0.6620689655172414 0.55703125 0.6724137931034483 0.55390625 0.7034482758620689 0.56015625 0.7103448275862069 0.5671875 0.7120689655172414 0.58046875 0.7224137931034483 0.5875 0.7224137931034483 0.5984375 0.7517241379310344 0.6 0.7793103448275862 0.59296875 0.8017241379310345 0.56953125 0.8206896551724137 0.55859375 0.8137931034482758 0.54609375 0.7931034482758621 0.53359375 0.7931034482758621 0.52890625 0.8137931034482758 0.51484375 0.8137931034482758 0.5078125 0.8017241379310345 0.49765625 0.7689655172413793 0.4921875 0.7448275862068965 0.48359375 0.7224137931034483 0.4859375 0.6982758620689655 0.484375 0.6913793103448276 0.4890625 0.6482758620689655 0.4796875 0.6206896551724138 0.4796875 0.5982758620689654 0.48515625 0.5603448275862069 0.478125 0.5275862068965517 0.48203125 0.49827586206896546 0.47578125 0.47586206896551725 0.47578125 0.45517241379310347 0.4859375 0.43275862068965515 0.47578125 0.41724137931034483 0.475 0.4 0.47734375 0.38275862068965516 0.4890625 0.34827586206896555 0.4859375 0.30517241379310345 0.49609375 0.28620689655172415 0.4875 0.2396551724137931 0.48671875 0.23103448275862068 0.48359375 0.19827586206896552 0.48203125 0.17586206896551723 0.48671875 0.16379310344827586 0.4921875 0.15344827586206897 0.50078125 0.09310344827586206 0.53125 0.0896551724137931 0.540625 0.12068965517241378 0.57890625
0 0.10172413793103448 0.55 0.12241379310344827 0.578125 0.13448275862068965 0.5828125 0.15862068965517243 0.58203125 0.16896551724137931 0.578125 0.20689655172413796 0.54375 0.2396551724137931 0.54296875 0.25689655172413794 0.55234375 0.2775862068965517 0.58203125 0.28793103448275864 0.58671875 0.30689655172413793 0.5875 0.31724137931034485 0.58515625 0.3275862068965517 0.578125 0.35517241379310344 0.55 0.38275862068965516 0.54453125 0.4051724137931035 0.553125 0.42586206896551726 0.58203125 0.4413793103448276 0.590625 0.4706896551724138 0.5875 0.5051724137931035 0.55546875 0.5155172413793103 0.55078125 0.5293103448275862 0.54921875 0.5465517241379311 0.5515625 0.5551724137931034 0.55546875 0.5810344827586207 0.590625 0.6017241379310344 0.5953125 0.6120689655172413 0.59453125 0.6310344827586206 0.58515625 0.6603448275862068 0.55703125 0.6758620689655173 0.55234375 0.7068965517241379 0.5578125 0.7258620689655173 0.58984375 0.7344827586206897 0.59609375 0.7482758620689655 0.59765625 0.756896551724138 0.59375 0.7758620689655172 0.59140625 0.8017241379310345 0.5671875 0.8206896551724137 0.55703125 0.810344827586207 0.54296875 0.7913793103448276 0.5328125 0.8137931034482758 0.5140625 0.8086206896551724 0.5015625 0.7982758620689655 0.496875 0.7741379310344827 0.49375 0.743103448275862 0.484375 0.7120689655172414 0.4890625 0.7017241379310344 0.4875 0.6913793103448276 0.490625 0.646551724137931 0.48046875 0.6344827586206897 0.48515625 0.6189655172413793 0.48203125 0.6017241379310344 0.4859375 0.5603448275862069 0.47890625 0.5431034482758621 0.48046875 0.5379310344827586 0.48359375 0.5 0.4765625 0.47241379310344833 0.4765625 0.45517241379310347 0.4859375 0.43275862068965515 0.47578125 0.4224137931034483 0.475 0.4017241379310345 0.47734375 0.38275862068965516 0.4890625 0.36379310344827587 0.48671875 0.3396551724137931 0.4875 0.30517241379310345 0.4984375 0.2982758620689655 0.49765625 0.28620689655172415 0.4875 0.24310344827586206 0.48671875 0.22758620689655173 0.4828125 0.20344827586206896 0.48203125 0.16896551724137931 0.4890625 0.15 0.503125 0.09137931034482757 0.5328125 0.09137931034482757 0.54296875 0.10172413793103448 0.55
0 0.017241379310344827 0.60703125 0.09137931034482757 0.60546875 0.09482758620689655 0.6015625 0.10172413793103448 0.60546875 0.11551724137931034 0.60234375 0.12931034482758622 0.60546875 0.1396551724137931 0.603125 0.14655172413793102 0.60703125 0.1568965517241379 0.60546875 0.17413793103448277 0.6109375 0.1810344827586207 0.60546875 0.19827586206896552 0.6046875 0.21551724137931033 0.609375 0.22241379310344828 0.60625 0.2517241379310345 0.60546875 0.2844827586206896 0.61328125 0.3017241379310345 0.6109375 0.3413793103448276 0.6109375 0.35 0.60703125 0.41896551724137926 0.6078125 0.4241379310344827 0.6109375 0.43965517241379304 0.61015625 0.44827586206896547 0.6125 0.45517241379310347 0.61015625 0.5137931034482759 0.6109375 0.5189655172413793 0.61328125 0.5431034482758621 0.61171875 0.5465517241379311 0.6140625 0.5810344827586207 0.6125 0.5879310344827586 0.61796875 0.5948275862068966 0.6125 0.65 0.61484375 0.6637931034482759 0.621875 0.6775862068965517 0.61796875 0.6931034482758621 0.61796875 0.7120689655172414 0.62578125 0.7258620689655173 0.62734375 0.7551724137931035 0.6265625 0.7724137931034483 0.61796875 0.8017241379310345 0.61796875 0.8155172413793104 0.6234375 0.8224137931034482 0.6234375 0.8275862068965518 0.6296875 0.8637931034482758 0.63203125 0.8724137931034482 0.63203125 0.8879310344827586 0.621875 0.9103448275862069 0.6203125 0.9086206896551724 0.6125 0.8758620689655172 0.6 0.8551724137931034 0.56796875 0.8482758620689654 0.5640625 0.8241379310344827 0.5609375 0.8068965517241379 0.5671875 0.7810344827586206 0.59375 0.753448275862069 0.60078125 0.7413793103448276 0.60078125 0.7241379310344828 0.59375 0.7086206896551724 0.56640625 0.6931034482758621 0.55703125 0.6637931034482759 0.55625 0.6293103448275862 0.58984375 0.6172413793103448 0.5953125 0.5982758620689654 0.596875 0.5775862068965517 0.58984375 0.5568965517241379 0.56015625 0.5379310344827586 0.55234375 0.5120689655172413 0.553125 0.4793103448275862 0.584375 0.46551724137931033 0.590625 0.4413793103448276 0.59140625 0.4241379310344827 0.5828125 0.4017241379310345 0.55234375 0.3913793103448276 0.5484375 0.3620689655172414 0.5484375 0.35172413793103446 0.55390625 0.32241379310344825 0.58359375 0.3103448275862069 0.58828125 0.29655172413793107 0.5890625 0.27586206896551724 0.58359375 0.253448275862069 0.55078125 0.24482758620689654 0.5453125 0.20862068965517241 0.5453125 0.1706896551724138 0.5796875 0.16034482758620688 0.584375 0.13103448275862067 0.584375 0.11896551724137931 0.5796875 0.09482758620689655 0.54609375 0.07758620689655173 0.54140625 0.05344827586206896 0.54296875 0.010344827586206896 0.58125 0.0034482758620689655 0.5953125 0.017241379310344827 0.60703125