0 0.37734375 0.8515625 0.00234375 0.0015625
0 0.84921875 0.803125 0.00390625 0.0015625
0 0.046025104602510455 0.72 0.03347280334728033 0.7152941176470587 0.03138075313807531 0.7447058823529412 0.02092050209205021 0.7529411764705882 0 0.76 0 0.7682352941176471 0.010460251046025104 0.7752941176470588 0 0.7823529411764706 0 0.8247058823529411 0.016736401673640166 0.8305882352941177 0.07531380753138076 0.8329411764705883 0.12343096234309622 0.8235294117647058 0.1506276150627615 0.8258823529411764 0.18619246861924685 0.8376470588235294 0.22384937238493724 0.8388235294117647 0.2489539748953975 0.8388235294117647 0.26987447698744765 0.831764705882353 0.303347280334728 0.8305882352941177 0.3284518828451882 0.8352941176470589 0.33682008368200833 0.8411764705882353 0.34100418410041844 0.8388235294117647 0.3514644351464435 0.851764705882353 0.37029288702928864 0.851764705882353 0.37866108786610875 0.8423529411764706 0.38912133891213385 0.8529411764705882 0.405857740585774 0.8552941176470588 0.405857740585774 0.8447058823529412 0.41422594142259417 0.8411764705882353 0.42050209205020916 0.8423529411764706 0.42677824267782427 0.8376470588235294 0.4560669456066945 0.8376470588235294 0.48326359832635984 0.8423529411764706 0.50418410041841 0.8552941176470588 0.5083682008368201 0.8529411764705882 0.5125523012552301 0.8588235294117647 0.5397489539748953 0.8611764705882352 0.5627615062761506 0.8611764705882352 0.5920502092050209 0.8447058823529412 0.6213389121338911 0.8458823529411765 0.6569037656903765 0.8576470588235294 0.6882845188284519 0.8564705882352941 0.698744769874477 0.8635294117647059 0.7301255230125523 0.8588235294117647 0.7364016736401673 0.8541176470588235 0.7531380753138075 0.8552941176470588 0.7615062761506276 0.8505882352941176 0.7677824267782427 0.8552941176470588 0.7782426778242677 0.8529411764705882 0.7949790794979079 0.8588235294117647 0.8389121338912133 0.8623529411764705 0.8577405857740585 0.8588235294117647 0.8912133891213389 0.8611764705882352 0.903765690376569 0.8552941176470588 0.903765690376569 0.8294117647058824 0.8933054393305438 0.8235294117647058 0.8598326359832635 0.8223529411764705 0.8514644351464435 0.8176470588235294 0.8514644351464435 0.8117647058823529 0.8326359832635983 0.8117647058823529 0.8242677824267781 0.7964705882352942 0.8158995815899581 0.8 0.7928870292887029 0.7964705882352942 0.7573221757322175 0.7976470588235294 0.7531380753138075 0.8164705882352941 0.7447698744769874 0.8188235294117646 0.7301255230125523 0.8094117647058823 0.7301255230125523 0.7976470588235294 0.7154811715481172 0.7929411764705883 0.7154811715481172 0.7870588235294117 0.702928870292887 0.7894117647058823 0.6485355648535565 0.7823529411764706 0.6380753138075314 0.7682352941176471 0.6171548117154811 0.7682352941176471 0.5941422594142259 0.7752941176470588 0.5774058577405857 0.7670588235294118 0.5878661087866108 0.7611764705882352 0.5836820083682008 0.7588235294117647 0.5648535564853556 0.7682352941176471 0.5397489539748953 0.7670588235294118 0.5083682008368201 0.7564705882352941 0.4644351464435147 0.7541176470588236 0.4309623430962343 0.7435294117647059 0.405857740585774 0.7482352941176471 0.3577405857740586 0.7388235294117647 0.3514644351464435 0.7341176470588235 0.3138075313807531 0.7341176470588235 0.2907949790794979 0.7270588235294118 0.2489539748953975 0.7317647058823529 0.23849372384937237 0.7270588235294118 0.21966527196652716 0.7258823529411764 0.20711297071129708 0.7176470588235294 0.14853556485355648 0.7188235294117648 0.1401673640167364 0.7117647058823529 0.0815899581589958 0.7152941176470587 0.0711297071129707 0.7058823529411764 0.0502092050209205 0.7082352941176471 0.0397489539748954 0.7035294117647058 0.05439330543933054 0.7152941176470587 0.046025104602510455 0.72
0 0.05648535564853556 0.8364705882352942 0.11506276150627615 0.8329411764705883 0.17573221757322174 0.8364705882352942 0.21129707112970708 0.8447058823529412 0.2719665271966527 0.8411764705882353 0.2845188284518828 0.8423529411764706 0.301255230125523 0.851764705882353 0.3200836820083682 0.8541176470588235 0.38493723849372385 0.8576470588235294 0.4518828451882845 0.8564705882352941 0.5439330543933054 0.8635294117647059 0.6255230125523012 0.8647058823529411 0.6673640167364017 0.8588235294117647 0.6820083682008369 0.8647058823529411 0.702928870292887 0.8658823529411764 0.7343096234309623 0.86 0.799163179916318 0.86 0.8410041841004183 0.8647058823529411 0.8451882845188283 0.868235294117647 0.8577405857740585 0.8611764705882352 0.897489539748954 0.8623529411764705 0.903765690376569 0.8588235294117647 0.903765690376569 0.8294117647058824 0.8933054393305438 0.8235294117647058 0.8765690376569036 0.8211764705882352 0.807531380753138 0.8223529411764705 0.7887029288702928 0.8188235294117646 0.7656903765690377 0.8223529411764705 0.7573221757322175 0.8188235294117646 0.7384937238493723 0.8211764705882352 0.7280334728033473 0.8164705882352941 0.6778242677824268 0.8117647058823529 0.6422594142259415 0.8141176470588235 0.6338912133891214 0.8105882352941176 0.608786610878661 0.8117647058823529 0.5857740585774058 0.808235294117647 0.36610878661087864 0.8023529411764706 0.3305439330543933 0.7988235294117647 0.3284518828451882 0.7952941176470588 0.27824267782426776 0.7976470588235294 0.18828451882845187 0.7905882352941177 0.17782426778242677 0.7964705882352942 0.12552301255230125 0.7894117647058823 0.06694560669456066 0.7905882352941177 0.06276150627615062 0.7870588235294117 0.03347280334728033 0.7858823529411765 0.0020920502092050207 0.788235294117647 0.0041841004184100415 0.8270588235294116 0.05648535564853556 0.8364705882352942
0 0.19140625 0.78203125 0.00234375 0.00234375
0 0.060669456066945605 0.96 0.058577405857740586 0.9541176470588235 0.0502092050209205 0.9529411764705882 0.046025104602510455 0.9611764705882353 0.060669456066945605 0.96
0 0.006276150627615063 0.9447058823529412 0 0.9482352941176471 0.014644351464435146 0.9529411764705882 0.0020920502092050207 0.9552941176470588 0.012552301255230125 0.96 0.0041841004184100415 0.9623529411764705 0.0041841004184100415 0.968235294117647 0.05230125523012552 0.9458823529411765 0.06694560669456066 0.9505882352941176 0.11924686192468618 0.951764705882353 0.1317991631799163 0.9482352941176471 0.16736401673640167 0.9482352941176471 0.25523012552301255 0.951764705882353 0.26778242677824265 0.9541176470588235 0.28870292887029286 0.9658823529411764 0.2928870292887029 0.9623529411764705 0.4602510460251046 0.9647058823529411 0.47489539748953974 0.9705882352941175 0.47489539748953974 0.9776470588235293 0.48326359832635984 0.968235294117647 0.5 0.9729411764705882 0.50418410041841 0.9670588235294117 0.5188284518828452 0.9647058823529411 0.5815899581589958 0.9658823529411764 0.5920502092050209 0.968235294117647 0.5941422594142259 0.9729411764705882 0.602510460251046 0.9670588235294117 0.608786610878661 0.9705882352941175 0.6610878661087866 0.9717647058823529 0.7112970711297071 0.9576470588235294 0.809623430962343 0.9658823529411764 0.8849372384937239 0.96 0.9267782426778242 0.9635294117647059 0.9769874476987447 0.9635294117647059 0.9874476987447698 0.96 0.9895397489539748 0.9447058823529412 0.9728033472803347 0.9117647058823529 0.9686192468619247 0.8729411764705881 0.9435146443514644 0.8658823529411764 0.8535564853556485 0.8670588235294117 0.8472803347280335 0.8729411764705881 0.8200836820083681 0.8647058823529411 0.799163179916318 0.8694117647058823 0.7824267782426778 0.8623529411764705 0.7092050209205021 0.868235294117647 0.6673640167364017 0.8623529411764705 0.6234309623430961 0.8670588235294117 0.5397489539748953 0.8658823529411764 0.4958158995815899 0.8635294117647059 0.4602510460251046 0.8552941176470588 0.41631799163179917 0.8611764705882352 0.3305439330543933 0.8564705882352941 0.303347280334728 0.8529411764705882 0.27824267782426776 0.8435294117647059 0.2217573221757322 0.8482352941176471 0.1317991631799163 0.8352941176470589 0.0397489539748954 0.8376470588235294 0.0041841004184100415 0.8341176470588236 0.0020920502092050207 0.8376470588235294 0 0.9423529411764706 0.006276150627615063 0.9447058823529412
0 0.07740585774058577 0.6376470588235293 0.06903765690376569 0.6329411764705882 0.06694560669456066 0.6376470588235293 0.07740585774058577 0.6376470588235293
0 0.03556485355648535 0.6870588235294117 0.046025104602510455 0.6858823529411764 0.060669456066945605 0.6952941176470588 0.0711297071129707 0.6870588235294117 0.07740585774058577 0.7023529411764706 0.1108786610878661 0.7035294117647058 0.12552301255230125 0.6988235294117647 0.1527196652719665 0.7094117647058823 0.1799163179916318 0.7129411764705882 0.20920502092050208 0.7105882352941176 0.22384937238493724 0.72 0.24476987447698742 0.7235294117647059 0.26569037656903766 0.7235294117647059 0.27824267782426776 0.7176470588235294 0.28870292887029286 0.7235294117647059 0.32426778242677823 0.7305882352941176 0.3619246861924686 0.7294117647058823 0.3723849372384937 0.7376470588235293 0.401673640167364 0.7435294117647059 0.41631799163179917 0.7435294117647059 0.4309623430962343 0.7376470588235293 0.4707112970711297 0.7517647058823529 0.5167364016736402 0.7529411764705882 0.5481171548117155 0.7635294117647058 0.5690376569037656 0.7611764705882352 0.5794979079497907 0.7529411764705882 0.610878661087866 0.7635294117647058 0.6506276150627615 0.7635294117647058 0.6589958158995816 0.7752941176470588 0.6757322175732218 0.7823529411764706 0.7092050209205021 0.7847058823529411 0.7154811715481172 0.7764705882352941 0.7322175732217573 0.7858823529411765 0.7615062761506276 0.7929411764705883 0.809623430962343 0.7917647058823529 0.8347280334728033 0.7811764705882352 0.8410041841004183 0.7823529411764706 0.8410041841004183 0.7741176470588236 0.8514644351464435 0.7694117647058824 0.8619246861924686 0.7929411764705883 0.8682008368200836 0.7952941176470588 0.910041841004184 0.7411764705882353 0.9581589958158995 0.6647058823529411 0.9581589958158995 0.6388235294117647 0.9707112970711297 0.62 0.9602510460251045 0.5905882352941176 0.9874476987447698 0.5647058823529412 0.9874476987447698 0.556470588235294 0.9665271966527197 0.5270588235294118 0.9748953974895397 0.5152941176470589 0.9748953974895397 0.49411764705882355 0.9895397489539748 0.49764705882352944 0.9937238493723848 0.491764705882353 0.997907949790795 0.3847058823529412 0.9874476987447698 0.3776470588235294 0.997907949790795 0.37058823529411766 0.997907949790795 0.3635294117647059 0.9937238493723848 0.3341176470588235 0.9874476987447698 0.3341176470588235 0.9874476987447698 0.3188235294117647 0.9811715481171548 0.3188235294117647 0.9790794979079497 0.3141176470588235 0.9937238493723848 0.3094117647058824 0.99581589958159 0.3 0.9811715481171548 0.29764705882352943 0.9790794979079497 0.29058823529411765 0.9623430962343097 0.2858823529411765 0.9184100418410042 0.2835294117647059 0.8723849372384936 0.27176470588235296 0.8451882845188283 0.27176470588235296 0.799163179916318 0.25764705882352945 0.6882845188284519 0.2458823529411765 0.6715481171548117 0.23411764705882354 0.6234309623430961 0.22941176470588234 0.612970711297071 0.23176470588235293 0.5794979079497907 0.22000000000000003 0.5313807531380753 0.2152941176470588 0.5 0.20235294117647057 0.4581589958158996 0.2011764705882353 0.4644351464435147 0.20823529411764707 0.4581589958158996 0.21176470588235294 0.4393305439330543 0.2011764705882353 0.40794979079497906 0.19411764705882353 0.3598326359832636 0.1988235294117647 0.3389121338912134 0.20823529411764707 0.32217573221757323 0.2235294117647059 0.33263598326359833 0.24705882352941178 0.35564853556485354 0.26705882352941174 0.36820083682008364 0.2705882352941177 0.36610878661087864 0.2776470588235294 0.3514644351464435 0.2788235294117647 0.3535564853556485 0.29058823529411765 0.36820083682008364 0.3094117647058824 0.36820083682008364 0.3211764705882353 0.37866108786610875 0.3211764705882353 0.38284518828451886 0.32588235294117646 0.3723849372384937 0.33294117647058824 0.35564853556485354 0.33294117647058824 0.3138075313807531 0.3223529411764706 0.303347280334728 0.32705882352941174 0.303347280334728 0.37058823529411766 0.2824267782426778 0.42823529411764705 0.2824267782426778 0.4423529411764706 0.305439330543933 0.4576470588235294 0.299163179916318 0.488235294117647 0.2824267782426778 0.508235294117647 0.25523012552301255 0.5188235294117647 0.20920502092050208 0.5164705882352941 0.1903765690376569 0.5047058823529411 0.17782426778242677 0.508235294117647 0.11715481171548117 0.5929411764705883 0.0815899581589958 0.6117647058823529 0.06903765690376569 0.6129411764705882 0.07740585774058577 0.6176470588235294 0.08577405857740586 0.6364705882352941 0.0794979079497908 0.6411764705882353 0.05439330543933054 0.6435294117647059 0.04811715481171548 0.6352941176470588 0.04184100418410042 0.6352941176470588 0.04184100418410042 0.64 0.029288702928870293 0.6423529411764706 0.014644351464435146 0.6635294117647058 0.012552301255230125 0.6811764705882353 0.03556485355648535 0.6870588235294117
0 0.0502092050209205 0.7317647058823529 0.03138075313807531 0.74 0.016736401673640166 0.7541176470588236 0 0.7588235294117647 0 0.7694117647058824 0.008368200836820083 0.7752941176470588 0 0.7823529411764706 0 0.8270588235294116 0.016736401673640166 0.831764705882353 0.06485355648535565 0.8352941176470589 0.11506276150627615 0.828235294117647 0.13598326359832635 0.8341176470588236 0.14435146443514643 0.831764705882353 0.20920502092050208 0.8411764705882353 0.21338912133891214 0.8447058823529412 0.2489539748953975 0.8423529411764706 0.2719665271966527 0.8364705882352942 0.30962343096234307 0.8423529411764706 0.3263598326359832 0.851764705882353 0.3953974895397489 0.8576470588235294 0.41631799163179917 0.8564705882352941 0.42887029288702927 0.8505882352941176 0.4372384937238493 0.8529411764705882 0.4435146443514644 0.8411764705882353 0.4581589958158996 0.8458823529411765 0.4686192468619247 0.8435294117647059 0.4707112970711297 0.851764705882353 0.4958158995815899 0.8588235294117647 0.5292887029288702 0.8623529411764705 0.6359832635983264 0.8623529411764705 0.6401673640167364 0.8588235294117647 0.6694560669456067 0.8588235294117647 0.6820083682008369 0.8647058823529411 0.702928870292887 0.8658823529411764 0.7322175732217573 0.86 0.7928870292887029 0.8588235294117647 0.8451882845188283 0.8670588235294117 0.8556485355648535 0.8611764705882352 0.897489539748954 0.8623529411764705 0.905857740585774 0.8541176470588235 0.905857740585774 0.831764705882353 0.895397489539749 0.8235294117647058 0.8619246861924686 0.82 0.8514644351464435 0.8129411764705882 0.8138075313807531 0.8176470588235294 0.7970711297071129 0.8152941176470587 0.7949790794979079 0.8 0.7719665271966527 0.8 0.7656903765690377 0.8129411764705882 0.7405857740585773 0.8164705882352941 0.7175732217573222 0.808235294117647 0.7154811715481172 0.7952941176470588 0.6945606694560669 0.7964705882352942 0.6861924686192469 0.7894117647058823 0.6610878661087866 0.7894117647058823 0.6569037656903765 0.7847058823529411 0.6443514644351465 0.7823529411764706 0.6401673640167364 0.7894117647058823 0.6464435146443515 0.7917647058823529 0.6359832635983264 0.7964705882352942 0.6255230125523012 0.7929411764705883 0.6192468619246861 0.7823529411764706 0.598326359832636 0.7835294117647058 0.5815899581589958 0.7788235294117647 0.5857740585774058 0.7752941176470588 0.5606694560669456 0.7682352941176471 0.5376569037656903 0.7682352941176471 0.5209205020920502 0.7635294117647058 0.5104602510460251 0.7670588235294118 0.50418410041841 0.7588235294117647 0.4560669456066945 0.7541176470588236 0.4393305439330543 0.7470588235294118 0.4246861924686193 0.7470588235294118 0.41422594142259417 0.7517647058823529 0.34728033472803344 0.7364705882352941 0.3305439330543933 0.7376470588235293 0.28870292887029286 0.7282352941176471 0.2489539748953975 0.7329411764705882 0.21757322175732216 0.7258823529411764 0.20502092050209203 0.7188235294117648 0.16108786610878661 0.7188235294117648 0.1506276150627615 0.7258823529411764 0.1401673640167364 0.7129411764705882 0.12761506276150628 0.7164705882352942 0.12343096234309622 0.7129411764705882 0.0815899581589958 0.7152941176470587 0.07322175732217573 0.7082352941176471 0.05230125523012552 0.7047058823529412 0.046025104602510455 0.7058823529411764 0.06276150627615062 0.7164705882352942 0.06276150627615062 0.7235294117647059 0.046025104602510455 0.7211764705882353 0.03556485355648535 0.7152941176470587 0.03347280334728033 0.7176470588235294 0.03138075313807531 0.7270588235294118 0.0502092050209205 0.7317647058823529
0 0.0041841004184100415 0.9811764705882353 0.008368200836820083 0.9988235294117647 0.03347280334728033 0.9988235294117647 0.04184100418410042 0.9952941176470589 0.046025104602510455 0.9988235294117647 0.0502092050209205 0.9952941176470589 0.058577405857740586 0.9988235294117647 0.07322175732217573 0.9988235294117647 0.07740585774058577 0.9952941176470589 0.08577405857740586 0.9988235294117647 0.17154811715481172 0.9988235294117647 0.18828451882845187 0.9941176470588236 0.19874476987447698 0.9988235294117647 0.4728033472803347 0.9988235294117647 0.48326359832635984 0.9952941176470589 0.5146443514644352 0.9952941176470589 0.5188284518828452 0.9988235294117647 0.6485355648535565 0.9988235294117647 0.6610878661087866 0.9941176470588236 0.6841004184100419 0.9988235294117647 0.7112970711297071 0.9988235294117647 0.7196652719665272 0.9941176470588236 0.7301255230125523 0.9988235294117647 0.9916317991631798 0.9988235294117647 0.99581589958159 0.9811764705882353 0.9874476987447698 0.9658823529411764 0.9560669456066945 0.9670588235294117 0.895397489539749 0.9623529411764705 0.807531380753138 0.968235294117647 0.7803347280334727 0.9623529411764705 0.700836820083682 0.9611764705882353 0.6736401673640167 0.9717647058823529 0.5669456066945606 0.9658823529411764 0.4623430962343096 0.9670588235294117 0.4372384937238493 0.9635294117647059 0.3577405857740586 0.9623529411764705 0.3389121338912134 0.9635294117647059 0.3305439330543933 0.968235294117647 0.3263598326359832 0.9635294117647059 0.28870292887029286 0.9647058823529411 0.2615062761506276 0.9541176470588235 0.23849372384937237 0.9529411764705882 0.23221757322175735 0.9564705882352941 0.2301255230125523 0.951764705882353 0.21757322175732216 0.9494117647058824 0.1799163179916318 0.9529411764705882 0.13807531380753138 0.9494117647058824 0.10878661087866108 0.9552941176470588 0.09832635983263598 0.951764705882353 0.058577405857740586 0.9529411764705882 0.043933054393305436 0.9494117647058824 0.0397489539748954 0.9541176470588235 0.03138075313807531 0.9529411764705882 0.03138075313807531 0.9494117647058824 0.016736401673640166 0.9529411764705882 0.012552301255230125 0.9741176470588234 0.0041841004184100415 0.9811764705882353
0 0.6966527196652719 0.9988235294117647 0.707112970711297 0.9988235294117647 0.707112970711297 0.9941176470588236 0.7133891213389121 0.9941176470588236 0.7092050209205021 0.9929411764705882 0.6966527196652719 0.9952941176470589 0.6966527196652719 0.9988235294117647
0 0.8284518828451883 0.9988235294117647 0.9895397489539748 0.9988235294117647 0.9937238493723848 0.9929411764705882 0.9916317991631798 0.9670588235294117 0.9665271966527197 0.9694117647058823 0.9539748953974895 0.976470588235294 0.9435146443514644 0.968235294117647 0.9351464435146444 0.9752941176470588 0.9267782426778242 0.9752941176470588 0.9246861924686192 0.9658823529411764 0.8828451882845189 0.9635294117647059 0.8577405857740585 0.9658823529411764 0.8242677824267781 0.976470588235294 0.8200836820083681 0.9941176470588236 0.8284518828451883 0.9988235294117647