0 0.11640625 0.8625429553264606 0.1265625 0.88659793814433 0.12890625 0.9072164948453609 0.1359375 0.9175257731958764 0.14609375 0.963917525773196 0.15625 0.9879725085910653 0.19375 0.9828178694158076 0.21328125 0.9879725085910653 0.2296875 0.9759450171821307 0.23046875 0.9690721649484537 0.21171875 0.8883161512027492 0.20859375 0.8505154639175257 0.20234375 0.8436426116838488 0.20078125 0.8333333333333334 0.2078125 0.7989690721649485 0.2078125 0.7835051546391754 0.2125 0.7783505154639176 0.21484375 0.7611683848797252 0.22109375 0.752577319587629 0.22265625 0.7405498281786942 0.23046875 0.7302405498281788 0.2359375 0.6993127147766324 0.23359375 0.6907216494845361 0.22421875 0.6838487972508591 0.19765625 0.6907216494845361 0.1671875 0.6890034364261168 0.1609375 0.6975945017182131 0.1578125 0.7130584192439863 0.14921875 0.731958762886598 0.13125 0.7560137457044674 0.11328125 0.7989690721649485 0.11328125 0.809278350515464 0.10859375 0.8127147766323025 0.1078125 0.8213058419243987 0.11640625 0.8625429553264606
0 0.02890625 0.9226804123711341 0.028125 0.9175257731958764 0.02578125 0.9243986254295533 0.02890625 0.9226804123711341
0 0.021875 0.8487972508591065 0.0203125 0.8470790378006873 0.01875 0.8487972508591065 0.021875 0.8487972508591065
0 0.01171875 0.816151202749141 0.00859375 0.8127147766323025 0.0078125 0.8178694158075602 0.01171875 0.816151202749141
0 0.00703125 0.7886597938144331 0.00859375 0.7989690721649485 0.0109375 0.7903780068728523 0.01875 0.7886597938144331 0.02265625 0.7800687285223369 0.025 0.7886597938144331 0.03046875 0.7938144329896908 0.040625 0.79553264604811 0.03828125 0.8075601374570448 0.0328125 0.816151202749141 0.0328125 0.8333333333333334 0.01796875 0.8333333333333334 0.03046875 0.845360824742268 0.03359375 0.8556701030927837 0.034375 0.8762886597938145 0.03203125 0.8900343642611684 0.034375 0.9037800687285223 0.04765625 0.9261168384879725 0.0484375 0.9381443298969072 0.0625 0.9604810996563575 0.06796875 0.9793814432989691 0.07890625 0.9879725085910653 0.0984375 0.9896907216494846 0.1328125 0.9862542955326461 0.1421875 0.9776632302405499 0.140625 0.957044673539519 0.1359375 0.9467353951890034 0.1375 0.9415807560137457 0.1265625 0.9054982817869417 0.1265625 0.8934707903780069 0.1203125 0.8831615120274915 0.115625 0.8591065292096222 0.10625 0.8487972508591065 0.10546875 0.8384879725085911 0.10234375 0.8333333333333334 0.10234375 0.816151202749141 0.1046875 0.79553264604811 0.10859375 0.7869415807560138 0.1125 0.7869415807560138 0.12421875 0.7560137457044674 0.1375 0.7371134020618557 0.1515625 0.7079037800687286 0.15390625 0.6924398625429553 0.146875 0.6718213058419245 0.1296875 0.6701030927835052 0.11328125 0.6786941580756014 0.0921875 0.6769759450171822 0.0859375 0.6701030927835052 0.06640625 0.6735395189003437 0.06015625 0.6907216494845361 0.05390625 0.6941580756013745 0.05078125 0.7044673539518901 0.04296875 0.7061855670103093 0.0359375 0.7147766323024055 0.03515625 0.7371134020618557 0.0296875 0.7577319587628867 0.01484375 0.7663230240549829 0.01328125 0.7817869415807561 0.00703125 0.7886597938144331
0 0.296875 0.802405498281787 0.296875 0.8247422680412372 0.3078125 0.8728522336769761 0.30703125 0.8831615120274915 0.3171875 0.9347079037800687 0.31640625 0.9518900343642611 0.32578125 0.9673539518900345 0.32734375 0.9828178694158076 0.334375 0.9914089347079038 0.365625 0.9776632302405499 0.37265625 0.9845360824742269 0.37421875 0.9776632302405499 0.37734375 0.9845360824742269 0.3796875 0.9810996563573884 0.38671875 0.9879725085910653 0.41015625 0.9845360824742269 0.4078125 0.929553264604811 0.40234375 0.9072164948453609 0.39765625 0.8625429553264606 0.39296875 0.8470790378006873 0.39453125 0.8350515463917526 0.3859375 0.7646048109965636 0.38984375 0.7130584192439863 0.3953125 0.6872852233676976 0.3953125 0.6786941580756014 0.3890625 0.661512027491409 0.3328125 0.6632302405498283 0.32109375 0.6718213058419245 0.31328125 0.7044673539518901 0.303125 0.7285223367697595 0.2984375 0.7560137457044674 0.29296875 0.7680412371134021 0.2921875 0.7852233676975946 0.296875 0.802405498281787
0 0.821875 0.6993127147766324 0.8203125 0.6975945017182131 0.81875 0.6993127147766324 0.821875 0.6993127147766324
0 0.80625 0.63984375 0.003125 0.0015625
0 0.74375 0.6512027491408936 0.7515625 0.6838487972508591 0.75859375 0.6804123711340206 0.75703125 0.6649484536082475 0.75859375 0.661512027491409 0.76171875 0.6666666666666667 0.7640625 0.6529209621993128 0.76875 0.6529209621993128 0.7734375 0.6632302405498283 0.7703125 0.6786941580756014 0.77421875 0.6838487972508591 0.771875 0.6924398625429553 0.76796875 0.6941580756013745 0.77109375 0.6975945017182131 0.76328125 0.7096219931271478 0.7640625 0.7233676975945018 0.7546875 0.7336769759450172 0.75390625 0.7646048109965636 0.746875 0.802405498281787 0.740625 0.8814432989690723 0.73359375 0.9106529209621994 0.73203125 0.9725085910652922 0.7390625 0.9810996563573884 0.76171875 0.9776632302405499 0.76953125 0.9828178694158076 0.8 0.9845360824742269 0.8078125 0.9793814432989691 0.8109375 0.9742268041237114 0.81328125 0.9501718213058419 0.821875 0.9158075601374571 0.821875 0.8934707903780069 0.828125 0.8762886597938145 0.8390625 0.8230240549828179 0.840625 0.7886597938144331 0.8484375 0.752577319587629 0.846875 0.7199312714776632 0.8359375 0.7216494845360826 0.82890625 0.7096219931271478 0.8359375 0.6838487972508591 0.8328125 0.6890034364261168 0.83203125 0.6752577319587629 0.821875 0.6580756013745706 0.8140625 0.6563573883161513 0.809375 0.6649484536082475 0.80390625 0.6580756013745706 0.8015625 0.6529209621993128 0.80703125 0.6460481099656358 0.79921875 0.6340206185567011 0.8 0.6219931271477663 0.79453125 0.6219931271477663 0.7953125 0.6082474226804124 0.7796875 0.6065292096219932 0.765625 0.6151202749140894 0.7578125 0.6082474226804124 0.75546875 0.6134020618556701 0.73671875 0.6168384879725086 0.73359375 0.6254295532646049 0.73671875 0.6443298969072165 0.74375 0.6512027491408936
0 0.01015625 0.9089347079037802 0.009375 0.9209621993127148 0 0.9347079037800687 0 0.9742268041237114 0.0109375 0.993127147766323 0.03203125 0.9948453608247423 0.05390625 0.9862542955326461 0.05859375 0.9742268041237114 0.0546875 0.9604810996563575 0.05625 0.9450171821305842 0.04765625 0.9329896907216495 0.0375 0.9072164948453609 0.03203125 0.9037800687285223 0.03125 0.8591065292096222 0.02109375 0.8470790378006873 0.0140625 0.845360824742268 0.00078125 0.816151202749141 0 0.8986254295532646 0.01015625 0.9089347079037802
0 0.10234375 0.6460481099656358 0.11484375 0.6443298969072165 0.14375 0.6013745704467355 0.14921875 0.5859106529209622 0.1578125 0.5738831615120275 0.15625 0.5652920962199313 0.13984375 0.563573883161512 0.1296875 0.5429553264604812 0.13125 0.5292096219931273 0.14296875 0.5154639175257733 0.14765625 0.5034364261168386 0.1453125 0.49828178694158076 0.1171875 0.5085910652920963 0.10234375 0.5240549828178694 0.08046875 0.5601374570446735 0.08125 0.5824742268041238 0.10234375 0.6460481099656358
0 0.490625 0.9742268041237114 0.5078125 0.9828178694158076 0.51875 0.9776632302405499 0.5390625 0.9862542955326461 0.55703125 0.9862542955326461 0.559375 0.9742268041237114 0.5609375 0.9243986254295533 0.5609375 0.879725085910653 0.55859375 0.8728522336769761 0.5609375 0.8419243986254296 0.55859375 0.7594501718213059 0.56015625 0.7405498281786942 0.5515625 0.6237113402061857 0.54765625 0.6168384879725086 0.48046875 0.6219931271477663 0.47734375 0.6512027491408936 0.4765625 0.752577319587629 0.490625 0.9742268041237114
0 0.034375 0.9054982817869417 0.046875 0.9261168384879725 0.05078125 0.9450171821305842 0.06171875 0.9656357388316152 0.06328125 0.9793814432989691 0.078125 0.9896907216494846 0.13515625 0.9862542955326461 0.14296875 0.9793814432989691 0.14296875 0.9656357388316152 0.13828125 0.9484536082474226 0.1390625 0.9398625429553265 0.13125 0.9226804123711341 0.1265625 0.8951890034364262 0.12109375 0.8883161512027492 0.1171875 0.8659793814432991 0.1125 0.8556701030927837 0.08984375 0.8367697594501718 0.0546875 0.8384879725085911 0.04296875 0.8419243986254296 0.04375 0.8487972508591065 0.03359375 0.8642611683848799 0.03203125 0.8900343642611684 0.034375 0.9054982817869417
0 0.20078125 0.8195876288659795 0.20234375 0.8402061855670103 0.20703125 0.8487972508591065 0.2078125 0.8642611683848799 0.21953125 0.9123711340206186 0.225 0.9209621993127148 0.22578125 0.9381443298969072 0.234375 0.9725085910652922 0.240625 0.9776632302405499 0.30703125 0.9776632302405499 0.3125 0.9690721649484537 0.3109375 0.9278350515463918 0.3046875 0.9037800687285223 0.303125 0.8728522336769761 0.29609375 0.8539518900343642 0.29296875 0.8041237113402062 0.2890625 0.7920962199312716 0.296875 0.7336769759450172 0.30703125 0.7096219931271478 0.3109375 0.6924398625429553 0.3109375 0.6752577319587629 0.275 0.6735395189003437 0.25 0.6786941580756014 0.2375 0.6890034364261168 0.23046875 0.7285223367697595 0.22265625 0.7405498281786942 0.221875 0.752577319587629 0.20703125 0.7886597938144331 0.20546875 0.8109965635738833 0.20078125 0.8195876288659795
0 0.034375 0.7336769759450172 0.02734375 0.7542955326460482 0.01953125 0.7577319587628867 0.0046875 0.7766323024054984 0.00625 0.8195876288659795 0.02109375 0.8419243986254296 0.06328125 0.8419243986254296 0.09921875 0.8350515463917526 0.103125 0.8195876288659795 0.1046875 0.79553264604811 0.1125 0.7886597938144331 0.1296875 0.745704467353952 0.1390625 0.738831615120275 0.1546875 0.7010309278350516 0.15546875 0.6924398625429553 0.14609375 0.668384879725086 0.128125 0.668384879725086 0.11484375 0.6769759450171822 0.09140625 0.6752577319587629 0.0796875 0.668384879725086 0.065625 0.6735395189003437 0.05859375 0.6907216494845361 0.05234375 0.6941580756013745 0.0484375 0.7044673539518901 0.0375 0.7096219931271478 0.034375 0.7199312714776632 0.034375 0.7336769759450172
0 0.4875 0.6237113402061857 0.5078125 0.6168384879725086 0.540625 0.6185567010309279 0.55078125 0.6134020618556701 0.55234375 0.5927835051546392 0.55 0.5618556701030928 0.546875 0.5378006872852235 0.5421875 0.5257731958762888 0.49140625 0.534364261168385 0.48515625 0.5412371134020619 0.4859375 0.5498281786941581 0.48203125 0.5584192439862543 0.48203125 0.6134020618556701 0.4875 0.6237113402061857
0 0.56953125 0.6975945017182131 0.5703125 0.7353951890034365 0.5703125 0.7852233676975946 0.56796875 0.7903780068728523 0.56953125 0.8281786941580757 0.56640625 0.8350515463917526 0.56953125 0.8436426116838488 0.57109375 0.879725085910653 0.57109375 0.9725085910652922 0.57421875 0.9862542955326461 0.57890625 0.9879725085910653 0.60859375 0.9862542955326461 0.6125 0.9725085910652922 0.621875 0.9862542955326461 0.64140625 0.9879725085910653 0.64609375 0.963917525773196 0.64765625 0.879725085910653 0.6515625 0.8573883161512029 0.64921875 0.8350515463917526 0.653125 0.8178694158075602 0.65234375 0.7783505154639176 0.65546875 0.7680412371134021 0.653125 0.6786941580756014 0.6390625 0.6512027491408936 0.6421875 0.6426116838487973 0.640625 0.6271477663230242 0.63203125 0.6151202749140894 0.5796875 0.6151202749140894 0.5640625 0.6202749140893471 0.56328125 0.6357388316151203 0.56953125 0.6975945017182131
0 0.39765625 0.8178694158075602 0.396875 0.8333333333333334 0.40234375 0.8573883161512029 0.40234375 0.879725085910653 0.41015625 0.9175257731958764 0.41875 0.9862542955326461 0.43671875 0.9879725085910653 0.453125 0.9776632302405499 0.48046875 0.9862542955326461 0.4859375 0.963917525773196 0.4796875 0.88659793814433 0.48046875 0.845360824742268 0.47421875 0.7938144329896908 0.475 0.7680412371134021 0.471875 0.7405498281786942 0.475 0.6546391752577321 0.4734375 0.6288659793814434 0.4109375 0.6323024054982819 0.40390625 0.6391752577319588 0.40078125 0.6460481099656358 0.39921875 0.7130584192439863 0.39296875 0.7371134020618557 0.39453125 0.7439862542955327 0.3921875 0.7508591065292097 0.39140625 0.7886597938144331 0.39765625 0.8178694158075602
0 0.65625 0.6649484536082475 0.65859375 0.6786941580756014 0.6578125 0.6993127147766324 0.6625 0.731958762886598 0.65078125 0.8900343642611684 0.65078125 0.9810996563573884 0.6640625 0.9896907216494846 0.71796875 0.9862542955326461 0.7234375 0.9673539518900345 0.746875 0.7835051546391754 0.74921875 0.7268041237113403 0.7515625 0.7199312714776632 0.74765625 0.6890034364261168 0.71640625 0.6030927835051547 0.67421875 0.6065292096219932 0.6640625 0.6134020618556701 0.6640625 0.6202749140893471 0.6578125 0.6219931271477663 0.65625 0.6271477663230242 0.65 0.6271477663230242 0.65 0.6529209621993128 0.65625 0.6649484536082475