0 0.24058577405857742 0.025882352941176467 0.24476987447698742 0.02823529411764706 0.24267782426778242 0.023529411764705882 0.23430962343096234 0.024705882352941178 0.23221757322175735 0.029411764705882353 0.24058577405857742 0.025882352941176467
0 0.80625 0.0125 0.00234375 0.0015625
0 0.2217573221757322 0.01647058823529412 0.21548117154811716 0.011764705882352941 0.21338912133891214 0.015294117647058824 0.2217573221757322 0.01647058823529412
0 0.665625 0.00546875 0.00390625 0.0015625
0 0.26171875 0.00546875 0.00390625 0.0015625
0 0.23849372384937237 0.011764705882352941 0.23430962343096234 0.01764705882352941 0.24058577405857742 0.012941176470588234 0.23221757322175735 0.004705882352941176 0.2301255230125523 0.009411764705882352 0.23849372384937237 0.011764705882352941
0 0.2845188284518828 0.02 0.2907949790794979 0.011764705882352941 0.27405857740585776 0.0035294117647058825 0.2719665271966527 0.01647058823529412 0.2845188284518828 0.02
0 0.03556485355648535 0.24352941176470586 0.10669456066945607 0.22470588235294117 0.21129707112970708 0.20470588235294115 0.23849372384937237 0.18588235294117647 0.30962343096234307 0.16588235294117645 0.3200836820083682 0.16588235294117645 0.32426778242677823 0.17411764705882354 0.3389121338912134 0.16470588235294117 0.34728033472803344 0.17176470588235293 0.3598326359832636 0.16705882352941176 0.37866108786610875 0.16705882352941176 0.38284518828451886 0.1776470588235294 0.38284518828451886 0.17058823529411765 0.399581589958159 0.16470588235294117 0.3912133891213389 0.1611764705882353 0.38912133891213385 0.15411764705882353 0.401673640167364 0.14823529411764708 0.5397489539748953 0.11764705882352941 0.5878661087866108 0.10235294117647058 0.606694560669456 0.10235294117647058 0.6631799163179916 0.08823529411764705 0.6736401673640167 0.08941176470588234 0.7280334728033473 0.07882352941176471 0.7322175732217573 0.05529411764705883 0.7447698744769874 0.049411764705882356 0.7677824267782427 0.049411764705882356 0.7698744769874477 0.042352941176470586 0.7866108786610878 0.03294117647058824 0.7803347280334727 0.02823529411764706 0.7824267782426778 0.012941176470588234 0.7719665271966527 0.00823529411764706 0.7698744769874477 0 0.7531380753138075 0 0.7468619246861924 0.007058823529411765 0.7426778242677824 0.002352941176470588 0.7196652719665272 0.0035294117647058825 0.7175732217573222 0.00823529411764706 0.698744769874477 0.015294117647058824 0.6882845188284519 0.010588235294117647 0.6715481171548117 0.01411764705882353 0.6631799163179916 0.011764705882352941 0.6569037656903765 0.021176470588235293 0.6401673640167364 0.02 0.6401673640167364 0.00823529411764706 0.6297071129707112 0.012941176470588234 0.6192468619246861 0.010588235294117647 0.612970711297071 0.0035294117647058825 0.5962343096234309 0.004705882352941176 0.5878661087866108 0.018823529411764704 0.5753138075313807 0.004705882352941176 0.5669456066945606 0.0035294117647058825 0.5585774058577406 0.010588235294117647 0.5502092050209205 0.0035294117647058825 0.5334728033472803 0.0058823529411764705 0.5209205020920502 0 0.48117154811715485 0 0.47489539748953974 0.00823529411764706 0.4623430962343096 0.010588235294117647 0.4560669456066945 0.01647058823529412 0.4476987447698745 0 0.3933054393305439 0 0.3723849372384937 0.007058823529411765 0.34518828451882844 0.03411764705882353 0.27615062761506276 0.051764705882352935 0.24058577405857742 0.05058823529411764 0.19665271966527195 0.03529411764705882 0.17364016736401672 0.03294117647058824 0.1422594142259414 0.012941176470588234 0.1317991631799163 0 0.09414225941422594 0 0.08368200836820083 0.01764705882352941 0.06276150627615062 0 0.046025104602510455 0 0.029288702928870293 0.012941176470588234 0.02092050209205021 0.010588235294117647 0.014644351464435146 0.015294117647058824 0.0041841004184100415 0.01411764705882353 0.0041841004184100415 0.24705882352941178 0.03556485355648535 0.24352941176470586
0 0.8410041841004183 0.9988235294117647 0.8472803347280335 0.9941176470588236 0.8577405857740585 0.9988235294117647 0.9895397489539748 0.9988235294117647 0.997907949790795 0.983529411764706 0.99581589958159 0.9470588235294117 0.9916317991631798 0.9447058823529412 0.9476987447698745 0.9529411764705882 0.9372384937238494 0.9705882352941175 0.9142259414225942 0.983529411764706 0.8765690376569036 0.983529411764706 0.8535564853556485 0.9741176470588234 0.8410041841004183 0.9741176470588234 0.7364016736401673 0.9941176470588236 0.7280334728033473 0.9988235294117647 0.8410041841004183 0.9988235294117647
0 0.008368200836820083 0.30588235294117644 0.014644351464435146 0.30470588235294116 0.02092050209205021 0.31176470588235294 0.010460251046025104 0.31176470588235294 0.014644351464435146 0.3211764705882353 0.0041841004184100415 0.3411764705882353 0.0041841004184100415 0.40705882352941175 0.010460251046025104 0.4294117647058823 0.008368200836820083 0.4458823529411765 0 0.4552941176470588 0 0.5470588235294118 0.010460251046025104 0.5517647058823529 0.0020920502092050207 0.5635294117647058 0.0041841004184100415 0.6505882352941177 0.010460251046025104 0.6635294117647058 0.0041841004184100415 0.6717647058823529 0.010460251046025104 0.7058823529411764 0.0041841004184100415 0.7729411764705882 0.010460251046025104 0.7894117647058823 0 0.8494117647058823 0.043933054393305436 0.9094117647058824 0.0502092050209205 0.9611764705882353 0.0711297071129707 0.991764705882353 0.09205020920502091 0.9952941176470589 0.10460251046025104 0.9882352941176471 0.14644351464435146 0.9858823529411765 0.1527196652719665 0.9894117647058824 0.17364016736401672 0.983529411764706 0.18410041841004182 0.9870588235294118 0.19456066945606693 0.9811764705882353 0.22594142259414224 0.9894117647058824 0.22384937238493724 0.9941176470588236 0.2510460251046025 0.983529411764706 0.2615062761506276 0.9894117647058824 0.2866108786610878 0.9858823529411765 0.2949790794979079 0.9964705882352941 0.299163179916318 0.9941176470588236 0.30962343096234307 0.9988235294117647 0.3158995815899582 0.9952941176470589 0.34100418410041844 0.9941176470588236 0.3514644351464435 0.9941176470588236 0.3598326359832636 0.9988235294117647 0.38493723849372385 0.9941176470588236 0.403765690376569 0.9952941176470589 0.41631799163179917 0.9858823529411765 0.4309623430962343 0.9952941176470589 0.4456066945606694 0.9941176470588236 0.4623430962343096 0.9988235294117647 0.47698744769874474 0.9988235294117647 0.48326359832635984 0.9952941176470589 0.502092050209205 0.9988235294117647 0.5125523012552301 0.9952941176470589 0.5188284518828452 0.9988235294117647 0.5481171548117155 0.9929411764705882 0.5711297071129706 0.9964705882352941 0.5878661087866108 0.9823529411764707 0.604602510460251 0.9823529411764707 0.6213389121338911 0.9952941176470589 0.6569037656903765 0.9941176470588236 0.6673640167364017 0.9882352941176471 0.6715481171548117 0.9941176470588236 0.6945606694560669 0.9964705882352941 0.8242677824267781 0.9717647058823529 0.8493723849372385 0.9705882352941175 0.8765690376569036 0.9800000000000001 0.9184100418410042 0.976470588235294 0.9309623430962344 0.9694117647058823 0.9393305439330544 0.9482352941176471 0.9748953974895397 0.9423529411764706 0.99581589958159 0.9329411764705883 0.99581589958159 0.8588235294117647 0.9895397489539748 0.8305882352941177 0.997907949790795 0.8105882352941176 0.9916317991631798 0.7729411764705882 0.997907949790795 0.7541176470588236 0.997907949790795 0.5011764705882353 0.9916317991631798 0.4894117647058824 0.99581589958159 0.44941176470588234 0.9874476987447698 0.40588235294117647 0.99581589958159 0.3776470588235294 0.9916317991631798 0.3376470588235294 0.997907949790795 0.30117647058823527 0.997907949790795 0.11529411764705881 0.9832635983263598 0.0976470588235294 0.9539748953974895 0.08235294117647059 0.9351464435146444 0.0811764705882353 0.9246861924686192 0.07294117647058823 0.9142259414225942 0.07176470588235294 0.899581589958159 0.07647058823529411 0.905857740585774 0.08470588235294117 0.899581589958159 0.08823529411764705 0.907949790794979 0.09294117647058824 0.903765690376569 0.09647058823529411 0.8640167364016736 0.09882352941176471 0.8661087866108786 0.09176470588235294 0.8577405857740585 0.09176470588235294 0.8535564853556485 0.09647058823529411 0.8347280334728033 0.08588235294117647 0.6861924686192469 0.12 0.6778242677824268 0.1188235294117647 0.6485355648535565 0.12823529411764706 0.6192468619246861 0.15058823529411763 0.4958158995815899 0.1788235294117647 0.401673640167364 0.1952941176470588 0.37656903765690375 0.20352941176470588 0.3514644351464435 0.20588235294117646 0.1401673640167364 0.2529411764705882 0.09623430962343096 0.2458823529411765 0.03765690376569038 0.2564705882352941 0.0041841004184100415 0.26705882352941174 0.0020920502092050207 0.29647058823529415 0.008368200836820083 0.30588235294117644
0 0.9769874476987447 0.07882352941176471 0.9769874476987447 0.07058823529411765 0.9853556485355648 0.06352941176470588 0.9665271966527197 0.06 0.9623430962343097 0.07764705882352942 0.9769874476987447 0.07882352941176471
0 0.27824267782426776 0.0058823529411764705 0.2719665271966527 0 0.24267782426778242 0 0.23430962343096234 0.0035294117647058825 0.2217573221757322 0 0.20920502092050208 0.007058823529411765 0.19456066945606693 0 0.13807531380753138 0 0.13807531380753138 0.004705882352941176 0.17154811715481172 0.02823529411764706 0.20502092050209203 0.041176470588235294 0.2719665271966527 0.049411764705882356 0.2949790794979079 0.04588235294117647 0.3389121338912134 0.03058823529411765 0.36820083682008364 0.010588235294117647 0.37029288702928864 0 0.28870292887029286 0 0.27824267782426776 0.0058823529411764705
0 0.2510460251046025 0.19764705882352943 0.24476987447698742 0.1952941176470588 0.24686192468619245 0.20235294117647057 0.2510460251046025 0.19764705882352943
0 0.303347280334728 0.1952941176470588 0.299163179916318 0.19058823529411764 0.2907949790794979 0.19176470588235295 0.28870292887029286 0.19647058823529412 0.303347280334728 0.1952941176470588
0 0.2719665271966527 0.19764705882352943 0.27405857740585776 0.19176470588235295 0.2615062761506276 0.19058823529411764 0.2615062761506276 0.19764705882352943 0.2719665271966527 0.19764705882352943
0 0.259375 0.00625 0.00390625 0.00390625
0 0.23430962343096234 0.012941176470588234 0.23640167364016734 0.004705882352941176 0.2301255230125523 0.004705882352941176 0.23430962343096234 0.012941176470588234
0 0.27615062761506276 0.012941176470588234 0.28870292887029286 0.01647058823529412 0.2907949790794979 0.010588235294117647 0.27824267782426776 0.0035294117647058825 0.2866108786610878 0.010588235294117647 0.27615062761506276 0.012941176470588234
0 0.1640625 0.00078125 0.00234375 0.0015625
0 0.012552301255230125 0.24823529411764705 0.20920502092050208 0.20588235294117646 0.23849372384937237 0.18705882352941178 0.30962343096234307 0.16705882352941176 0.3200836820083682 0.17176470588235293 0.32426778242677823 0.18705882352941178 0.33263598326359833 0.18823529411764706 0.32426778242677823 0.19411764705882353 0.3263598326359832 0.20235294117647057 0.34100418410041844 0.19411764705882353 0.3493723849372385 0.1988235294117647 0.3723849372384937 0.18352941176470589 0.3807531380753138 0.18470588235294116 0.3807531380753138 0.18941176470588234 0.38912133891213385 0.18823529411764706 0.399581589958159 0.17411764705882354 0.41422594142259417 0.17529411764705882 0.42677824267782427 0.16823529411764707 0.4393305439330543 0.17058823529411765 0.4372384937238493 0.1611764705882353 0.42887029288702927 0.16470588235294117 0.41004184100418406 0.16352941176470587 0.399581589958159 0.15529411764705883 0.41422594142259417 0.14588235294117646 0.5523012552301255 0.11411764705882352 0.5711297071129706 0.11294117647058824 0.5815899581589958 0.12 0.5857740585774058 0.11176470588235295 0.5941422594142259 0.11294117647058824 0.598326359832636 0.10705882352941176 0.7343096234309623 0.07764705882352942 0.7468619246861924 0.07764705882352942 0.7677824267782427 0.08470588235294117 0.7970711297071129 0.08235294117647059 0.903765690376569 0.057647058823529405 0.9246861924686192 0.05647058823529412 0.9728033472803347 0.041176470588235294 0.9769874476987447 0.04470588235294117 0.997907949790795 0.036470588235294116 0.9937238493723848 0 0.9414225941422594 0 0.9309623430962344 0.007058823529411765 0.9142259414225942 0.007058823529411765 0.901673640167364 0 0.8723849372384936 0 0.8640167364016736 0.0035294117647058825 0.8451882845188283 0 0.47698744769874474 0 0.4581589958158996 0.015294117647058824 0.4518828451882845 0 0.38493723849372385 0 0.3723849372384937 0.0035294117647058825 0.34728033472803344 0.02823529411764706 0.3284518828451882 0.03764705882352941 0.301255230125523 0.047058823529411764 0.2615062761506276 0.051764705882352935 0.22594142259414224 0.04823529411764706 0.19456066945606693 0.036470588235294116 0.17154811715481172 0.03294117647058824 0.1297071129707113 0 0.0899581589958159 0 0.07531380753138076 0.004705882352941176 0.06694560669456066 0 0.043933054393305436 0 0.029288702928870293 0.010588235294117647 0.008368200836820083 0.010588235294117647 0.0020920502092050207 0.01411764705882353 0 0.24823529411764705 0.012552301255230125 0.24823529411764705