0 0.66484375 0.3470790378006873 0.69453125 0.44673539518900346 0.7046875 0.49312714776632305 0.71015625 0.5 0.7234375 0.5034364261168386 0.78671875 0.49312714776632305 0.796875 0.5 0.80546875 0.49312714776632305 0.83125 0.49312714776632305 0.84140625 0.5034364261168386 0.85546875 0.5429553264604812 0.865625 0.5618556701030928 0.86953125 0.5618556701030928 0.88359375 0.5326460481099657 0.8875 0.5120274914089348 0.896875 0.49312714776632305 0.896875 0.4828178694158076 0.87578125 0.4398625429553265 0.859375 0.41924398625429554 0.834375 0.3608247422680413 0.82421875 0.34879725085910657 0.80703125 0.31271477663230246 0.7953125 0.2972508591065292 0.71953125 0.3041237113402062 0.69921875 0.31099656357388317 0.6703125 0.302405498281787 0.659375 0.3041237113402062 0.65859375 0.31615120274914094 0.66484375 0.3470790378006873
0 0.36484375 0.7594501718213059 0.43828125 0.7577319587628867 0.44296875 0.7233676975945018 0.44765625 0.6323024054982819 0.4265625 0.6271477663230242 0.38359375 0.6288659793814434 0.378125 0.6391752577319588 0.37265625 0.6718213058419245 0.3640625 0.7285223367697595 0.36484375 0.7594501718213059
0 0.58125 0.4896907216494846 0.6296875 0.4896907216494846 0.6359375 0.4828178694158076 0.6234375 0.41580756013745707 0.61171875 0.41065292096219935 0.5703125 0.4175257731958763 0.57578125 0.4742268041237113 0.58125 0.4896907216494846
0 0.3484375 0.9381443298969072 0.3484375 0.9484536082474226 0.3578125 0.9621993127147768 0.35546875 0.970790378006873 0.3625 0.9776632302405499 0.37421875 0.9810996563573884 0.3796875 0.963917525773196 0.38359375 0.9690721649484537 0.38359375 0.9587628865979383 0.38828125 0.9536082474226806 0.38828125 0.9467353951890034 0.4 0.9467353951890034 0.4046875 0.9536082474226806 0.4078125 0.9415807560137457 0.4203125 0.9518900343642611 0.4203125 0.9621993127147768 0.42265625 0.963917525773196 0.43515625 0.9587628865979383 0.4390625 0.9415807560137457 0.434375 0.8642611683848799 0.4375 0.852233676975945 0.43984375 0.7663230240549829 0.42890625 0.7611683848797252 0.36328125 0.7663230240549829 0.3609375 0.7714776632302407 0.34765625 0.879725085910653 0.34453125 0.929553264604811 0.3484375 0.9381443298969072
0 0.5640625 0.35738831615120276 0.609375 0.34879725085910657 0.60078125 0.3041237113402062 0.6015625 0.29553264604810997 0.584375 0.29037800687285226 0.55390625 0.2972508591065292 0.55625 0.3470790378006873 0.5640625 0.35738831615120276
0 0.1203125 0.6288659793814434 0.11953125 0.6357388316151203 0.12265625 0.6460481099656358 0.14375 0.6924398625429553 0.15078125 0.6890034364261168 0.1578125 0.6632302405498283 0.16796875 0.6443298969072165 0.16796875 0.6134020618556701 0.16328125 0.6082474226804124 0.15703125 0.6082474226804124 0.15 0.6185567010309279 0.134375 0.6116838487972509 0.1109375 0.6134020618556701 0.1125 0.6219931271477663 0.1203125 0.6288659793814434
0 0.45859375 0.5034364261168386 0.51171875 0.4948453608247423 0.5140625 0.4828178694158076 0.51328125 0.45017182130584193 0.5078125 0.41580756013745707 0.46015625 0.422680412371134 0.45625 0.46219931271477666 0.45546875 0.49312714776632305 0.45859375 0.5034364261168386
0 0.47421875 0.422680412371134 0.5078125 0.42439862542955326 0.5109375 0.4175257731958763 0.509375 0.3694158075601375 0.5046875 0.35223367697594504 0.46328125 0.35738831615120276 0.459375 0.37457044673539525 0.46015625 0.4295532646048111 0.47421875 0.422680412371134
0 0.109375 0.6099656357388317 0.14765625 0.604810996563574 0.17578125 0.6116838487972509 0.1828125 0.5996563573883162 0.1875 0.577319587628866 0.1859375 0.570446735395189 0.1546875 0.5721649484536082 0.146875 0.563573883161512 0.1203125 0.5721649484536082 0.0953125 0.5721649484536082 0.09296875 0.577319587628866 0.109375 0.6099656357388317
0 0.57578125 0.48453608247422686 0.56796875 0.422680412371134 0.5625 0.41408934707903783 0.51875 0.422680412371134 0.5140625 0.42783505154639184 0.51875 0.4914089347079038 0.57578125 0.48453608247422686
0 0.80234375 0.4175257731958763 0.8078125 0.43642611683848803 0.8328125 0.4948453608247423 0.84453125 0.5103092783505155 0.8828125 0.5120274914089348 0.88671875 0.5189003436426117 0.88671875 0.513745704467354 0.89296875 0.5068728522336771 0.89765625 0.49312714776632305 0.89765625 0.4828178694158076 0.890625 0.46735395189003437 0.88515625 0.46219931271477666 0.8765625 0.4398625429553265 0.85859375 0.41924398625429554 0.8546875 0.4037800687285224 0.828125 0.3505154639175258 0.81015625 0.34192439862542956 0.77890625 0.35223367697594504 0.78203125 0.372852233676976 0.80234375 0.4175257731958763
0 0.6265625 0.41408934707903783 0.675 0.4123711340206186 0.67734375 0.4072164948453609 0.66796875 0.365979381443299 0.65859375 0.3505154639175258 0.6140625 0.3556701030927835 0.6171875 0.39003436426116844 0.6265625 0.41408934707903783
0 0.22890625 0.4639175257731959 0.2421875 0.44673539518900346 0.2546875 0.40034364261168387 0.25 0.3934707903780069 0.20859375 0.3934707903780069 0.184375 0.4518900343642612 0.18515625 0.46219931271477666 0.22890625 0.4639175257731959
0 0.85390625 0.5429553264604812 0.86953125 0.5670103092783505 0.89140625 0.5154639175257733 0.846875 0.5120274914089348 0.846875 0.520618556701031 0.85390625 0.5429553264604812
0 0.58828125 0.584192439862543 0.58125 0.5189003436426117 0.575 0.49312714776632305 0.5359375 0.49312714776632305 0.51953125 0.49828178694158076 0.521875 0.5910652920962199 0.58828125 0.584192439862543
0 0.775 0.752577319587629 0.78828125 0.7972508591065293 0.8109375 0.9037800687285223 0.80625 0.9106529209621994 0.80703125 0.9158075601374571 0.796875 0.9226804123711341 0.78671875 0.9467353951890034 0.77890625 0.957044673539519 0.775 0.9828178694158076 0.778125 0.9862542955326461 0.81484375 0.9896907216494846 0.821875 0.9862542955326461 0.82265625 0.9810996563573884 0.8359375 0.9776632302405499 0.85078125 0.9879725085910653 0.865625 0.9810996563573884 0.86953125 0.9896907216494846 0.87734375 0.993127147766323 0.91171875 0.9896907216494846 0.9171875 0.9810996563573884 0.93671875 0.9896907216494846 0.94609375 0.9845360824742269 0.95 0.9742268041237114 0.95625 0.970790378006873 0.96015625 0.957044673539519 0.9671875 0.9536082474226806 0.98046875 0.9261168384879725 0.98828125 0.9209621993127148 0.98984375 0.9089347079037802 0.99921875 0.8986254295532646 0.996875 0.879725085910653 0.9890625 0.8694158075601376 0.98828125 0.8505154639175257 0.9765625 0.8402061855670103 0.97734375 0.8281786941580757 0.975 0.8178694158075602 0.96796875 0.816151202749141 0.96328125 0.7938144329896908 0.9546875 0.7869415807560138 0.953125 0.7680412371134021 0.94453125 0.7577319587628867 0.9421875 0.7422680412371134 0.78203125 0.7422680412371134 0.775 0.7439862542955327 0.775 0.752577319587629
0 0.1578125 0.38659793814432997 0.159375 0.37972508591065296 0.16875 0.3883161512027492 0.225 0.39003436426116844 0.21953125 0.3762886597938145 0.221875 0.36769759450171824 0.23828125 0.3608247422680413 0.24140625 0.35223367697594504 0.2671875 0.34536082474226804 0.2546875 0.3470790378006873 0.24765625 0.34192439862542956 0.23359375 0.3470790378006873 0.23046875 0.3384879725085911 0.1984375 0.3384879725085911 0.18046875 0.3402061855670103 0.1703125 0.35223367697594504 0.15703125 0.38316151202749144 0.1578125 0.38659793814432997
0 0.3484375 0.40625 0.00078125 0.0015625
0 0.31171875 0.40034364261168387 0.35546875 0.39862542955326463 0.35546875 0.39003436426116844 0.36328125 0.36426116838487976 0.36640625 0.3264604810996564 0.32265625 0.3298969072164949 0.31328125 0.36769759450171824 0.3109375 0.3814432989690722 0.31171875 0.40034364261168387
0 0.36171875 0.9948453608247423 0.4421875 0.9948453608247423 0.44609375 0.993127147766323 0.45 0.9793814432989691 0.44453125 0.9604810996563575 0.44140625 0.9329896907216495 0.4359375 0.9175257731958764 0.42734375 0.9312714776632303 0.38671875 0.9312714776632303 0.36875 0.9347079037800687 0.3640625 0.9432989690721649 0.35859375 0.936426116838488 0.35546875 0.9432989690721649 0.3484375 0.9381443298969072 0.353125 0.9725085910652922 0.36171875 0.9948453608247423
0 0.434375 0.9109375 0.00078125 0.003125
0 0.640625 0.49312714776632305 0.67109375 0.4965635738831615 0.7 0.4914089347079038 0.69296875 0.45360824742268047 0.68359375 0.422680412371134 0.678125 0.41408934707903783 0.62890625 0.41580756013745707 0.62890625 0.4347079037800688 0.640625 0.49312714776632305
0 0.090625 0.5515463917525774 0.090625 0.570446735395189 0.14375 0.6890034364261168 0.14765625 0.6890034364261168 0.15546875 0.6632302405498283 0.16484375 0.6494845360824744 0.17265625 0.6168384879725086 0.18203125 0.5945017182130584 0.184375 0.5807560137457045 0.18125 0.5721649484536082 0.1859375 0.570446735395189 0.15390625 0.5721649484536082 0.1453125 0.5515463917525774 0.1484375 0.5257731958762888 0.15859375 0.5103092783505155 0.159375 0.5 0.1640625 0.49312714776632305 0.1640625 0.47938144329896915 0.13359375 0.4810996563573884 0.128125 0.4725085910652921 0.11484375 0.47079037800687284 0.09609375 0.5017182130584193 0.084375 0.5292096219931273 0.084375 0.5429553264604812 0.090625 0.5515463917525774
0 0.24296875 0.6305841924398626 0.24453125 0.6426116838487973 0.2953125 0.6408934707903781 0.30859375 0.6357388316151203 0.31953125 0.5756013745704468 0.32578125 0.5549828178694158 0.32578125 0.5378006872852235 0.271875 0.5395189003436427 0.26640625 0.5446735395189004 0.26328125 0.5549828178694158 0.259375 0.5824742268041238 0.24296875 0.6305841924398626
0 0.2453125 0.45704467353951894 0.28984375 0.45360824742268047 0.296875 0.43814432989690727 0.30703125 0.3969072164948454 0.3 0.39003436426116844 0.2828125 0.38659793814432997 0.25859375 0.3934707903780069 0.24375 0.43814432989690727 0.24140625 0.45360824742268047 0.2453125 0.45704467353951894
0 0.1765625 0.7474226804123713 0.17578125 0.7508591065292097 0.19050707547169812 0.7520586137586722 0.1890625 0.745704467353952 0.1765625 0.7474226804123713
0 0.19375 0.745704467353952 0.19084821428571427 0.7520864015709378 0.196875 0.752577319587629 0.19375 0.745704467353952
0 0.19609375 0.7371134020618557 0.18984375 0.7353951890034365 0.18984375 0.7422680412371134 0.19609375 0.7371134020618557
0 0.1890625 0.72578125 0.00234375 0.0015625
0 0.1953125 0.72109375 0.0015625 0.0015625
0 0.175 0.725085910652921 0.18125 0.7199312714776632 0.175 0.718213058419244 0.171875 0.7199312714776632 0.175 0.725085910652921
0 0.1890625 0.718213058419244 0.18671875 0.7164948453608248 0.18515625 0.7199312714776632 0.1890625 0.718213058419244
0 0.19375 0.6953125 0.00234375 0.0015625
0 0.14453125 0.7508591065292097 0.14921875 0.7508591065292097 0.15078125 0.7371134020618557 0.1546875 0.7371134020618557 0.1546875 0.745704467353952 0.17109375 0.7474226804123713 0.171875 0.731958762886598 0.159375 0.7164948453608248 0.16796875 0.7044673539518901 0.1578125 0.6941580756013745 0.1640625 0.6821305841924399 0.18046875 0.6821305841924399 0.1734375 0.6786941580756014 0.1734375 0.6563573883161513 0.16875 0.6597938144329898 0.1703125 0.668384879725086 0.16640625 0.6752577319587629 0.1671875 0.6804123711340206 0.16171875 0.6735395189003437 0.15703125 0.6821305841924399 0.16015625 0.6855670103092784 0.15390625 0.6941580756013745 0.1578125 0.7079037800687286 0.1546875 0.7233676975945018 0.14765625 0.711340206185567 0.13984375 0.7268041237113403 0.13828125 0.7422680412371134 0.14453125 0.7508591065292097
0 0.2140625 0.6958762886597938 0.21796875 0.7010309278350516 0.21640625 0.7079037800687286 0.2078125 0.7061855670103093 0.20546875 0.6975945017182131 0.196875 0.6993127147766324 0.20546875 0.7044673539518901 0.20078125 0.7147766323024055 0.20234375 0.7199312714776632 0.2109375 0.7233676975945018 0.2109375 0.7302405498281788 0.1984375 0.7542955326460482 0.20546875 0.7731958762886599 0.221875 0.7766323024054984 0.26875 0.7749140893470792 0.27890625 0.7697594501718215 0.3484375 0.7697594501718215 0.36015625 0.7577319587628867 0.36171875 0.7233676975945018 0.3703125 0.6735395189003437 0.371875 0.6408934707903781 0.31015625 0.6391752577319588 0.24140625 0.6460481099656358 0.21953125 0.6649484536082475 0.21875 0.6786941580756014 0.2140625 0.6769759450171822 0.21171875 0.6821305841924399 0.20859375 0.6769759450171822 0.215625 0.6907216494845361 0.2140625 0.6958762886597938
0 0.109375 0.6151202749140894 0.1296875 0.6529209621993128 0.146875 0.6408934707903781 0.1546875 0.6408934707903781 0.1609375 0.6512027491408936 0.1640625 0.6494845360824744 0.175 0.6116838487972509 0.17265625 0.6065292096219932 0.15390625 0.604810996563574 0.11171875 0.6065292096219932 0.109375 0.6082474226804124 0.109375 0.6151202749140894
0 0.4578125 0.993127147766323 0.490625 0.9879725085910653 0.49296875 0.9948453608247423 0.51328125 0.9982817869415808 0.5203125 0.9948453608247423 0.52265625 0.9879725085910653 0.52265625 0.9415807560137457 0.51640625 0.9278350515463918 0.52109375 0.9192439862542956 0.51875 0.9140893470790379 0.50703125 0.9175257731958764 0.50546875 0.9261168384879725 0.49453125 0.929553264604811 0.490625 0.9243986254295533 0.4875 0.9312714776632303 0.48984375 0.936426116838488 0.484375 0.9432989690721649 0.4765625 0.9381443298969072 0.4765625 0.9312714776632303 0.47265625 0.9278350515463918 0.4671875 0.9398625429553265 0.44609375 0.9467353951890034 0.44921875 0.9793814432989691 0.4578125 0.993127147766323
0 0.1703125 0.372852233676976 0.16796875 0.365979381443299 0.16484375 0.372852233676976 0.1703125 0.372852233676976
0 0.21484375 0.3917525773195877 0.2546875 0.3917525773195877 0.2609375 0.38316151202749144 0.26875 0.3625429553264605 0.2703125 0.3505154639175258 0.2765625 0.3402061855670103 0.2453125 0.3350515463917526 0.2265625 0.3384879725085911 0.2265625 0.34536082474226804 0.21171875 0.3780068728522337 0.21015625 0.38659793814432997 0.21484375 0.3917525773195877
0 0.40546875 0.42783505154639184 0.40703125 0.44158075601374575 0.453125 0.43642611683848803 0.45625 0.4175257731958763 0.45625 0.3694158075601375 0.41953125 0.372852233676976 0.41171875 0.37972508591065296 0.41171875 0.3934707903780069 0.40546875 0.42783505154639184
0 0.70390625 0.3436426116838488 0.7234375 0.359106529209622 0.73671875 0.3505154639175258 0.76328125 0.34879725085910657 0.76640625 0.34192439862542956 0.7625 0.3230240549828179 0.753125 0.3178694158075602 0.75078125 0.30068728522336774 0.71640625 0.29896907216494845 0.69921875 0.3075601374570447 0.6984375 0.32130584192439865 0.70390625 0.3436426116838488
0 0.5796875 0.7164948453608248 0.596875 0.7147766323024055 0.59921875 0.7096219931271478 0.59921875 0.6855670103092784 0.59296875 0.6443298969072165 0.590625 0.5996563573883162 0.5875 0.5927835051546392 0.52890625 0.5979381443298969 0.525 0.6065292096219932 0.52265625 0.6288659793814434 0.52578125 0.7164948453608248 0.5796875 0.7164948453608248
0 0.02109375 0.8316151202749141 0.01953125 0.8298969072164949 0.01875 0.8333333333333334 0.02109375 0.8316151202749141
0 0.01328125 0.8762886597938145 0 0.9003436426116839 0 0.9914089347079038 0.0625 0.993127147766323 0.065625 0.9862542955326461 0.06484375 0.9742268041237114 0.0546875 0.9621993127147768 0.04921875 0.9381443298969072 0.0484375 0.9209621993127148 0.05390625 0.9054982817869417 0.0578125 0.9037800687285223 0.06015625 0.879725085910653 0.07109375 0.8762886597938145 0.07109375 0.8573883161512029 0.065625 0.8505154639175257 0.06953125 0.8281786941580757 0.0515625 0.8247422680412372 0.0375 0.8298969072164949 0.0328125 0.8402061855670103 0.01484375 0.8384879725085911 0.0078125 0.8556701030927837 0.01328125 0.8676975945017184 0.01328125 0.8762886597938145
0 0.3140625 0.3934707903780069 0.32109375 0.39518900343642616 0.3328125 0.38659793814432997 0.35546875 0.38659793814432997 0.3640625 0.36769759450171824 0.3671875 0.33676975945017185 0.37109375 0.3247422680412372 0.36796875 0.3298969072164949 0.36484375 0.3230240549828179 0.321875 0.32817869415807566 0.32109375 0.3402061855670103 0.31328125 0.3694158075601375 0.31171875 0.38659793814432997 0.3140625 0.3934707903780069
0 0.60390625 0.9656357388316152 0.60390625 0.9879725085910653 0.60625 0.993127147766323 0.64296875 0.9914089347079038 0.65234375 0.9828178694158076 0.66640625 0.9879725085910653 0.68125 0.9879725085910653 0.684375 0.9828178694158076 0.696875 0.9896907216494846 0.71953125 0.9879725085910653 0.73359375 0.9776632302405499 0.75859375 0.993127147766323 0.7609375 0.9828178694158076 0.771875 0.9656357388316152 0.771875 0.9553264604810998 0.7765625 0.9432989690721649 0.78359375 0.9381443298969072 0.78359375 0.9329896907216495 0.796875 0.9054982817869417 0.796875 0.8969072164948454 0.80078125 0.88659793814433 0.8 0.8625429553264606 0.79609375 0.8573883161512029 0.78671875 0.8058419243986255 0.76484375 0.7285223367697595 0.6265625 0.7233676975945018 0.61171875 0.725085910652921 0.6078125 0.7353951890034365 0.61328125 0.8762886597938145 0.60390625 0.9656357388316152
0 0.21640625 0.5446735395189004 0.25234375 0.5429553264604812 0.275 0.5326460481099657 0.275 0.520618556701031 0.2796875 0.5068728522336771 0.2796875 0.49828178694158076 0.28515625 0.4914089347079038 0.28671875 0.4690721649484536 0.28359375 0.46219931271477666 0.2703125 0.4587628865979382 0.234375 0.46219931271477666 0.22890625 0.47079037800687284 0.225 0.4948453608247423 0.21484375 0.5240549828178694 0.21328125 0.5395189003436427 0.21640625 0.5446735395189004
0 0.090625 0.5515463917525774 0.0921875 0.5687285223367697 0.09609375 0.5738831615120275 0.13515625 0.5652920962199313 0.140625 0.5549828178694158 0.14140625 0.5378006872852235 0.16328125 0.4810996563573884 0.1328125 0.47938144329896915 0.12265625 0.47079037800687284 0.11328125 0.47079037800687284 0.084375 0.527491408934708 0.084375 0.5429553264604812 0.090625 0.5515463917525774
0 0.74375 0.6288659793814434 0.76796875 0.7216494845360826 0.775 0.7371134020618557 0.9015625 0.7371134020618557 0.93125 0.7336769759450172 0.9328125 0.7285223367697595 0.93203125 0.7079037800687286 0.925 0.7044673539518901 0.92265625 0.6890034364261168 0.91484375 0.6804123711340206 0.91328125 0.6666666666666667 0.909375 0.6632302405498283 0.90390625 0.6460481099656358 0.89921875 0.6426116838487973 0.8953125 0.6254295532646049 0.8859375 0.6065292096219932 0.871875 0.6030927835051547 0.74375 0.6099656357388317 0.74140625 0.6116838487972509 0.74375 0.6288659793814434
0 0.27734375 0.9725085910652922 0.2765625 0.9690721649484537 0.271875 0.9725085910652922 0.27734375 0.9725085910652922
0 0.31796875 0.9690721649484537 0.31640625 0.9673539518900345 0.3140625 0.9690721649484537 0.31796875 0.9690721649484537
0 0.2703125 0.8298969072164949 0.265625 0.8608247422680414 0.2609375 0.8711340206185568 0.25859375 0.9054982817869417 0.2546875 0.9140893470790379 0.25546875 0.9261168384879725 0.2515625 0.9347079037800687 0.25 0.9484536082474226 0.25625 0.9501718213058419 0.265625 0.9621993127147768 0.3203125 0.9621993127147768 0.32421875 0.9725085910652922 0.32265625 0.9759450171821307 0.32578125 0.9793814432989691 0.34609375 0.9759450171821307 0.346875 0.970790378006873 0.3421875 0.957044673539519 0.3390625 0.9140893470790379 0.34453125 0.88659793814433 0.35625 0.7749140893470792 0.303125 0.7749140893470792 0.2734375 0.7817869415807561 0.27421875 0.8213058419243987 0.2703125 0.8298969072164949
0 0.73671875 0.41065292096219935 0.7453125 0.42439862542955326 0.7546875 0.41924398625429554 0.7828125 0.422680412371134 0.79296875 0.41924398625429554 0.7953125 0.4123711340206186 0.79375 0.4020618556701031 0.77421875 0.35223367697594504 0.75390625 0.3436426116838488 0.7515625 0.33676975945017185 0.7453125 0.34536082474226804 0.73671875 0.34192439862542956 0.7203125 0.3505154639175258 0.72734375 0.38316151202749144 0.73671875 0.41065292096219935
0 0.77890625 0.5412371134020619 0.7859375 0.5567010309278351 0.7890625 0.5738831615120275 0.79375 0.5807560137457045 0.796875 0.6030927835051547 0.85078125 0.604810996563574 0.87421875 0.5996563573883162 0.8734375 0.5824742268041238 0.86875 0.5790378006872853 0.8640625 0.563573883161512 0.8578125 0.5584192439862543 0.84296875 0.513745704467354 0.83515625 0.5034364261168386 0.775 0.5034364261168386 0.771875 0.5085910652920963 0.77890625 0.5412371134020619
0 0.5671875 0.4123711340206186 0.57109375 0.41924398625429554 0.61953125 0.4089347079037801 0.62578125 0.41408934707903783 0.64140625 0.4072164948453609 0.66796875 0.4089347079037801 0.6703125 0.4020618556701031 0.675 0.4072164948453609 0.66953125 0.40034364261168387 0.671875 0.3917525773195877 0.66796875 0.38659793814432997 0.66875 0.3762886597938145 0.6609375 0.3556701030927835 0.615625 0.3556701030927835 0.60625 0.34536082474226804 0.56171875 0.3505154639175258 0.56015625 0.3556701030927835 0.5671875 0.4123711340206186
0 0.22890625 0.6838487972508591 0.221875 0.6924398625429553 0.22109375 0.7096219931271478 0.20234375 0.7542955326460482 0.20234375 0.7731958762886599 0.26953125 0.7749140893470792 0.27578125 0.7731958762886599 0.284375 0.7594501718213059 0.29140625 0.6941580756013745 0.29609375 0.6872852233676976 0.30078125 0.668384879725086 0.2984375 0.6443298969072165 0.240625 0.6460481099656358 0.23046875 0.6546391752577321 0.23203125 0.668384879725086 0.22890625 0.6838487972508591
0 0.5515625 0.9226804123711341 0.5546875 0.9278350515463918 0.55390625 0.9209621993127148 0.5484375 0.9226804123711341 0.5484375 0.9278350515463918 0.5515625 0.9226804123711341
0 0.52578125 0.9020618556701031 0.53046875 0.9037800687285223 0.53125 0.9106529209621994 0.53984375 0.9192439862542956 0.54609375 0.9140893470790379 0.55 0.9192439862542956 0.55 0.9089347079037802 0.571875 0.8986254295532646 0.57578125 0.9140893470790379 0.59453125 0.9140893470790379 0.5921875 0.9278350515463918 0.5984375 0.9347079037800687 0.6015625 0.929553264604811 0.60234375 0.9209621993127148 0.59921875 0.9209621993127148 0.59921875 0.9158075601374571 0.60625 0.8986254295532646 0.609375 0.8608247422680414 0.596875 0.7216494845360826 0.56640625 0.718213058419244 0.5234375 0.7233676975945018 0.521875 0.7508591065292097 0.52578125 0.9020618556701031
0 0.0609375 0.8831615120274915 0.0578125 0.9072164948453609 0.04921875 0.9209621993127148 0.0515625 0.9432989690721649 0.0609375 0.9621993127147768 0.14609375 0.963917525773196 0.1515625 0.9518900343642611 0.153125 0.9243986254295533 0.1578125 0.9175257731958764 0.16484375 0.879725085910653 0.16796875 0.8745704467353953 0.16171875 0.8711340206185568 0.16015625 0.8625429553264606 0.175 0.8505154639175257 0.17890625 0.8247422680412372 0.1859375 0.8109965635738833 0.190625 0.7886597938144331 0.1828125 0.7680412371134021 0.0984375 0.7749140893470792 0.09375 0.7852233676975946 0.09453125 0.7972508591065293 0.084375 0.809278350515464 0.0828125 0.8230240549828179 0.0734375 0.8264604810996564 0.06796875 0.8367697594501718 0.071875 0.879725085910653 0.0609375 0.8831615120274915
0 0.14375 0.6924398625429553 0.1515625 0.6890034364261168 0.15859375 0.6632302405498283 0.16796875 0.6443298969072165 0.16796875 0.6323024054982819 0.16484375 0.6288659793814434 0.140625 0.6391752577319588 0.12265625 0.6357388316151203 0.1234375 0.6477663230240551 0.14375 0.6924398625429553
0 0.37578125 0.6323024054982819 0.38125 0.6254295532646049 0.38515625 0.6116838487972509 0.390625 0.5687285223367697 0.390625 0.5395189003436427 0.3859375 0.5326460481099657 0.3328125 0.5326460481099657 0.3296875 0.5360824742268042 0.32265625 0.563573883161512 0.31328125 0.6116838487972509 0.31328125 0.6357388316151203 0.37578125 0.6323024054982819
0 0.28203125 0.7628865979381444 0.2828125 0.7697594501718215 0.35546875 0.7680412371134021 0.3609375 0.752577319587629 0.3609375 0.7336769759450172 0.3703125 0.6752577319587629 0.371875 0.6426116838487973 0.3125 0.6391752577319588 0.30234375 0.6443298969072165 0.30078125 0.6701030927835052 0.29296875 0.6890034364261168 0.28515625 0.738831615120275 0.2859375 0.7508591065292097 0.28203125 0.7628865979381444
0 0.66171875 0.3470790378006873 0.67109375 0.3694158075601375 0.675 0.359106529209622 0.68515625 0.35223367697594504 0.7140625 0.3470790378006873 0.6984375 0.30927835051546393 0.6921875 0.3075601374570447 0.69140625 0.302405498281787 0.65390625 0.30068728522336774 0.653125 0.31099656357388317 0.66171875 0.3470790378006873
0 0.80703125 0.4295532646048111 0.83359375 0.4948453608247423 0.84765625 0.5120274914089348 0.8828125 0.5120274914089348 0.88671875 0.5171821305841925 0.89765625 0.4948453608247423 0.89765625 0.48453608247422686 0.890625 0.46735395189003437 0.8859375 0.4639175257731959 0.8765625 0.4398625429553265 0.85859375 0.4209621993127148 0.85546875 0.4123711340206186 0.80625 0.41408934707903783 0.8046875 0.41924398625429554 0.80703125 0.4295532646048111
0 0.1421875 0.5498281786941581 0.1515625 0.5687285223367697 0.1890625 0.5738831615120275 0.19765625 0.5515463917525774 0.21171875 0.534364261168385 0.2296875 0.4690721649484536 0.18828125 0.4639175257731959 0.1734375 0.46735395189003437 0.1671875 0.47594501718213056 0.15 0.5189003436426117 0.1421875 0.5395189003436427 0.1421875 0.5498281786941581
0 0.696875 0.7886597938144331 0.7 0.8127147766323025 0.69765625 0.8230240549828179 0.69921875 0.8487972508591065 0.71015625 0.8900343642611684 0.7046875 0.8986254295532646 0.70078125 0.9158075601374571 0.70234375 0.9243986254295533 0.6953125 0.9415807560137457 0.6890625 0.9828178694158076 0.71640625 0.9862542955326461 0.7203125 0.9810996563573884 0.7390625 0.9776632302405499 0.746875 0.9828178694158076 0.75546875 0.9810996563573884 0.75859375 0.9862542955326461 0.76953125 0.9742268041237114 0.77265625 0.957044673539519 0.7828125 0.9415807560137457 0.7984375 0.9037800687285223 0.79765625 0.8969072164948454 0.8015625 0.88659793814433 0.8015625 0.8676975945017184 0.79609375 0.8556701030927837 0.7875 0.8075601374570448 0.7671875 0.7336769759450172 0.7625 0.7268041237113403 0.7015625 0.7268041237113403 0.68359375 0.7336769759450172 0.68203125 0.7611683848797252 0.696875 0.7886597938144331
0 0.61015625 0.7972508591065293 0.61015625 0.8419243986254296 0.61328125 0.8745704467353953 0.603125 0.9656357388316152 0.60546875 0.9793814432989691 0.603125 0.9896907216494846 0.62421875 0.9948453608247423 0.65234375 0.9776632302405499 0.6640625 0.9862542955326461 0.68203125 0.9845360824742269 0.696875 0.9278350515463918 0.6953125 0.9192439862542956 0.69921875 0.9106529209621994 0.70546875 0.8762886597938145 0.69609375 0.8350515463917526 0.6984375 0.8230240549828179 0.696875 0.8041237113402062 0.68984375 0.7852233676975946 0.690625 0.7800687285223369 0.68125 0.7646048109965636 0.68046875 0.7302405498281788 0.67265625 0.725085910652921 0.64375 0.7233676975945018 0.6125 0.725085910652921 0.6078125 0.7302405498281788 0.6078125 0.7852233676975946 0.61015625 0.7972508591065293
0 0.38671875 0.6065292096219932 0.3875 0.6219931271477663 0.446875 0.6254295532646049 0.45078125 0.6013745704467355 0.45234375 0.5618556701030928 0.453125 0.5292096219931273 0.45078125 0.5240549828178694 0.396875 0.5240549828178694 0.39375 0.527491408934708 0.39140625 0.5446735395189004 0.3921875 0.5756013745704468 0.38671875 0.6065292096219932
0 0.71328125 0.5309278350515465 0.734375 0.6030927835051547 0.74296875 0.6082474226804124 0.79296875 0.6013745704467355 0.79453125 0.5807560137457045 0.78984375 0.5738831615120275 0.7703125 0.5068728522336771 0.7109375 0.5068728522336771 0.71015625 0.5154639175257733 0.71328125 0.5309278350515465
0 0.64609375 0.5189003436426117 0.65546875 0.5567010309278351 0.66015625 0.5910652920962199 0.66484375 0.5979381443298969 0.728125 0.5945017182130584 0.72109375 0.5549828178694158 0.715625 0.5429553264604812 0.7078125 0.5068728522336771 0.703125 0.5 0.64765625 0.5 0.6453125 0.5051546391752578 0.64609375 0.5189003436426117
0 0.04296875 0.8470790378006873 0.04453125 0.8316151202749141 0.03984375 0.8402061855670103 0.0390625 0.845360824742268 0.04296875 0.8470790378006873
0 0 0.8556701030927837 0 0.8900343642611684 0.0046875 0.8917525773195877 0.01171875 0.8831615120274915 0.01796875 0.8659793814432991 0.0296875 0.852233676975945 0.0375 0.8316151202749141 0.01875 0.8247422680412372 0.0078125 0.8419243986254296 0.0046875 0.8539518900343642 0 0.8556701030927837
0 0.5078125 0.4 0.00078125 0.003125
0 0.459375 0.3298969072164949 0.46015625 0.41408934707903783 0.46875 0.41408934707903783 0.47421875 0.4037800687285224 0.47421875 0.3969072164948454 0.46796875 0.39003436426116844 0.4703125 0.38316151202749144 0.46640625 0.3780068728522337 0.46953125 0.372852233676976 0.496875 0.3608247422680413 0.5078125 0.36769759450171824 0.50625 0.33161512027491413 0.5015625 0.3144329896907217 0.5015625 0.302405498281787 0.496875 0.29896907216494845 0.49401015625 0.3075601374570447 0.48958359375000005 0.3075601374570447 0.48984375 0.29896907216494845 0.484375 0.30584192439862545 0.48046875 0.302405498281787 0.4828125 0.3247422680412372 0.47109375 0.3230240549828179 0.465625 0.30927835051546393 0.46328125 0.30927835051546393 0.4609375 0.3195876288659794 0.46328125 0.3230240549828179 0.459375 0.3298969072164949
0 0.22265625 0.6494845360824744 0.2359375 0.6443298969072165 0.24453125 0.6288659793814434 0.246875 0.6134020618556701 0.25703125 0.5876288659793815 0.26171875 0.5498281786941581 0.2578125 0.5429553264604812 0.253125 0.5429553264604812 0.21171875 0.5463917525773196 0.19921875 0.5532646048109966 0.17109375 0.6340206185567011 0.17109375 0.6512027491408936 0.22265625 0.6494845360824744
0 0.5609375 0.3505154639175258 0.60859375 0.3470790378006873 0.60390625 0.31615120274914094 0.59609375 0.2920962199312715 0.57890625 0.29037800687285226 0.553125 0.29896907216494845 0.55625 0.3402061855670103 0.5609375 0.3505154639175258
0 0.6953125 0.46219931271477666 0.70390625 0.4948453608247423 0.70859375 0.5017182130584193 0.759375 0.5017182130584193 0.765625 0.4965635738831615 0.7625 0.47938144329896915 0.74140625 0.42783505154639184 0.73125 0.4209621993127148 0.69140625 0.4209621993127148 0.6859375 0.4123711340206186 0.6859375 0.42439862542955326 0.6953125 0.46219931271477666
0 0.59140625 0.5910652920962199 0.63671875 0.5927835051546392 0.65234375 0.5910652920962199 0.65625 0.5859106529209622 0.65546875 0.5618556701030928 0.64921875 0.5412371134020619 0.64453125 0.5085910652920963 0.640625 0.5 0.63359375 0.49312714776632305 0.58359375 0.4965635738831615 0.58203125 0.5068728522336771 0.59140625 0.5910652920962199
0 0.33828125 0.5292096219931273 0.3859375 0.5292096219931273 0.3953125 0.5068728522336771 0.40234375 0.4518900343642612 0.39609375 0.43814432989690727 0.35078125 0.44673539518900346 0.34609375 0.4553264604810997 0.3453125 0.47079037800687284 0.3375 0.5051546391752578 0.33515625 0.520618556701031 0.33828125 0.5292096219931273
0 0.9703125 0.9140893470790379 0.95 0.9140893470790379 0.94921875 0.9175257731958764 0.9703125 0.9140893470790379
0 0.88515625 0.9072164948453609 0.87578125 0.9054982817869417 0.8734375 0.9072164948453609 0.88515625 0.9072164948453609
0 0.88828125 0.9003436426116839 0.8828125 0.8951890034364262 0.88203125 0.9020618556701031 0.88828125 0.9003436426116839
0 0.93125 0.88659793814433 0.92421875 0.8848797250859107 0.921875 0.88659793814433 0.93125 0.88659793814433
0 0.775 0.752577319587629 0.78359375 0.7749140893470792 0.8171875 0.9123711340206186 0.8484375 0.9123711340206186 0.86015625 0.8951890034364262 0.86484375 0.8934707903780069 0.86875 0.9003436426116839 0.86875 0.8883161512027492 0.875 0.9003436426116839 0.89296875 0.8814432989690723 0.89609375 0.8814432989690723 0.8953125 0.88659793814433 0.8984375 0.8900343642611684 0.909375 0.8951890034364262 0.91171875 0.9020618556701031 0.91640625 0.9020618556701031 0.91796875 0.8969072164948454 0.92109375 0.9020618556701031 0.92734375 0.9003436426116839 0.91953125 0.8934707903780069 0.9203125 0.88659793814433 0.9171875 0.8848797250859107 0.919140625 0.879725085910653 0.934375 0.8780068728522338 0.9328125 0.8883161512027492 0.93828125 0.8831615120274915 0.940625 0.8883161512027492 0.940625 0.8814432989690723 0.94453125 0.8883161512027492 0.95 0.8831615120274915 0.9671875 0.8951890034364262 0.96953125 0.9089347079037802 0.98046875 0.9140893470790379 0.98203125 0.9054982817869417 0.97421875 0.8969072164948454 0.9796875 0.8934707903780069 0.97890625 0.8848797250859107 0.984375 0.8848797250859107 0.98828125 0.8917525773195877 0.9953125 0.8900343642611684 0.9953125 0.879725085910653 0.9875 0.8694158075601376 0.9875 0.852233676975945 0.9734375 0.8419243986254296 0.97421875 0.8178694158075602 0.96484375 0.8127147766323025 0.96328125 0.79553264604811 0.9546875 0.7852233676975946 0.953125 0.7646048109965636 0.9484375 0.7646048109965636 0.940625 0.7405498281786942 0.78046875 0.7422680412371134 0.775 0.7439862542955327 0.775 0.752577319587629
0 0.625 0.41408934707903783 0.675 0.4123711340206186 0.67734375 0.4072164948453609 0.66796875 0.36426116838487976 0.659375 0.3470790378006873 0.65078125 0.34192439862542956 0.64765625 0.3350515463917526 0.64921875 0.32817869415807566 0.64609375 0.3247422680412372 0.64375 0.3230240549828179 0.64140625 0.33333333333333337 0.634375 0.3436426116838488 0.6125 0.3505154639175258 0.615625 0.38659793814432997 0.625 0.41408934707903783
0 0.2734375 0.5240549828178694 0.275 0.5326460481099657 0.325 0.534364261168385 0.33515625 0.5171821305841925 0.3453125 0.46563573883161513 0.3453125 0.4553264604810997 0.3 0.4553264604810997 0.28515625 0.46219931271477666 0.28125 0.49828178694158076 0.2734375 0.5240549828178694
0 0.13828125 0.5738831615120275 0.146875 0.577319587628866 0.15390625 0.5893470790378007 0.16953125 0.5910652920962199 0.17109375 0.5996563573883162 0.178125 0.6030927835051547 0.19765625 0.5515463917525774 0.21015625 0.5395189003436427 0.21484375 0.513745704467354 0.2234375 0.49312714776632305 0.225 0.4690721649484536 0.22734375 0.46735395189003437 0.175 0.4690721649484536 0.16484375 0.4828178694158076 0.1609375 0.49828178694158076 0.14140625 0.5395189003436427 0.1421875 0.5515463917525774 0.13828125 0.5738831615120275
0 0.06015625 0.8591065292096222 0.06015625 0.8728522336769761 0.0625 0.8728522336769761 0.06484375 0.8848797250859107 0.06953125 0.8848797250859107 0.071875 0.8780068728522338 0.0796875 0.8883161512027492 0.09140625 0.8814432989690723 0.09609375 0.8711340206185568 0.0953125 0.8591065292096222 0.10625 0.8436426116838488 0.10703125 0.8281786941580757 0.1171875 0.816151202749141 0.11953125 0.7972508591065293 0.12578125 0.7852233676975946 0.125 0.7783505154639176 0.121875 0.7714776632302407 0.09765625 0.7749140893470792 0.09375 0.7817869415807561 0.09296875 0.79553264604811 0.08359375 0.809278350515464 0.08125 0.8230240549828179 0.071875 0.8264604810996564 0.06640625 0.8350515463917526 0.06796875 0.8505154639175257 0.06015625 0.8591065292096222
0 0.06484375 0.993127147766323 0.059375 0.9914089347079038 0.05859375 0.9948453608247423 0.06484375 0.993127147766323
0 0.0671875 0.9725085910652922 0.0671875 0.9776632302405499 0.0703125 0.9793814432989691 0.06953125 0.993127147766323 0.07265625 0.993127147766323 0.07265625 0.9879725085910653 0.08125 0.9879725085910653 0.0921875 0.9982817869415808 0.16640625 0.9982817869415808 0.17109375 0.993127147766323 0.1703125 0.9845360824742269 0.1609375 0.9621993127147768 0.1546875 0.9587628865979383 0.1484375 0.9656357388316152 0.13515625 0.9673539518900345 0.1140625 0.963917525773196 0.07421875 0.9690721649484537 0.07109375 0.9742268041237114 0.0671875 0.9725085910652922
0 0.7578125 0.3436426116838488 0.759375 0.3384879725085911 0.7546875 0.33161512027491413 0.7546875 0.34192439862542956 0.7578125 0.3436426116838488
0 0.671875 0.3711340206185567 0.67578125 0.359106529209622 0.68125 0.3556701030927835 0.71875 0.34879725085910657 0.7171875 0.3384879725085911 0.70078125 0.3041237113402062 0.6828125 0.29896907216494845 0.653125 0.302405498281787 0.6625 0.3505154639175258 0.671875 0.3711340206185567
0 0.11953125 0.43814432989690727 0.12265625 0.43642611683848803 0.13046875 0.41580756013745707 0.15859375 0.3814432989690722 0.17109375 0.35223367697594504 0.1390625 0.35223367697594504 0.1109375 0.40549828178694164 0.11015625 0.41924398625429554 0.11953125 0.43814432989690727
0 0.7515625 0.45017182130584193 0.771875 0.5 0.821875 0.5 0.8296875 0.4948453608247423 0.825 0.47594501718213056 0.8015625 0.42439862542955326 0.79296875 0.4123711340206186 0.746875 0.4209621993127148 0.74765625 0.43642611683848803 0.7515625 0.45017182130584193
0 0.6125 0.35223367697594504 0.66171875 0.34879725085910657 0.653125 0.3041237113402062 0.64609375 0.29381443298969073 0.62265625 0.29037800687285226 0.6046875 0.30068728522336774 0.60546875 0.3195876288659794 0.6125 0.35223367697594504
0 0.0578125 0.9948453608247423 0.06484375 0.9948453608247423 0.06796875 0.9896907216494846 0.06953125 0.9948453608247423 0.08125 0.9896907216494846 0.08984375 0.9982817869415808 0.1703125 0.9948453608247423 0.1625 0.9673539518900345 0.15625 0.9604810996563575 0.14921875 0.9656357388316152 0.115625 0.963917525773196 0.065625 0.9725085910652922 0.0671875 0.9879725085910653 0.0578125 0.9948453608247423
0 0.8421875 0.39003436426116844 0.84140625 0.3780068728522337 0.8359375 0.37972508591065296 0.83515625 0.38316151202749144 0.8421875 0.39003436426116844
0 0.75 0.32130584192439865 0.7546875 0.3195876288659794 0.7640625 0.3402061855670103 0.77890625 0.3505154639175258 0.82109375 0.34536082474226804 0.8078125 0.3075601374570447 0.79296875 0.29037800687285226 0.74375 0.3041237113402062 0.74375 0.3144329896907217 0.75 0.32130584192439865
0 0.35234375 0.44158075601374575 0.39765625 0.443298969072165 0.4046875 0.43298969072164956 0.41171875 0.38316151202749144 0.40859375 0.37457044673539525 0.40078125 0.37457044673539525 0.3984375 0.3814432989690722 0.3703125 0.3780068728522337 0.3625 0.3814432989690722 0.359375 0.3883161512027492 0.3515625 0.43298969072164956 0.35234375 0.44158075601374575
0 0.91953125 0.6013745704467355 0.953125 0.5979381443298969 0.97578125 0.5498281786941581 0.971875 0.534364261168385 0.953125 0.5034364261168386 0.9453125 0.4965635738831615 0.91171875 0.5 0.90703125 0.5051546391752578 0.89296875 0.5412371134020619 0.89375 0.5567010309278351 0.91953125 0.6013745704467355
0 0.74453125 0.4421875 0.0015625 0.0015625
0 0.37578125 0.37457044673539525 0.37265625 0.36769759450171824 0.36953125 0.37457044673539525 0.36640625 0.3694158075601375 0.3734375 0.3814432989690722 0.37578125 0.37457044673539525
0 0.37578125 0.37457044673539525 0.37734375 0.3814432989690722 0.38359375 0.37972508591065296 0.37734375 0.3780068728522337 0.37578125 0.37457044673539525
0 0.7 0.35859375 0.00390625 0.0015625
0 0.68359375 0.359106529209622 0.6796875 0.359106529209622 0.68125 0.36426116838487976 0.68359375 0.359106529209622
0 0.4765625 0.35859375 0.00390625 0.0015625
0 0.39375 0.3546875 0.00078125 0.0015625
0 0.74453125 0.34536082474226804 0.73984375 0.3436426116838488 0.73984375 0.34879725085910657 0.74453125 0.34536082474226804
0 0.640625 0.34453125 0.00078125 0.0015625
0 0.75859375 0.3470790378006873 0.75390625 0.34192439862542956 0.7546875 0.34879725085910657 0.75859375 0.3470790378006873
0 0.7578125 0.3375 0.00234375 0.0015625
0 0.70078125 0.35223367697594504 0.7203125 0.3608247422680413 0.72265625 0.36769759450171824 0.72109375 0.372852233676976 0.72734375 0.38316151202749144 0.7390625 0.35223367697594504 0.734375 0.3556701030927835 0.734375 0.3505154639175258 0.72890625 0.3470790378006873 0.73046875 0.3384879725085911 0.72265625 0.33676975945017185 0.7171875 0.34879725085910657 0.70078125 0.35223367697594504
0 0.7140625 0.34192439862542956 0.72109375 0.33333333333333337 0.715625 0.33161512027491413 0.71171875 0.3384879725085911 0.7109375 0.34192439862542956 0.7140625 0.34192439862542956
0 0.7234375 0.33046875 0.0015625 0.0015625
0 0.7109375 0.3298969072164949 0.709375 0.3230240549828179 0.70625 0.32817869415807566 0.7109375 0.3298969072164949
0 0.5984375 0.32421875 0.00234375 0.0015625
0 0.61484375 0.31615120274914094 0.61171875 0.3230240549828179 0.61796875 0.34536082474226804 0.61328125 0.3556701030927835 0.61640625 0.3762886597938145 0.61953125 0.372852233676976 0.61953125 0.365979381443299 0.63046875 0.3608247422680413 0.63203125 0.3539518900343643 0.634375 0.359106529209622 0.63671875 0.3539518900343643 0.64296875 0.3625429553264605 0.653125 0.3556701030927835 0.6375 0.35223367697594504 0.634375 0.34536082474226804 0.634375 0.302405498281787 0.63359375 0.31099656357388317 0.62890625 0.302405498281787 0.61328125 0.30584192439862545 0.61171875 0.30927835051546393 0.61484375 0.31615120274914094
0 0.76484375 0.9415807560137457 0.76171875 0.9398625429553265 0.7609375 0.9432989690721649 0.76484375 0.9415807560137457
0 0.703125 0.9450171821305842 0.71328125 0.9450171821305842 0.709375 0.9329896907216495 0.703125 0.9329896907216495 0.703125 0.9450171821305842
0 0.68359375 0.7474226804123713 0.68203125 0.7628865979381444 0.690625 0.7766323024054984 0.69921875 0.8058419243986255 0.703125 0.8109965635738833 0.7 0.8213058419243987 0.7 0.8487972508591065 0.71171875 0.8900343642611684 0.71171875 0.9003436426116839 0.709375 0.9037800687285223 0.7109375 0.9175257731958764 0.70625 0.9226804123711341 0.71640625 0.929553264604811 0.73125 0.929553264604811 0.7453125 0.9209621993127148 0.74921875 0.9123711340206186 0.7546875 0.9123711340206186 0.7578125 0.9209621993127148 0.76484375 0.9243986254295533 0.78671875 0.9243986254295533 0.79609375 0.9037800687285223 0.7953125 0.8969072164948454 0.8015625 0.88659793814433 0.80078125 0.8659793814432991 0.79609375 0.8556701030927837 0.7859375 0.802405498281787 0.765625 0.7285223367697595 0.68359375 0.7285223367697595 0.68125 0.7302405498281788 0.68359375 0.7474226804123713
0 0.43828125 0.8711340206185568 0.4421875 0.8900343642611684 0.446875 0.8969072164948454 0.44453125 0.9072164948453609 0.44921875 0.9278350515463918 0.45390625 0.9278350515463918 0.45703125 0.9347079037800687 0.46015625 0.9278350515463918 0.461328125 0.9347079037800687 0.465625 0.9347079037800687 0.459375 0.9243986254295533 0.465625 0.9140893470790379 0.4734375 0.9158075601374571 0.48125 0.9072164948453609 0.48125 0.9003436426116839 0.490625 0.8934707903780069 0.50234375 0.8986254295532646 0.5046875 0.9123711340206186 0.5125 0.9054982817869417 0.51875 0.9209621993127148 0.5171875 0.9106529209621994 0.5203125 0.9037800687285223 0.51953125 0.8814432989690723 0.52265625 0.8659793814432991 0.52109375 0.7628865979381444 0.51796875 0.7216494845360826 0.44921875 0.7216494845360826 0.4453125 0.7268041237113403 0.4421875 0.7560137457044674 0.44140625 0.8402061855670103 0.43828125 0.8711340206185568
0 0.53125 0.9914089347079038 0.5921875 0.9914089347079038 0.59921875 0.963917525773196 0.609375 0.8745704467353953 0.596875 0.7216494845360826 0.53515625 0.7199312714776632 0.52265625 0.7268041237113403 0.52578125 0.9845360824742269 0.53125 0.9914089347079038
0 0.50859375 0.584192439862543 0.509375 0.577319587628866 0.50625 0.5756013745704468 0.50390625 0.5807560137457045 0.50859375 0.584192439862543
0 0.50078125 0.5721649484536082 0.509375 0.5670103092783505 0.5078125 0.563573883161512 0.50625 0.5687285223367697 0.5046875 0.563573883161512 0.49609375 0.5670103092783505 0.50078125 0.5721649484536082
0 0.459375 0.5326460481099657 0.45625 0.5378006872852235 0.45625 0.5463917525773196 0.47265625 0.5481099656357389 0.4765625 0.5395189003436427 0.48125 0.5498281786941581 0.49296875 0.5395189003436427 0.49453125 0.5481099656357389 0.496875 0.5463917525773196 0.49140625 0.5326460481099657 0.50859375 0.5257731958762888 0.51171875 0.513745704467354 0.51484375 0.5189003436426117 0.515625 0.513745704467354 0.51171875 0.5017182130584193 0.5140625 0.4914089347079038 0.51328125 0.4553264604810997 0.5078125 0.4261168384879725 0.4625 0.4261168384879725 0.45859375 0.4312714776632303 0.45703125 0.44673539518900346 0.45546875 0.5189003436426117 0.459375 0.5326460481099657
0 0.13203125 0.7663230240549829 0.2 0.7663230240549829 0.2265625 0.7164948453608248 0.22578125 0.7061855670103093 0.2296875 0.6941580756013745 0.23203125 0.6563573883161513 0.21875 0.6512027491408936 0.16484375 0.6546391752577321 0.1609375 0.6597938144329898 0.153125 0.6872852233676976 0.14609375 0.6975945017182131 0.1453125 0.711340206185567 0.13828125 0.7216494845360826 0.13671875 0.7353951890034365 0.1296875 0.745704467353952 0.12890625 0.7577319587628867 0.13203125 0.7663230240549829
0 0.46328125 0.36426116838487976 0.46953125 0.35738831615120276 0.484375 0.3539518900343643 0.5046875 0.3556701030927835 0.50703125 0.34879725085910657 0.50625 0.3230240549828179 0.50234375 0.30068728522336774 0.471875 0.29896907216494845 0.45859375 0.3075601374570447 0.45859375 0.3470790378006873 0.46328125 0.36426116838487976
0 0.45 0.5189003436426117 0.4546875 0.4776632302405499 0.4546875 0.443298969072165 0.45234375 0.43814432989690727 0.4078125 0.4450171821305842 0.403125 0.45360824742268047 0.39609375 0.49828178694158076 0.3953125 0.5189003436426117 0.45 0.5189003436426117
0 0.784375 0.3934707903780069 0.77890625 0.37972508591065296 0.778125 0.39003436426116844 0.784375 0.3934707903780069
0 0.80625 0.31328125 0.00078125 0.0015625
0 0.80234375 0.3075601374570447 0.8 0.3041237113402062 0.79765625 0.30584192439862545 0.80234375 0.3075601374570447
0 0.77265625 0.30068728522336774 0.77578125 0.29553264604810997 0.7703125 0.2972508591065292 0.76953125 0.30068728522336774 0.77265625 0.30068728522336774
0 0.7140625 0.34879725085910657 0.7234375 0.3625429553264605 0.73671875 0.3539518900343643 0.77734375 0.35223367697594504 0.8015625 0.3384879725085911 0.8028645833333334 0.3384879725085911 0.79921875 0.3350515463917526 0.79921875 0.3298969072164949 0.77578125 0.33161512027491413 0.77421875 0.3230240549828179 0.76484375 0.3144329896907217 0.76796875 0.30584192439862545 0.76796875 0.29896907216494845 0.76484375 0.29553264604810997 0.69921875 0.3041237113402062 0.6984375 0.32130584192439865 0.70390625 0.3384879725085911 0.703125 0.3436426116838488 0.7140625 0.34879725085910657
0 0.796875 0.30068728522336774 0.79375 0.2920962199312715 0.78515625 0.29553264604810997 0.7890625 0.3041237113402062 0.796875 0.30068728522336774
0 0.60234375 0.7164948453608248 0.6640625 0.7199312714776632 0.678125 0.718213058419244 0.68125 0.7130584192439863 0.6734375 0.6752577319587629 0.67265625 0.6580756013745706 0.65859375 0.5979381443298969 0.6171875 0.5945017182130584 0.59453125 0.5996563573883162 0.59296875 0.6168384879725086 0.60234375 0.7164948453608248
0 0.459375 0.5962199312714777 0.51796875 0.5910652920962199 0.51640625 0.5120274914089348 0.5125 0.4965635738831615 0.46015625 0.5034364261168386 0.45703125 0.5120274914089348 0.4546875 0.5532646048109966 0.45390625 0.5859106529209622 0.459375 0.5962199312714777
0 0.78046875 0.37457044673539525 0.796875 0.41065292096219935 0.80625 0.4209621993127148 0.8234375 0.41408934707903783 0.85546875 0.4123711340206186 0.85234375 0.3969072164948454 0.8484375 0.39003436426116844 0.8453125 0.3917525773195877 0.8421875 0.37457044673539525 0.8328125 0.3539518900343643 0.815625 0.3384879725085911 0.81328125 0.33161512027491413 0.8078125 0.3402061855670103 0.775 0.3436426116838488 0.7734375 0.34879725085910657 0.78046875 0.37457044673539525
0 0.265625 0.3883161512027492 0.29765625 0.3883161512027492 0.30859375 0.38316151202749144 0.31328125 0.37457044673539525 0.31953125 0.3470790378006873 0.3265625 0.33333333333333337 0.3140625 0.3264604810996564 0.27734375 0.3298969072164949 0.27265625 0.3350515463917526 0.27265625 0.3470790378006873 0.26328125 0.372852233676976 0.2625 0.38659793814432997 0.265625 0.3883161512027492
0 0.6125 0.35223367697594504 0.6609375 0.3505154639175258 0.6515625 0.302405498281787 0.64453125 0.29381443298969073 0.6203125 0.2920962199312715 0.60546875 0.30068728522336774 0.60625 0.3264604810996564 0.6125 0.35223367697594504
0 0.1203125 0.44158075601374575 0.1234375 0.46735395189003437 0.13203125 0.4725085910652921 0.1640625 0.47079037800687284 0.18125 0.45360824742268047 0.19609375 0.4175257731958763 0.20078125 0.3934707903780069 0.15625 0.38659793814432997 0.14765625 0.3934707903780069 0.140625 0.4089347079037801 0.1296875 0.4209621993127148 0.12734375 0.43298969072164956 0.1203125 0.44158075601374575
0 0.5203125 0.7164948453608248 0.521875 0.6924398625429553 0.51875 0.6030927835051547 0.5125 0.5945017182130584 0.45859375 0.5962199312714777 0.453125 0.6116838487972509 0.44921875 0.6769759450171822 0.44921875 0.718213058419244 0.5203125 0.7164948453608248
0 0.51484375 0.422680412371134 0.56640625 0.41408934707903783 0.5609375 0.3608247422680413 0.55625 0.35223367697594504 0.51171875 0.35738831615120276 0.5109375 0.4037800687285224 0.51484375 0.422680412371134
0 0.43828125 0.8745704467353953 0.440625 0.8831615120274915 0.43984375 0.8969072164948454 0.44375 0.9209621993127148 0.44453125 0.9467353951890034 0.45078125 0.9793814432989691 0.4609375 0.9896907216494846 0.49140625 0.9862542955326461 0.50703125 0.993127147766323 0.509375 0.9879725085910653 0.52109375 0.9879725085910653 0.52265625 0.8539518900343642 0.51875 0.725085910652921 0.51484375 0.7199312714776632 0.4484375 0.7233676975945018 0.4453125 0.7268041237113403 0.4421875 0.7542955326460482 0.44140625 0.8384879725085911 0.43828125 0.8745704467353953
0 0.6671875 0.6254295532646049 0.68515625 0.7199312714776632 0.7625 0.7199312714776632 0.7625 0.7061855670103093 0.7515625 0.6632302405498283 0.7375 0.6134020618556701 0.73046875 0.6030927835051547 0.7234375 0.5979381443298969 0.66640625 0.6030927835051547 0.66484375 0.6099656357388317 0.6671875 0.6254295532646049
0 0.56171875 0.36426116838487976 0.56640625 0.41065292096219935 0.57109375 0.41924398625429554 0.60546875 0.41408934707903783 0.61796875 0.4072164948453609 0.6171875 0.3883161512027492 0.60859375 0.3505154639175258 0.56328125 0.35223367697594504 0.5609375 0.3608247422680413 0.55546875 0.3539518900343643 0.55390625 0.3556701030927835 0.56171875 0.36426116838487976
0 0.75859375 0.3470790378006873 0.7625 0.34192439862542956 0.759375 0.3298969072164949 0.74765625 0.3230240549828179 0.74609375 0.34536082474226804 0.75859375 0.3470790378006873
0 0.74296875 0.31615120274914094 0.746875 0.3144329896907217 0.7421875 0.31099656357388317 0.740625 0.31271477663230246 0.74296875 0.31615120274914094
0 0.66015625 0.3247422680412372 0.66328125 0.34879725085910657 0.671875 0.36426116838487976 0.675 0.35738831615120276 0.68671875 0.35223367697594504 0.7203125 0.35223367697594504 0.72421875 0.34536082474226804 0.73359375 0.3436426116838488 0.73203125 0.33333333333333337 0.725 0.3230240549828179 0.72578125 0.30584192439862545 0.7296875 0.302405498281787 0.728125 0.30068728522336774 0.71328125 0.30068728522336774 0.71484375 0.3041237113402062 0.71171875 0.30927835051546393 0.7078125 0.30068728522336774 0.6953125 0.3075601374570447 0.68125 0.29896907216494845 0.6546875 0.302405498281787 0.65390625 0.30927835051546393 0.66015625 0.3247422680412372
0 0.67578125 0.3917525773195877 0.68046875 0.4089347079037801 0.68828125 0.422680412371134 0.72890625 0.422680412371134 0.73671875 0.4175257731958763 0.73515625 0.40549828178694164 0.71640625 0.3539518900343643 0.68359375 0.3539518900343643 0.671875 0.359106529209622 0.6703125 0.36769759450171824 0.67578125 0.3917525773195877
0 0.41328125 0.3556701030927835 0.4140625 0.3711340206185567 0.44375 0.3711340206185567 0.4578125 0.365979381443299 0.4578125 0.3350515463917526 0.46171875 0.3247422680412372 0.4578125 0.30927835051546393 0.42265625 0.31271477663230246 0.41484375 0.3178694158075602 0.41640625 0.3298969072164949 0.41328125 0.3556701030927835
0 0.5109375 0.35223367697594504 0.53359375 0.35223367697594504 0.55546875 0.34536082474226804 0.55234375 0.3075601374570447 0.546875 0.29553264604810997 0.5078125 0.302405498281787 0.50703125 0.3264604810996564 0.5109375 0.35223367697594504
0 0.16484375 0.9604810996563575 0.17109375 0.9725085910652922 0.22578125 0.9810996563573884 0.2453125 0.970790378006873 0.24765625 0.9621993127147768 0.24609375 0.9484536082474226 0.2515625 0.9312714776632303 0.25078125 0.9209621993127148 0.25703125 0.9089347079037802 0.25859375 0.8780068728522338 0.26640625 0.8608247422680414 0.26953125 0.8316151202749141 0.27421875 0.8213058419243987 0.27421875 0.7869415807560138 0.265625 0.7783505154639176 0.196875 0.7817869415807561 0.17734375 0.8573883161512029 0.171875 0.8694158075601376 0.16875 0.8883161512027492 0.16484375 0.8951890034364262 0.1625 0.9175257731958764 0.15625 0.929553264604811 0.15546875 0.9536082474226806 0.16484375 0.9604810996563575
0 0.29921875 0.4553264604810997 0.32265625 0.45704467353951894 0.34453125 0.45017182130584193 0.35 0.4398625429553265 0.3578125 0.3883161512027492 0.34140625 0.3780068728522337 0.3234375 0.38316151202749144 0.3203125 0.3883161512027492 0.31328125 0.38659793814432997 0.296875 0.443298969072165 0.29609375 0.4484536082474227 0.29921875 0.4553264604810997
0 0.73359375 0.5979381443298969 0.73984375 0.6065292096219932 0.86875 0.6030927835051547 0.87265625 0.6013745704467355 0.87421875 0.5927835051546392 0.8734375 0.584192439862543 0.859375 0.5601374570446735 0.84140625 0.513745704467354 0.83203125 0.5017182130584193 0.7109375 0.5085910652920963 0.7140625 0.534364261168385 0.73359375 0.5979381443298969
0 0.40703125 0.39765625 0.0015625 0.0015625
0 0.3625 0.3711340206185567 0.3625 0.3814432989690722 0.365625 0.38487972508591073 0.375 0.3814432989690722 0.3796875 0.3917525773195877 0.39765625 0.38487972508591073 0.4015625 0.3762886597938145 0.4125 0.3694158075601375 0.415625 0.3402061855670103 0.41328125 0.31615120274914094 0.390625 0.31615120274914094 0.36640625 0.3247422680412372 0.36640625 0.3436426116838488 0.3625 0.3711340206185567