0 0.5552083333333333 0.03671875 0.55625 0.05078125 0.559375 0.05390625 0.5604166666666666 0.0703125 0.56875 0.08671875 0.5875 0.0875 0.596875 0.08359375 0.646875 0.08359375 0.653125 0.08046875 0.6760416666666667 0.08046875 0.70625 0.075 0.7802083333333333 0.07265625 0.7916666666666666 0.06953125 0.80625 0.07265625 0.8145833333333332 0.06640625 0.8489583333333333 0.0640625 0.8666666666666666 0.05859375 0.8635416666666667 0.03046875 0.8697916666666666 0.02890625 0.8802083333333333 0.02109375 0.8791666666666667 0 0.8645833333333333 0 0.8625 0.00234375 0.853125 0.003125 0.8489583333333333 0.0078125 0.825 0.0046875 0.81875 0.00859375 0.8 0.00625 0.7479166666666666 0.01015625 0.7447916666666666 0.00546875 0.740625 0.0109375 0.73125 0.01015625 0.725 0.01328125 0.7177083333333333 0.00859375 0.7177083333333333 0.0046875 0.7135416666666666 0.00390625 0.7114583333333333 0.0109375 0.7072916666666667 0.01328125 0.7020833333333333 0.01171875 0.6989583333333333 0.01640625 0.6927083333333333 0.01640625 0.6885416666666666 0.01015625 0.6729166666666666 0.01640625 0.6614583333333333 0.01171875 0.6572916666666666 0.01875 0.6510416666666666 0.021875 0.64375 0.0234375 0.6395833333333333 0.01953125 0.6322916666666666 0.01875 0.6020833333333333 0.028125 0.5947916666666666 0.02421875 0.5802083333333333 0.02421875 0.5645833333333333 0.01015625 0.559375 0 0.546875 0 0.5458333333333333 0.0078125 0.5552083333333333 0.03671875
0 0.80625 0.071875 0.796875 0.06953125 0.7875 0.071875 0.7677083333333333 0.0703125 0.75625 0.0734375 0.6989583333333333 0.07578125 0.6666666666666666 0.08203125 0.6541666666666666 0.08046875 0.6479166666666666 0.08359375 0.6072916666666666 0.08359375 0.5875 0.0875 0.571875 0.08671875 0.5635416666666666 0.07734375 0.5635416666666666 0.08229140625 0.5677083333333333 0.0859375 0.5635416666666666 0.08723984375 0.5635416666666666 0.0921875 0.5697916666666666 0.1125 0.584375 0.11484375 0.6458333333333333 0.109375 0.6927083333333333 0.1 0.746875 0.09609375 0.7729166666666666 0.0984375 0.825 0.09375 0.84375 0.08984375 0.85 0.0859375 0.8510416666666666 0.06640625 0.8416666666666666 0.0640625 0.8135416666666666 0.06640625 0.80625 0.071875
0 0.884375 0.03125 0.875 0.0375 0.875 0.04921875 0.8885416666666666 0.08203125 0.8895833333333332 0.0953125 0.9145833333333332 0.14609375 0.9260416666666667 0.14921875 0.9958333333333332 0.1390625 0.9989583333333332 0.1375 0.9989583333333332 0.0046875 0.9947916666666666 0 0.8854166666666666 0.0015625 0.8864583333333332 0.0265625 0.884375 0.03125
0 0.58203125 0.040625 0.00234375 0.00234375
0 0.5979166666666667 0.0328125 0.596875 0.0359375 0.6 0.0359375 0.5979166666666667 0.03125 0.5947916666666666 0.03125 0.59375 0.0328125 0.5979166666666667 0.0328125
0 0.6989583333333333 0.02578125 0.6958333333333333 0.02421875 0.6958333333333333 0.02734375 0.6989583333333333 0.02578125
0 0.853125 0 0.8520833333333332 0.00234375 0.8479166666666667 0.00234375 0.8479166666666667 0 0.8458333333333332 0.00390625 0.809375 0.00625 0.8020833333333333 0.0046875 0.796875 0 0.7708333333333333 0 0.7645833333333333 0.00390625 0.7583333333333333 0 0.5510416666666667 0.00078125 0.5677083333333333 0.0203125 0.59375 0.028125 0.6052083333333333 0.02421875 0.6083333333333333 0.02578125 0.6083333333333333 0.03125 0.615625 0.0265625 0.6229166666666666 0.0265625 0.6260416666666666 0.0390625 0.6291666666666667 0.0390625 0.6291666666666667 0.0359375 0.6322916666666666 0.03671875 0.6385416666666666 0.03046875 0.6541666666666666 0.0265625 0.66875 0.0171875 0.7010416666666666 0.0171875 0.70625 0.01953125 0.7135416666666666 0.0140625 0.7197916666666666 0.021875 0.7135416666666666 0.02421875 0.7166666666666666 0.03046875 0.725 0.02890625 0.7270833333333333 0.0203125 0.7291666666666666 0.02265625 0.7354166666666666 0.021875 0.7375 0.02890625 0.7416666666666666 0.0265625 0.7416666666666666 0.01796875 0.746875 0.01484375 0.7510416666666666 0.01640625 0.7583333333333333 0.01015625 0.7666666666666666 0.0140625 0.7666666666666666 0.0328125 0.771875 0.0328125 0.775 0.0296875 0.7791666666666666 0.03125 0.78125 0.02734375 0.7854166666666667 0.02734375 0.7864583333333333 0.0234375 0.7927083333333333 0.02265625 0.79375 0.01875 0.803125 0.01328125 0.8135416666666666 0.021875 0.8104166666666666 0.02734375 0.8145833333333332 0.02578125 0.828125 0.02890625 0.8302083333333332 0.0234375 0.8364583333333332 0.0234375 0.846875 0.0125 0.8510416666666666 0.015625 0.8520833333333332 0.02578125 0.8552083333333332 0.02265625 0.8625 0.02890625 0.871875 0.0296875 0.8802083333333333 0.02421875 0.878125 0.0046875 0.8739583333333332 0 0.8583333333333332 0.0046875 0.853125 0
0 0.5354166666666667 0.6546875 0.53125 0.66796875 0.53125 0.68203125 0.5354166666666667 0.6875 0.58125 0.6875 0.59375 0.68984375 0.6364583333333333 0.68984375 0.6447916666666667 0.6875 0.7375 0.6890625 0.7635416666666666 0.69375 0.840625 0.69609375 0.85625 0.6953125 0.8614583333333332 0.6921875 0.8666666666666666 0.646875 0.8625 0.63828125 0.8635416666666667 0.60859375 0.859375 0.5984375 0.8625 0.56640625 0.85625 0.54296875 0.8604166666666666 0.5296875 0.8552083333333332 0.51484375 0.8572916666666666 0.48515625 0.8520833333333332 0.465625 0.8145833333333332 0.45546875 0.7854166666666667 0.4546875 0.678125 0.46015625 0.6645833333333333 0.45625 0.65 0.45703125 0.6333333333333333 0.45234375 0.5666666666666667 0.45234375 0.559375 0.4546875 0.553125 0.4625 0.5395833333333333 0.4625 0.5364583333333333 0.48125 0.5385416666666666 0.5953125 0.5354166666666667 0.6546875
0 0.7484375 0.090625 0.00078125 0.0015625
0 0.5677083333333333 0.08359375 0.5708333333333333 0.0859375 0.5854166666666666 0.0875 0.596875 0.08359375 0.640625 0.08359375 0.6541666666666666 0.08046875 0.6958333333333333 0.07890625 0.70625 0.075 0.7166666666666666 0.0765625 0.734375 0.0734375 0.771875 0.0734375 0.79375 0.06953125 0.8020833333333333 0.0734375 0.8177083333333333 0.06640625 0.85 0.06484375 0.8635416666666667 0.0609375 0.86875 0.05390625 0.8635416666666667 0.03359375 0.8510416666666666 0.03203125 0.8416666666666666 0.03515625 0.803125 0.0359375 0.7947916666666666 0.03828125 0.7416666666666666 0.0375 0.69375 0.04375 0.6854166666666666 0.0421875 0.659375 0.04921875 0.653125 0.0546875 0.64375 0.05703125 0.6375 0.0515625 0.5979166666666667 0.05234375 0.5770833333333333 0.05703125 0.571875 0.06015625 0.5708333333333333 0.06484375 0.5635416666666666 0.065625 0.5625 0.07265625 0.5677083333333333 0.08359375
0 0.2 0.621875 0.2 0.63203125 0.203125 0.66171875 0.20729166666666665 0.665625 0.3833333333333333 0.66640625 0.4083333333333333 0.66796875 0.41666666666666663 0.67109375 0.4614583333333333 0.6734375 0.5114583333333333 0.6734375 0.51875 0.67109375 0.5229166666666666 0.66015625 0.5260416666666666 0.5984375 0.5239583333333333 0.55 0.53125 0.48828125 0.5302083333333333 0.4421875 0.4895833333333333 0.4390625 0.4302083333333333 0.4390625 0.4229166666666666 0.44140625 0.34375 0.43984375 0.325 0.4359375 0.3020833333333333 0.43515625 0.23958333333333331 0.43515625 0.23125 0.4375 0.22395833333333331 0.4453125 0.21666666666666665 0.4640625 0.21875 0.4828125 0.2114583333333333 0.50390625 0.2145833333333333 0.51953125 0.20833333333333331 0.54296875 0.21041666666666664 0.56484375 0.203125 0.58046875 0.2052083333333333 0.61171875 0.2 0.621875
0 0.8458333333333332 0.00390625 0.8041666666666666 0.00625 0.7822916666666666 0.003125 0.7635416666666666 0.00703125 0.7583333333333333 0.00625 0.7520833333333333 0 0.7489583333333333 0.00234375 0.7458333333333333 0 0.7208333333333333 0 0.7166666666666666 0.003125 0.7135416666666666 0 0.7072916666666667 0 0.70625 0.00234375 0.703125 0 0.6947916666666666 0 0.6927083333333333 0.00234375 0.6552083333333333 0 0.6520833333333333 0.00390625 0.646875 0.0046875 0.6479166666666666 0.01171875 0.64375 0.015625 0.6322916666666666 0.01171875 0.63125 0.009375 0.6364583333333333 0.0078125 0.634375 0.00703125 0.609375 0.00390625 0.6020833333333333 0.00390625 0.5989583333333333 0.0078125 0.5947916666666666 0.00703125 0.5947916666666666 0.00390625 0.59375 0.01328125 0.584375 0.0140625 0.5739583333333333 0.003125 0.5677083333333333 0.0046875 0.5635416666666666 0 0.5458333333333333 0 0.55625 0.0609375 0.56875 0.109375 0.5739583333333333 0.11328125 0.59375 0.1140625 0.628125 0.10859375 0.6385416666666666 0.109375 0.6927083333333333 0.09921875 0.7385416666666667 0.0953125 0.7760416666666666 0.096875 0.828125 0.0921875 0.846875 0.08828125 0.8510416666666666 0.08125 0.8520833333333332 0.06484375 0.8677083333333332 0.05703125 0.8645833333333333 0.0328125 0.88125 0.02578125 0.88125 0 0.8583333333333332 0 0.8458333333333332 0.00390625
0 0.23125 0.3453125 0.2364583333333333 0.35703125 0.2375 0.384375 0.24479166666666666 0.38984375 0.30625 0.38984375 0.35625 0.38515625 0.41666666666666663 0.384375 0.453125 0.38828125 0.5322916666666666 0.38671875 0.5364583333333333 0.38125 0.5375 0.32578125 0.5322916666666666 0.246875 0.534375 0.2125 0.5291666666666666 0.1875 0.5125 0.1796875 0.490625 0.1828125 0.4625 0.18046875 0.4229166666666666 0.1828125 0.4145833333333333 0.1796875 0.39791666666666664 0.1796875 0.3729166666666667 0.18515625 0.353125 0.1828125 0.32916666666666666 0.18515625 0.25104166666666666 0.1859375 0.2427083333333333 0.19140625 0.23958333333333331 0.1984375 0.24375 0.221875 0.23854166666666665 0.234375 0.23854166666666665 0.24375 0.2427083333333333 0.2546875 0.234375 0.26484375 0.234375 0.27578125 0.23958333333333331 0.28984375 0.23229166666666665 0.3 0.2375 0.32734375 0.23125 0.3453125
0 0.575 0.43828125 0.5802083333333333 0.44375 0.6479166666666666 0.44609375 0.6833333333333333 0.440625 0.6958333333333333 0.44453125 0.73125 0.4421875 0.740625 0.4453125 0.778125 0.44609375 0.7833333333333333 0.44921875 0.8822916666666666 0.45 0.8916666666666666 0.428125 0.89375 0.4 0.8895833333333332 0.3796875 0.8927083333333332 0.3625 0.8875 0.34375 0.8885416666666666 0.28828125 0.884375 0.27890625 0.8854166666666666 0.25390625 0.88125 0.2421875 0.8677083333333332 0.23828125 0.8385416666666666 0.23671875 0.7833333333333333 0.2359375 0.7697916666666667 0.2390625 0.6979166666666666 0.2390625 0.665625 0.234375 0.584375 0.23671875 0.58125 0.2625 0.58125 0.334375 0.5770833333333333 0.36796875 0.578125 0.40625 0.575 0.43828125
0 0.8447916666666666 0.00234375 0.8104166666666666 0.00390625 0.8010416666666667 0.003125 0.796875 0 0.7739583333333333 0 0.7708333333333333 0.00234375 0.7604166666666666 0.00234375 0.7583333333333333 0 0.6520833333333333 0 0.64375 0.01171875 0.6333333333333333 0.0046875 0.6270833333333333 0.00703125 0.621875 0.0046875 0.615625 0.0109375 0.6114583333333333 0.01015625 0.609375 0.0046875 0.6010416666666666 0.0046875 0.6020833333333333 0.0125 0.5947916666666666 0.0171875 0.58125 0.01484375 0.578125 0.01015625 0.56875 0.009375 0.5677083333333333 0.0078125 0.5739583333333333 0.0046875 0.571875 0 0.5458333333333333 0 0.5458333333333333 0.00390625 0.5510416666666667 0.01328125 0.5666666666666667 0.028125 0.5666666666666667 0.046875 0.5708333333333333 0.0515625 0.5770833333333333 0.053125 0.5989583333333333 0.05 0.6541666666666666 0.05078125 0.6572916666666666 0.04765625 0.6854166666666666 0.03984375 0.7104166666666666 0.040625 0.734375 0.03671875 0.7833333333333333 0.0375 0.7958333333333333 0.03515625 0.815625 0.0359375 0.8489583333333333 0.03046875 0.871875 0.03125 0.878125 0.0296875 0.8833333333333332 0.02421875 0.8822916666666666 0 0.846875 0 0.8447916666666666 0.00234375