0 0.12265625 0.9879725085910653 0.12265625 0.9948453608247423 0.13828125 0.9982817869415808 0.16953125 0.9862542955326461 0.2171875 0.993127147766323 0.22734375 0.9828178694158076 0.23125 0.9484536082474226 0.23125 0.9175257731958764 0.23671875 0.8883161512027492 0.240625 0.8831615120274915 0.24375 0.8608247422680414 0.24140625 0.852233676975945 0.24609375 0.8402061855670103 0.2453125 0.8213058419243987 0.240625 0.816151202749141 0.18359375 0.8264604810996564 0.159375 0.8367697594501718 0.15859375 0.8539518900343642 0.14453125 0.8969072164948454 0.14296875 0.9175257731958764 0.1375 0.9261168384879725 0.134375 0.9467353951890034 0.12890625 0.9553264604810998 0.128125 0.9742268041237114 0.12265625 0.9879725085910653
0 0.5046875 0.903125 0.00078125 0.0015625
0 0.56484375 0.879725085910653 0.56875 0.88659793814433 0.571875 0.88659793814433 0.57109375 0.8814432989690723 0.5734375 0.879725085910653 0.57109375 0.8762886597938145 0.56875 0.8831615120274915 0.56484375 0.8728522336769761 0.5578125 0.8762886597938145 0.55625 0.879725085910653 0.56484375 0.879725085910653
0 0.54765625 0.8762886597938145 0.53984375 0.8745704467353953 0.5421875 0.8814432989690723 0.54765625 0.8762886597938145
0 0.5046875 0.8711340206185568 0.5015625 0.8780068728522338 0.5015625 0.8951890034364262 0.509375 0.8934707903780069 0.5140625 0.8986254295532646 0.51640625 0.8917525773195877 0.51875 0.8969072164948454 0.51953125 0.8780068728522338 0.5265625 0.8831615120274915 0.53046875 0.879725085910653 0.53046875 0.8711340206185568 0.53984375 0.8711340206185568 0.5453125 0.8625429553264606 0.56484375 0.8608247422680414 0.57265625 0.8694158075601376 0.578125 0.8642611683848799 0.5796875 0.8333333333333334 0.56875 0.7216494845360826 0.5640625 0.7027491408934708 0.55234375 0.7010309278350516 0.49921875 0.7130584192439863 0.49453125 0.7199312714776632 0.49921875 0.8556701030927837 0.5046875 0.8711340206185568
0 0.1765625 0.8230240549828179 0.225 0.816151202749141 0.246875 0.8075601374570448 0.25234375 0.79553264604811 0.2578125 0.7542955326460482 0.26328125 0.7336769759450172 0.26015625 0.7199312714776632 0.26640625 0.7044673539518901 0.2671875 0.6786941580756014 0.24375 0.6769759450171822 0.20390625 0.6872852233676976 0.18984375 0.6958762886597938 0.1921875 0.7199312714776632 0.17421875 0.7835051546391754 0.1734375 0.8109965635738833 0.1765625 0.8230240549828179
0 0.58359375 0.3969072164948454 0.58828125 0.40549828178694164 0.62578125 0.39862542955326463 0.634375 0.39003436426116844 0.62734375 0.3556701030927835 0.6109375 0.3230240549828179 0.59140625 0.33161512027491413 0.57734375 0.33161512027491413 0.57109375 0.3247422680412372 0.57421875 0.359106529209622 0.58359375 0.3969072164948454
0 0.05703125 0.6701030927835052 0.0921875 0.7371134020618557 0.103125 0.7491408934707905 0.1140625 0.7199312714776632 0.12421875 0.7027491408934708 0.1265625 0.6838487972508591 0.140625 0.6357388316151203 0.09296875 0.6288659793814434 0.07578125 0.6357388316151203 0.07109375 0.6460481099656358 0.05546875 0.6546391752577321 0.0546875 0.6649484536082475 0.05703125 0.6701030927835052
0 0.45625 0.422680412371134 0.475 0.41580756013745707 0.47265625 0.3694158075601375 0.46640625 0.34879725085910657 0.4640625 0.3556701030927835 0.446875 0.35738831615120276 0.425 0.3694158075601375 0.425 0.42439862542955326 0.45625 0.422680412371134
0 0.63828125 0.39003436426116844 0.646875 0.40549828178694164 0.67578125 0.4020618556701031 0.6921875 0.39003436426116844 0.678125 0.3470790378006873 0.66484375 0.3264604810996564 0.65390625 0.33333333333333337 0.6453125 0.3298969072164949 0.62890625 0.34192439862542956 0.62890625 0.3539518900343643 0.63828125 0.39003436426116844
0 0.21640625 0.42439862542955326 0.26953125 0.4123711340206186 0.275 0.40034364261168387 0.27734375 0.38487972508591073 0.28359375 0.3762886597938145 0.284375 0.3625429553264605 0.28984375 0.3539518900343643 0.246875 0.35223367697594504 0.2265625 0.3625429553264605 0.23203125 0.3694158075601375 0.21640625 0.42439862542955326
0 0.7921875 0.4828178694158076 0.80703125 0.5154639175257733 0.81328125 0.5171821305841925 0.82890625 0.47594501718213056 0.83125 0.4587628865979382 0.82734375 0.4639175257731959 0.80625 0.46219931271477666 0.7953125 0.46735395189003437 0.790625 0.4725085910652921 0.7921875 0.4828178694158076
0 0.425 0.37972508591065296 0.43046875 0.3694158075601375 0.4671875 0.3625429553264605 0.4703125 0.35738831615120276 0.46875 0.30584192439862545 0.46640625 0.302405498281787 0.43203125 0.3041237113402062 0.42265625 0.31099656357388317 0.4265625 0.3711340206185567 0.425 0.37972508591065296
0 0.7453125 0.7508591065292097 0.759375 0.8041237113402062 0.76328125 0.8333333333333334 0.759375 0.8384879725085911 0.7609375 0.8419243986254296 0.75859375 0.852233676975945 0.7515625 0.8573883161512029 0.75078125 0.8780068728522338 0.74296875 0.8900343642611684 0.73984375 0.9072164948453609 0.72265625 0.9484536082474226 0.71796875 0.9793814432989691 0.725 0.9948453608247423 0.78046875 0.9810996563573884 0.7875 0.9742268041237114 0.79765625 0.9862542955326461 0.82109375 0.9862542955326461 0.83046875 0.9914089347079038 0.83828125 0.9879725085910653 0.8453125 0.9793814432989691 0.88515625 0.8969072164948454 0.9125 0.8487972508591065 0.9171875 0.8333333333333334 0.921875 0.8298969072164949 0.93359375 0.8058419243986255 0.9328125 0.7886597938144331 0.9234375 0.7835051546391754 0.9203125 0.7628865979381444 0.91328125 0.7594501718213059 0.90859375 0.7371134020618557 0.90078125 0.731958762886598 0.89765625 0.7130584192439863 0.890625 0.7079037800687286 0.88984375 0.6924398625429553 0.8828125 0.6907216494845361 0.8765625 0.6701030927835052 0.8609375 0.6666666666666667 0.83515625 0.6769759450171822 0.7921875 0.6804123711340206 0.7359375 0.6941580756013745 0.73125 0.6993127147766324 0.740625 0.7422680412371134 0.7453125 0.7508591065292097
0 0.64375 0.39453125 0.00078125 0.0015625
0 0.63984375 0.38046875 0.0015625 0.0015625
0 0.71171875 0.3195876288659794 0.71015625 0.3178694158075602 0.703125 0.3178694158075602 0.71171875 0.3195876288659794
0 0.67578125 0.37457044673539525 0.678125 0.3883161512027492 0.6890625 0.38659793814432997 0.6890625 0.37972508591065296 0.68046875 0.3608247422680413 0.675 0.33333333333333337 0.67578125 0.32130584192439865 0.671875 0.31271477663230246 0.675 0.29896907216494845 0.6805397727272727 0.2952202436738519 0.67734375 0.29381443298969073 0.678125 0.28350515463917525 0.64609375 0.28350515463917525 0.6375 0.288659793814433 0.6171875 0.28350515463917525 0.609375 0.288659793814433 0.61875 0.32817869415807566 0.63671875 0.37457044673539525 0.646875 0.3625429553264605 0.66328125 0.359106529209622 0.67578125 0.37457044673539525
0 0.70546875 0.6099656357388317 0.72265625 0.6735395189003437 0.73046875 0.6907216494845361 0.84453125 0.6718213058419245 0.8703125 0.661512027491409 0.86953125 0.6426116838487973 0.86484375 0.6391752577319588 0.859375 0.6219931271477663 0.853125 0.6168384879725086 0.8515625 0.604810996563574 0.846875 0.6013745704467355 0.8265625 0.5532646048109966 0.81328125 0.5515463917525774 0.7 0.5738831615120275 0.6984375 0.5824742268041238 0.70546875 0.6099656357388317
0 0.2015625 0.4776632302405499 0.2015625 0.4862542955326461 0.20546875 0.4914089347079038 0.25625 0.47938144329896915 0.26875 0.4209621993127148 0.25859375 0.4123711340206186 0.2375 0.41408934707903783 0.2125 0.4295532646048111 0.2125 0.44158075601374575 0.2015625 0.4776632302405499
0 0.6015625 0.47079037800687284 0.60625 0.4776632302405499 0.65859375 0.46735395189003437 0.6546875 0.443298969072165 0.63984375 0.39862542955326463 0.62734375 0.39518900343642616 0.590625 0.40549828178694164 0.59140625 0.42783505154639184 0.6015625 0.47079037800687284
0 0.04453125 0.5979381443298969 0.03828125 0.6151202749140894 0.0390625 0.6271477663230242 0.04296875 0.6357388316151203 0.05234375 0.6494845360824744 0.05859375 0.6477663230240551 0.06015625 0.6408934707903781 0.0625 0.6460481099656358 0.0703125 0.6443298969072165 0.071875 0.6426116838487973 0.06953125 0.6357388316151203 0.07265625 0.6305841924398626 0.09296875 0.6185567010309279 0.09296875 0.5910652920962199 0.11015625 0.5481099656357389 0.11484375 0.5292096219931273 0.09609375 0.5257731958762888 0.084375 0.5309278350515465 0.0734375 0.5240549828178694 0.06171875 0.5240549828178694 0.04296875 0.5549828178694158 0.0359375 0.5756013745704468 0.03515625 0.5876288659793815 0.04453125 0.5979381443298969
0 0.1296875 0.7027491408934708 0.2 0.6872852233676976 0.21171875 0.6563573883161513 0.225 0.584192439862543 0.209375 0.5807560137457045 0.1828125 0.5859106529209622 0.1578125 0.5979381443298969 0.13359375 0.6701030927835052 0.12890625 0.6872852233676976 0.1296875 0.7027491408934708
0 0.17578125 0.39003436426116844 0.16328125 0.42439862542955326 0.18203125 0.42783505154639184 0.21171875 0.422680412371134 0.2265625 0.3917525773195877 0.2265625 0.3814432989690722 0.23125 0.3694158075601375 0.22109375 0.36426116838487976 0.18203125 0.36769759450171824 0.16796875 0.3762886597938145 0.17421875 0.37972508591065296 0.17578125 0.39003436426116844
0 0.65 0.993127147766323 0.67265625 0.993127147766323 0.68203125 0.9828178694158076 0.6875 0.993127147766323 0.69609375 0.9948453608247423 0.71015625 0.9845360824742269 0.71484375 0.9759450171821307 0.71796875 0.9450171821305842 0.72734375 0.929553264604811 0.7296875 0.9072164948453609 0.73203125 0.9037800687285223 0.72890625 0.8831615120274915 0.7328125 0.8762886597938145 0.74140625 0.8745704467353953 0.7421875 0.8676975945017184 0.7375 0.8625429553264606 0.73828125 0.8573883161512029 0.7296875 0.8625429553264606 0.7125 0.8505154639175257 0.690625 0.852233676975945 0.6859375 0.8573883161512029 0.6875 0.8625429553264606 0.68515625 0.8676975945017184 0.678125 0.8659793814432991 0.67578125 0.8762886597938145 0.67109375 0.8745704467353953 0.671875 0.8831615120274915 0.66796875 0.8883161512027492 0.6703125 0.8934707903780069 0.66484375 0.9037800687285223 0.6640625 0.9158075601374571 0.659375 0.9243986254295533 0.6609375 0.9278350515463918 0.65234375 0.9432989690721649 0.6484375 0.963917525773196 0.64765625 0.9862542955326461 0.65 0.993127147766323
0 0.1109375 0.71875 0.00390625 0.0015625
0 0.0671875 0.6426116838487973 0.0546875 0.6529209621993128 0.0546875 0.6649484536082475 0.08828125 0.7233676975945018 0.0953125 0.711340206185567 0.10078125 0.7130584192439863 0.1046875 0.6975945017182131 0.1140625 0.6975945017182131 0.115625 0.7130584192439863 0.11875 0.7061855670103093 0.12265625 0.7061855670103093 0.1421875 0.6391752577319588 0.13984375 0.6254295532646049 0.1015625 0.6202749140893471 0.06640625 0.6357388316151203 0.06875 0.6391752577319588 0.0671875 0.6426116838487973
0 0.490625 0.5876288659793815 0.55390625 0.5738831615120275 0.55390625 0.5584192439862543 0.546875 0.5103092783505155 0.540625 0.48453608247422686 0.4875 0.4948453608247423 0.48671875 0.5412371134020619 0.490625 0.5876288659793815
0 0.37421875 0.45704467353951894 0.41796875 0.45360824742268047 0.4203125 0.443298969072165 0.421875 0.38316151202749144 0.41953125 0.3780068728522337 0.37890625 0.38316151202749144 0.37421875 0.39003436426116844 0.37265625 0.4020618556701031 0.37109375 0.4484536082474227 0.37421875 0.45704467353951894
0 0.67890625 0.34192439862542956 0.6875 0.33676975945017185 0.69375 0.3402061855670103 0.69375 0.34879725085910657 0.70625 0.34879725085910657 0.71015625 0.3384879725085911 0.7125 0.34879725085910657 0.71171875 0.34192439862542956 0.7171875 0.34192439862542956 0.71328125 0.32817869415807566 0.71640625 0.32130584192439865 0.71015625 0.3041237113402062 0.71015625 0.29553264604810997 0.70625 0.29381443298969073 0.7076108870967742 0.2868307283006319 0.6953125 0.2800687285223368 0.6609375 0.288659793814433 0.66328125 0.29553264604810997 0.66015625 0.30584192439862545 0.66640625 0.3247422680412372 0.67890625 0.34192439862542956
0 0.42578125 0.5051546391752578 0.46015625 0.5 0.48046875 0.4914089347079038 0.47734375 0.4312714776632303 0.4734375 0.4209621993127148 0.4296875 0.42439862542955326 0.4265625 0.42783505154639184 0.42421875 0.443298969072165 0.42265625 0.48453608247422686 0.42578125 0.5051546391752578
0 0.0140625 0.9347079037800687 0.01171875 0.9484536082474226 0.01328125 0.9604810996563575 0.0046875 0.9690721649484537 0.00546875 0.9845360824742269 0.01484375 0.993127147766323 0.01875 0.9845360824742269 0.01796875 0.9621993127147768 0.04140625 0.963917525773196 0.053125 0.9536082474226806 0.05546875 0.9484536082474226 0.0546875 0.9329896907216495 0.0640625 0.9192439862542956 0.06484375 0.9003436426116839 0.07421875 0.8814432989690723 0.07265625 0.8694158075601376 0.08203125 0.8591065292096222 0.0828125 0.845360824742268 0.07578125 0.8350515463917526 0.053125 0.8436426116838488 0.04921875 0.852233676975945 0.04765625 0.8694158075601376 0.03984375 0.8831615120274915 0.0390625 0.8934707903780069 0.021875 0.9072164948453609 0.02109375 0.9243986254295533 0.01875 0.9278350515463918 0.01328125 0.9243986254295533 0.01171875 0.9089347079037802 0.00390625 0.9106529209621994 0.00390625 0.9347079037800687 0.0140625 0.9347079037800687
0 0.234375 0.563573883161512 0.25 0.5670103092783505 0.28359375 0.5601374570446735 0.2984375 0.5498281786941581 0.31171875 0.48797250859106533 0.31171875 0.4725085910652921 0.31015625 0.46563573883161513 0.2484375 0.4896907216494846 0.246875 0.5171821305841925 0.234375 0.563573883161512
0 0.75390625 0.7800687285223369 0.76328125 0.8281786941580757 0.77265625 0.8470790378006873 0.80546875 0.8367697594501718 0.85859375 0.8298969072164949 0.89140625 0.8316151202749141 0.9078125 0.8264604810996564 0.90859375 0.8316151202749141 0.91328125 0.8316151202749141 0.92109375 0.8264604810996564 0.9328125 0.8058419243986255 0.93203125 0.7886597938144331 0.925 0.7852233676975946 0.921875 0.7766323024054984 0.921875 0.7663230240549829 0.9125 0.7577319587628867 0.909375 0.738831615120275 0.90234375 0.7336769759450172 0.89765625 0.7130584192439863 0.89140625 0.7079037800687286 0.890625 0.6924398625429553 0.88125 0.6872852233676976 0.8796875 0.6752577319587629 0.87578125 0.6701030927835052 0.859375 0.668384879725086 0.8390625 0.6769759450171822 0.7921875 0.6804123711340206 0.73359375 0.6975945017182131 0.7328125 0.7096219931271478 0.75390625 0.7800687285223369
0 0.68046875 0.3556701030927835 0.6875 0.3780068728522337 0.69921875 0.3969072164948454 0.72265625 0.3969072164948454 0.74296875 0.38487972508591073 0.74140625 0.372852233676976 0.7203125 0.3264604810996564 0.71015625 0.3178694158075602 0.6765625 0.3247422680412372 0.67421875 0.33333333333333337 0.68046875 0.3556701030927835
0 0.1078125 0.8298969072164949 0.14375 0.816151202749141 0.16015625 0.8281786941580757 0.17421875 0.8247422680412372 0.17421875 0.7835051546391754 0.17734375 0.7783505154639176 0.1875 0.731958762886598 0.19296875 0.7216494845360826 0.19453125 0.7010309278350516 0.19296875 0.6958762886597938 0.1859375 0.6958762886597938 0.12578125 0.7061855670103093 0.1109375 0.7353951890034365 0.11015625 0.7439862542955327 0.103125 0.7560137457044674 0.10234375 0.7714776632302407 0.09609375 0.7817869415807561 0.09375 0.7972508591065293 0.08828125 0.8041237113402062 0.0890625 0.8298969072164949 0.1078125 0.8298969072164949
0 0.4890625 0.7130584192439863 0.49296875 0.7079037800687286 0.4890625 0.6151202749140894 0.484375 0.5927835051546392 0.42421875 0.604810996563574 0.42109375 0.6597938144329898 0.421875 0.725085910652921 0.4890625 0.7130584192439863
0 0.173828125 0.42783505154639184 0.17109375 0.422680412371134 0.171875 0.4123711340206186 0.1765625 0.4123711340206186 0.17890625 0.42783505154639184 0.18359375 0.4209621993127148 0.19765625 0.42439862542955326 0.18671875 0.39518900343642616 0.19609375 0.3934707903780069 0.2046875 0.3780068728522337 0.2125 0.37972508591065296 0.22734375 0.372852233676976 0.20859375 0.3780068728522337 0.20234375 0.37457044673539525 0.196875 0.38659793814432997 0.19609375 0.3762886597938145 0.18203125 0.3762886597938145 0.1765625 0.3694158075601375 0.13671875 0.372852233676976 0.1203125 0.39003436426116844 0.109375 0.41580756013745707 0.10859375 0.42783505154639184 0.173828125 0.42783505154639184
0 0.421875 0.9415807560137457 0.43203125 0.9914089347079038 0.4671875 0.9896907216494846 0.4734375 0.9845360824742269 0.4984375 0.9879725085910653 0.5015625 0.9759450171821307 0.5 0.9158075601374571 0.4953125 0.8814432989690723 0.49609375 0.8195876288659795 0.48984375 0.7164948453608248 0.42109375 0.7285223367697595 0.4171875 0.7371134020618557 0.415625 0.7663230240549829 0.41484375 0.879725085910653 0.421875 0.9415807560137457
0 0.725 0.9982817869415808 0.78203125 0.9862542955326461 0.7859375 0.9776632302405499 0.78515625 0.9690721649484537 0.7890625 0.9553264604810998 0.8015625 0.9381443298969072 0.82421875 0.8900343642611684 0.82734375 0.8745704467353953 0.8359375 0.8608247422680414 0.83671875 0.845360824742268 0.82265625 0.8384879725085911 0.80703125 0.8470790378006873 0.7515625 0.8556701030927837 0.74921875 0.8762886597938145 0.73046875 0.9209621993127148 0.7296875 0.9312714776632303 0.71953125 0.9484536082474226 0.7203125 0.957044673539519 0.71640625 0.9656357388316152 0.715625 0.9914089347079038 0.725 0.9982817869415808
0 0.153125 0.8359375 0.00234375 0.0015625
0 0.00859375 0.9914089347079038 0.03046875 0.9948453608247423 0.10078125 0.993127147766323 0.1125 0.9759450171821307 0.11953125 0.9776632302405499 0.12265625 0.9742268041237114 0.125 0.957044673539519 0.11796875 0.957044673539519 0.11640625 0.9518900343642611 0.11875 0.9415807560137457 0.1234375 0.936426116838488 0.1296875 0.9381443298969072 0.13359375 0.9312714776632303 0.13671875 0.9054982817869417 0.13984375 0.9037800687285223 0.13359375 0.9020618556701031 0.13203125 0.8969072164948454 0.13671875 0.8883161512027492 0.14375 0.8900343642611684 0.1546875 0.852233676975945 0.15390625 0.8402061855670103 0.15 0.8384879725085911 0.14765625 0.8230240549828179 0.13828125 0.8230240549828179 0.08125 0.8384879725085911 0.07265625 0.8350515463917526 0.05390625 0.8436426116838488 0.04921875 0.8539518900343642 0.04921875 0.8694158075601376 0.040625 0.8814432989690723 0.0390625 0.8951890034364262 0.02421875 0.9106529209621994 0.02421875 0.929553264604811 0.0140625 0.9432989690721649 0.01484375 0.9604810996563575 0.00625 0.9725085910652922 0.00546875 0.9845360824742269 0.00859375 0.9914089347079038
0 0.30625 0.49296875 0.00078125 0.003125
0 0.2609375 0.4810996563573884 0.30703125 0.4810996563573884 0.31484375 0.46219931271477666 0.32265625 0.41065292096219935 0.32109375 0.40549828178694164 0.3140625 0.4037800687285224 0.30703125 0.41065292096219935 0.27578125 0.4089347079037801 0.26796875 0.4209621993127148 0.2609375 0.4518900343642612 0.2578125 0.47079037800687284 0.2609375 0.4810996563573884
0 0.321875 0.3969072164948454 0.3203125 0.39518900343642616 0.31796875 0.3969072164948454 0.321875 0.3969072164948454
0 0.17421875 0.584192439862543 0.225 0.577319587628866 0.2359375 0.563573883161512 0.25 0.5085910652920963 0.25078125 0.4914089347079038 0.23046875 0.4896907216494846 0.19765625 0.49828178694158076 0.190625 0.5085910652920963 0.1734375 0.5670103092783505 0.171875 0.5790378006872853 0.17421875 0.584192439862543
0 0.3015625 0.5240549828178694 0.3015625 0.5481099656357389 0.30390625 0.5515463917525774 0.35234375 0.5446735395189004 0.35859375 0.5360824742268042 0.3609375 0.5103092783505155 0.36640625 0.48797250859106533 0.36640625 0.4690721649484536 0.3625 0.4639175257731959 0.32109375 0.46735395189003437 0.31328125 0.4742268041237113 0.3078125 0.5051546391752578 0.3015625 0.5240549828178694
0 0.4828125 0.4828178694158076 0.4859375 0.4896907216494846 0.51796875 0.4862542955326461 0.5390625 0.4776632302405499 0.53203125 0.4209621993127148 0.52890625 0.4123711340206186 0.4890625 0.41408934707903783 0.48046875 0.4209621993127148 0.4796875 0.4450171821305842 0.4828125 0.4828178694158076
0 0.12421875 0.609375 0.0046875 0.0015625
0 0.0359375 0.6099656357388317 0.0390625 0.6323024054982819 0.05234375 0.6529209621993128 0.05703125 0.6701030927835052 0.0921875 0.7371134020618557 0.10234375 0.7491408934707905 0.10625 0.7474226804123713 0.109375 0.731958762886598 0.125 0.7010309278350516 0.12578125 0.6872852233676976 0.13828125 0.6529209621993128 0.14453125 0.6237113402061857 0.1375 0.6151202749140894 0.1078125 0.6168384879725086 0.096875 0.6082474226804124 0.09765625 0.5807560137457045 0.10234375 0.5756013745704468 0.1140625 0.5395189003436427 0.11484375 0.5292096219931273 0.109375 0.527491408934708 0.096875 0.5257731958762888 0.08203125 0.5326460481099657 0.07109375 0.5240549828178694 0.0609375 0.5257731958762888 0.0390625 0.5670103092783505 0.03671875 0.577319587628866 0.03828125 0.5876288659793815 0.0328125 0.5927835051546392 0.03125 0.6013745704467355 0.0359375 0.6099656357388317
0 0.359375 0.5910652920962199 0.35625 0.6323024054982819 0.3578125 0.6391752577319588 0.41171875 0.6340206185567011 0.41796875 0.6288659793814434 0.421875 0.5584192439862543 0.4203125 0.5326460481099657 0.409375 0.5292096219931273 0.365625 0.5378006872852235 0.3609375 0.5463917525773196 0.36328125 0.5670103092783505 0.359375 0.5910652920962199
0 0.18203125 0.48984375 0.0015625 0.003125
0 0.0859375 0.4072164948453609 0.084375 0.4037800687285224 0.08125 0.41065292096219935 0.0859375 0.4072164948453609
0 0.1046875 0.4123711340206186 0.10234375 0.4175257731958763 0.10390625 0.42439862542955326 0.1 0.43298969072164956 0.08515625 0.4484536082474227 0.07421875 0.44673539518900346 0.07421875 0.4553264604810997 0.0671875 0.4639175257731959 0.05703125 0.46219931271477666 0.05703125 0.4690721649484536 0.0671875 0.49312714776632305 0.071875 0.5171821305841925 0.08046875 0.5223367697594502 0.1171875 0.5189003436426117 0.1328125 0.5034364261168386 0.1484375 0.46735395189003437 0.15703125 0.43642611683848803 0.17265625 0.4037800687285224 0.1765625 0.38316151202749144 0.1703125 0.3762886597938145 0.13671875 0.3762886597938145 0.11796875 0.3934707903780069 0.1125 0.4089347079037801 0.1046875 0.4123711340206186
0 0.61328125 0.31271477663230246 0.6296875 0.35223367697594504 0.63515625 0.34192439862542956 0.65625 0.3402061855670103 0.66796875 0.33333333333333337 0.66171875 0.302405498281787 0.65546875 0.2920962199312715 0.65703125 0.2852233676975945 0.609375 0.2869415807560137 0.60859375 0.29381443298969073 0.61328125 0.31271477663230246
0 0.7765625 0.4484536082474227 0.79296875 0.4742268041237113 0.8171875 0.47079037800687284 0.81953125 0.4742268041237113 0.81796875 0.4862542955326461 0.8203125 0.4896907216494846 0.825 0.47938144329896915 0.8234375 0.4725085910652921 0.828125 0.47079037800687284 0.83515625 0.4484536082474227 0.83515625 0.43814432989690727 0.82109375 0.4072164948453609 0.79609375 0.372852233676976 0.7671875 0.37457044673539525 0.75234375 0.38316151202749144 0.75390625 0.39518900343642616 0.7765625 0.4484536082474227
0 0.471875 0.34879725085910657 0.475 0.3539518900343643 0.5046875 0.34879725085910657 0.51796875 0.3402061855670103 0.5171875 0.3230240549828179 0.51328125 0.30068728522336774 0.51015625 0.29553264604810997 0.49765625 0.29381443298969073 0.47109375 0.302405498281787 0.46953125 0.3247422680412372 0.471875 0.34879725085910657
0 0.20234375 0.577319587628866 0.190625 0.5790378006872853 0.19609375 0.5824742268041238 0.20234375 0.577319587628866
0 0.0953125 0.6065292096219932 0.09921875 0.6134020618556701 0.1078125 0.6185567010309279 0.14609375 0.6202749140893471 0.15703125 0.5927835051546392 0.16484375 0.5876288659793815 0.17109375 0.5756013745704468 0.178125 0.5463917525773196 0.18515625 0.5326460481099657 0.1875 0.5103092783505155 0.175 0.5051546391752578 0.12578125 0.5120274914089348 0.09921875 0.5738831615120275 0.09375 0.5910652920962199 0.0953125 0.6065292096219932
0 0.09765625 0.7817869415807561 0.09453125 0.7989690721649485 0.08828125 0.8075601374570448 0.08828125 0.8230240549828179 0.090625 0.8281786941580757 0.1125 0.8264604810996564 0.13984375 0.816151202749141 0.1515625 0.8178694158075602 0.1578125 0.8264604810996564 0.171875 0.8264604810996564 0.23984375 0.8127147766323025 0.24921875 0.802405498281787 0.25625 0.7714776632302407 0.2609375 0.7353951890034365 0.26015625 0.7199312714776632 0.26640625 0.7027491408934708 0.2671875 0.6804123711340206 0.2625 0.6752577319587629 0.24375 0.6769759450171822 0.17890625 0.6975945017182131 0.1296875 0.7044673539518901 0.12109375 0.7130584192439863 0.11875 0.725085910652921 0.10390625 0.7577319587628867 0.103125 0.7731958762886599 0.09765625 0.7817869415807561
0 0.65859375 0.7405498281786942 0.659375 0.7508591065292097 0.6671875 0.7611683848797252 0.66640625 0.7766323024054984 0.6703125 0.79553264604811 0.6703125 0.8230240549828179 0.67421875 0.8470790378006873 0.66796875 0.8556701030927837 0.66328125 0.8745704467353953 0.66328125 0.9072164948453609 0.65078125 0.9553264604810998 0.6484375 0.9845360824742269 0.65078125 0.9896907216494846 0.66875 0.9896907216494846 0.67734375 0.9828178694158076 0.68671875 0.9879725085910653 0.709375 0.9845360824742269 0.7140625 0.9742268041237114 0.7171875 0.9484536082474226 0.725 0.9347079037800687 0.73203125 0.9072164948453609 0.74453125 0.8762886597938145 0.753125 0.8333333333333334 0.75703125 0.8247422680412372 0.75546875 0.8058419243986255 0.72109375 0.6855670103092784 0.7015625 0.6855670103092784 0.65703125 0.6975945017182131 0.65390625 0.6993127147766324 0.65234375 0.7164948453608248 0.65234375 0.7268041237113403 0.65859375 0.7405498281786942
0 0.425 0.6030927835051547 0.48125 0.5927835051546392 0.48671875 0.5876288659793815 0.48359375 0.5120274914089348 0.48046875 0.49828178694158076 0.425 0.5085910652920963 0.4234375 0.5309278350515465 0.42265625 0.5859106529209622 0.425 0.6030927835051547
0 0.684375 0.5395189003436427 0.6890625 0.563573883161512 0.69609375 0.5738831615120275 0.74609375 0.5584192439862543 0.7453125 0.5395189003436427 0.7234375 0.47594501718213056 0.7078125 0.4725085910652921 0.6703125 0.4828178694158076 0.671875 0.5068728522336771 0.684375 0.5395189003436427
0 0.621875 0.5618556701030928 0.6265625 0.5721649484536082 0.65546875 0.570446735395189 0.6859375 0.5601374570446735 0.6828125 0.5395189003436427 0.67265625 0.5120274914089348 0.66640625 0.4810996563573884 0.6625 0.47594501718213056 0.64921875 0.4742268041237113 0.6109375 0.4828178694158076 0.60859375 0.4948453608247423 0.621875 0.5618556701030928
0 0.56640625 0.32130584192439865 0.57421875 0.3436426116838488 0.60546875 0.33676975945017185 0.61484375 0.3264604810996564 0.61171875 0.30068728522336774 0.60546875 0.2869415807560137 0.58515625 0.28350515463917525 0.5671875 0.29037800687285226 0.56484375 0.29553264604810997 0.56640625 0.32130584192439865
0 0.14140625 0.5051546391752578 0.18671875 0.5017182130584193 0.20078125 0.4828178694158076 0.2109375 0.43642611683848803 0.2078125 0.42783505154639184 0.16015625 0.4347079037800688 0.1390625 0.4948453608247423 0.13828125 0.5017182130584193 0.14140625 0.5051546391752578
0 0.51875 0.3384879725085911 0.52265625 0.34536082474226804 0.5640625 0.3384879725085911 0.56796875 0.33333333333333337 0.56171875 0.30068728522336774 0.5625 0.29037800687285226 0.55546875 0.2852233676975945 0.53984375 0.2852233676975945 0.51640625 0.2920962199312715 0.51484375 0.3041237113402062 0.51875 0.3384879725085911
0 0.22109375 0.6804123711340206 0.265625 0.6718213058419245 0.2765625 0.6632302405498283 0.2921875 0.577319587628866 0.2921875 0.563573883161512 0.2765625 0.5618556701030928 0.23203125 0.5756013745704468 0.21953125 0.6219931271477663 0.21484375 0.6529209621993128 0.20703125 0.668384879725086 0.2078125 0.6804123711340206 0.22109375 0.6804123711340206
0 0.2609375 0.7233676975945018 0.2609375 0.7371134020618557 0.2515625 0.8006872852233677 0.27734375 0.802405498281787 0.31796875 0.7938144329896908 0.32734375 0.7903780068728523 0.33125 0.7835051546391754 0.3328125 0.7577319587628867 0.33984375 0.718213058419244 0.3421875 0.661512027491409 0.28203125 0.6666666666666667 0.26640625 0.6752577319587629 0.26796875 0.6993127147766324 0.2609375 0.7233676975945018
0 0.52265625 0.3625429553264605 0.53046875 0.40549828178694164 0.5359375 0.41408934707903783 0.58125 0.3969072164948454 0.58125 0.3883161512027492 0.56328125 0.3230240549828179 0.56015625 0.3298969072164949 0.5484375 0.33676975945017185 0.52421875 0.3436426116838488 0.521875 0.34879725085910657 0.52265625 0.3625429553264605
0 0.51875 0.3384879725085911 0.521875 0.3436426116838488 0.565625 0.33333333333333337 0.56484375 0.31615120274914094 0.55703125 0.2869415807560137 0.515625 0.2920962199312715 0.515625 0.3144329896907217 0.51875 0.3384879725085911
0 0.65078125 0.4312714776632303 0.659375 0.46219931271477666 0.66796875 0.4776632302405499 0.70859375 0.4725085910652921 0.71640625 0.46219931271477666 0.70078125 0.40549828178694164 0.6921875 0.3934707903780069 0.66171875 0.4020618556701031 0.646875 0.40034364261168387 0.64609375 0.4089347079037801 0.65078125 0.4312714776632303
0 0.57109375 0.6993127147766324 0.57890625 0.7027491408934708 0.64453125 0.6855670103092784 0.6234375 0.5790378006872853 0.58671875 0.577319587628866 0.56015625 0.5876288659793815 0.56796875 0.6890034364261168 0.57109375 0.6993127147766324
0 0.36484375 0.534364261168385 0.41640625 0.527491408934708 0.41953125 0.5171821305841925 0.4203125 0.4553264604810997 0.41796875 0.45017182130584193 0.4078125 0.45017182130584193 0.38359375 0.45360824742268047 0.37265625 0.4604810996563574 0.3640625 0.5068728522336771 0.3625 0.5326460481099657 0.36484375 0.534364261168385
0 0.3390625 0.43814432989690727 0.3359375 0.4347079037800688 0.3265625 0.43642611683848803 0.3390625 0.43814432989690727
0 0.23046875 0.38046875 0.0015625 0.0015625
0 0.37265625 0.3539518900343643 0.37578125 0.35738831615120276 0.3796875 0.35738831615120276 0.38359375 0.34192439862542956 0.38359375 0.33676975945017185 0.36953125 0.33676975945017185 0.37578125 0.3436426116838488 0.37265625 0.3539518900343643
0 0.58671875 0.32817869415807566 0.5828125 0.3264604810996564 0.5813368055555556 0.3351151839124348 0.5859375 0.3384879725085911 0.58359375 0.33333333333333337 0.58671875 0.32817869415807566
0 0.578125 0.32421875 0.00234375 0.0015625
0 0.22890625 0.3762886597938145 0.21640625 0.4123711340206186 0.21796875 0.422680412371134 0.2515625 0.4123711340206186 0.26953125 0.4123711340206186 0.2734375 0.4072164948453609 0.27890625 0.38487972508591073 0.28671875 0.38316151202749144 0.2859375 0.365979381443299 0.29453125 0.3625429553264605 0.290625 0.3608247422680413 0.29140625 0.35223367697594504 0.26953125 0.34879725085910657 0.2265625 0.359106529209622 0.2296875 0.3694158075601375 0.22890625 0.3762886597938145
0 0.33046875 0.3556701030927835 0.328125 0.38659793814432997 0.33125 0.3934707903780069 0.36796875 0.39003436426116844 0.3734375 0.37972508591065296 0.3796875 0.34536082474226804 0.37734375 0.3298969072164949 0.375 0.32817869415807566 0.34921875 0.33161512027491413 0.32734375 0.34192439862542956 0.3265625 0.34879725085910657 0.33046875 0.3556701030927835
0 0.33828125 0.7783505154639176 0.4109375 0.7663230240549829 0.415625 0.7285223367697595 0.41796875 0.6391752577319588 0.39453125 0.6357388316151203 0.3578125 0.6443298969072165 0.34609375 0.6666666666666667 0.34296875 0.7096219931271478 0.33671875 0.7439862542955327 0.3359375 0.7731958762886599 0.33828125 0.7783505154639176
0 0.425 0.520618556701031 0.4390625 0.5051546391752578 0.48125 0.5017182130584193 0.478125 0.43642611683848803 0.4734375 0.4209621993127148 0.428125 0.42783505154639184 0.42421875 0.4518900343642612 0.42265625 0.4948453608247423 0.425 0.520618556701031
0 0.284375 0.422680412371134 0.28515625 0.4484536082474227 0.278125 0.45017182130584193 0.275 0.44673539518900346 0.2765625 0.44158075601374575 0.2703125 0.4398625429553265 0.26875 0.44673539518900346 0.265625 0.44673539518900346 0.265625 0.4553264604810997 0.26953125 0.4518900343642612 0.271875 0.4587628865979382 0.27734375 0.4604810996563574 0.278125 0.45360824742268047 0.28125 0.4604810996563574 0.2828125 0.45704467353951894 0.30703125 0.46563573883161513 0.309375 0.4553264604810997 0.31328125 0.4518900343642612 0.32265625 0.41580756013745707 0.32265625 0.4072164948453609 0.31875 0.4020618556701031 0.325 0.3969072164948454 0.33046875 0.35738831615120276 0.325 0.3436426116838488 0.31484375 0.3505154639175258 0.28515625 0.35223367697594504 0.27265625 0.40034364261168387 0.27421875 0.41580756013745707 0.284375 0.422680412371134
0 0.8203125 0.48797250859106533 0.82109375 0.4810996563573884 0.81796875 0.4810996563573884 0.8171875 0.4862542955326461 0.8203125 0.48797250859106533
0 0.74140625 0.43298969072164956 0.740625 0.42783505154639184 0.73515625 0.4295532646048111 0.74140625 0.43298969072164956
0 0.70703125 0.4295532646048111 0.70234375 0.4261168384879725 0.7 0.42783505154639184 0.70703125 0.4295532646048111
0 0.71953125 0.43642611683848803 0.71875 0.443298969072165 0.72421875 0.4518900343642612 0.72890625 0.4450171821305842 0.7296875 0.4518900343642612 0.7375 0.4518900343642612 0.72890625 0.443298969072165 0.728125 0.42783505154639184 0.71875 0.422680412371134 0.715625 0.4295532646048111 0.71953125 0.43642611683848803
0 0.75390625 0.41408934707903783 0.75 0.41065292096219935 0.75078125 0.41580756013745707 0.75390625 0.41408934707903783
0 0.74375 0.39921875 0.00078125 0.0015625
0 0.65 0.2869415807560137 0.63828125 0.29381443298969073 0.61484375 0.29037800687285226 0.62265625 0.33333333333333337 0.62890625 0.3436426116838488 0.63984375 0.3917525773195877 0.64921875 0.4089347079037801 0.65390625 0.43298969072164956 0.6578125 0.4398625429553265 0.66015625 0.4587628865979382 0.66484375 0.4690721649484536 0.67109375 0.46219931271477666 0.67265625 0.46735395189003437 0.67421875 0.4553264604810997 0.6890625 0.46563573883161513 0.69375 0.4587628865979382 0.69453125 0.46563573883161513 0.696875 0.4639175257731959 0.696875 0.4398625429553265 0.690625 0.4347079037800688 0.69296875 0.42439862542955326 0.6890625 0.42439862542955326 0.68515625 0.4347079037800688 0.68671875 0.44673539518900346 0.68203125 0.4484536082474227 0.67890625 0.443298969072165 0.68046875 0.43814432989690727 0.678125 0.4347079037800688 0.68125 0.4261168384879725 0.67734375 0.41924398625429554 0.6885414062499999 0.41065292096219935 0.6890625 0.4037800687285224 0.6921875 0.41065292096219935 0.696875 0.41065292096219935 0.69921875 0.4037800687285224 0.7125 0.4037800687285224 0.7171875 0.4072164948453609 0.7171875 0.41408934707903783 0.71953125 0.41580756013745707 0.721875 0.4089347079037801 0.7234375 0.41580756013745707 0.725 0.41065292096219935 0.72265625 0.3969072164948454 0.74140625 0.38316151202749144 0.75 0.38659793814432997 0.778125 0.45360824742268047 0.78984375 0.4690721649484536 0.82734375 0.4690721649484536 0.83359375 0.44158075601374575 0.83125 0.4312714776632303 0.8140625 0.3969072164948454 0.7984375 0.3780068728522337 0.77890625 0.33161512027491413 0.76328125 0.3144329896907217 0.75859375 0.302405498281787 0.74765625 0.3041237113402062 0.74453125 0.30927835051546393 0.7421875 0.30584192439862545 0.74453125 0.281786941580756 0.73984375 0.2852233676975945 0.7375 0.2800687285223368 0.73515625 0.2852233676975945 0.7296875 0.27835051546391754 0.71640625 0.27835051546391754 0.70078125 0.2852233676975945 0.65 0.2869415807560137
0 0.06015625 0.47938144329896915 0.07109375 0.47938144329896915 0.07578125 0.4639175257731959 0.08828125 0.4518900343642612 0.0921875 0.44158075601374575 0.10390625 0.42783505154639184 0.11953125 0.39003436426116844 0.084375 0.39518900343642616 0.05625 0.4518900343642612 0.05390625 0.4639175257731959 0.06015625 0.47938144329896915
0 0.8265625 0.8934707903780069 0.81796875 0.9072164948453609 0.7890625 0.9776632302405499 0.79921875 0.9879725085910653 0.8171875 0.9828178694158076 0.83046875 0.9896907216494846 0.84140625 0.9879725085910653 0.90703125 0.8625429553264606 0.909375 0.852233676975945 0.91484375 0.8470790378006873 0.9171875 0.8350515463917526 0.9234375 0.8298969072164949 0.9234375 0.8230240549828179 0.91640625 0.8127147766323025 0.91875 0.8058419243986255 0.92421875 0.8127147766323025 0.93203125 0.809278350515464 0.9328125 0.7938144329896908 0.925 0.7886597938144331 0.92109375 0.8006872852233677 0.91796875 0.7920962199312716 0.91328125 0.8144329896907218 0.89609375 0.8281786941580757 0.89375 0.8230240549828179 0.8875 0.8350515463917526 0.8828125 0.8281786941580757 0.86875 0.8367697594501718 0.846875 0.8384879725085911 0.84140625 0.8470790378006873 0.8375 0.8659793814432991 0.8265625 0.8934707903780069
0 0.9140625 0.7703125 0.00078125 0.0015625
0 0.49765625 0.7096219931271478 0.56484375 0.6958762886597938 0.56484375 0.6563573883161513 0.55703125 0.5859106529209622 0.55390625 0.5807560137457045 0.50703125 0.5876288659793815 0.49296875 0.5979381443298969 0.4921875 0.6391752577319588 0.49765625 0.7096219931271478
0 0.7296875 0.49312714776632305 0.74453125 0.5326460481099657 0.7453125 0.5446735395189004 0.75 0.5584192439862543 0.80546875 0.5532646048109966 0.81640625 0.5463917525773196 0.81484375 0.5309278350515465 0.80390625 0.5171821305841925 0.80078125 0.5017182130584193 0.7796875 0.4639175257731959 0.7296875 0.4690721649484536 0.72734375 0.47079037800687284 0.7296875 0.49312714776632305
0 0.54140625 0.47594501718213056 0.5453125 0.4810996563573884 0.5984375 0.4690721649484536 0.58828125 0.41580756013745707 0.58125 0.39862542955326463 0.5734375 0.3934707903780069 0.534375 0.41065292096219935 0.5390625 0.46219931271477666 0.54140625 0.47594501718213056
0 0 0.9690721649484537 0.0046875 0.9742268041237114 0.01328125 0.9587628865979383 0.0125 0.9484536082474226 0.01484375 0.9415807560137457 0.0171875 0.9415807560137457 0.02109375 0.9553264604810998 0.02734375 0.9518900343642611 0.02578125 0.9329896907216495 0.021875 0.9278350515463918 0.02265625 0.9140893470790379 0.0265625 0.9020618556701031 0.0234375 0.9106529209621994 0.0203125 0.9003436426116839 0.00546875 0.9037800687285223 0 0.9072164948453609 0 0.9690721649484537
0 0.67421875 0.31271477663230246 0.671875 0.30927835051546393 0.66796875 0.31099656357388317 0.67421875 0.31271477663230246
0 0.72890625 0.3298969072164949 0.740625 0.3625429553264605 0.74453125 0.3694158075601375 0.746875 0.365979381443299 0.74765625 0.372852233676976 0.7515625 0.372852233676976 0.75390625 0.3505154639175258 0.75625 0.3539518900343643 0.76171875 0.34536082474226804 0.76484375 0.35223367697594504 0.7671875 0.3505154639175258 0.76796875 0.3625429553264605 0.78828125 0.36426116838487976 0.7904119318181818 0.3564511090284287 0.7859375 0.34879725085910657 0.77421875 0.35223367697594504 0.77109375 0.34192439862542956 0.77578125 0.3264604810996564 0.7703125 0.3264604810996564 0.771875 0.3195876288659794 0.76171875 0.30927835051546393 0.7578125 0.2920962199312715 0.74296875 0.2714776632302406 0.73046875 0.2714776632302406 0.703125 0.2852233676975945 0.703125 0.2972508591065292 0.70703125 0.2972508591065292 0.7140625 0.31615120274914094 0.72890625 0.3298969072164949
0 0.41875 0.4484536082474227 0.42265625 0.41065292096219935 0.42265625 0.38659793814432997 0.41953125 0.365979381443299 0.4078125 0.3694158075601375 0.4046875 0.3780068728522337 0.38984375 0.3780068728522337 0.38671875 0.372852233676976 0.38359375 0.37972508591065296 0.37578125 0.3814432989690722 0.371875 0.39003436426116844 0.37265625 0.4553264604810997 0.41875 0.4484536082474227
0 0.390625 0.34879725085910657 0.38359375 0.34536082474226804 0.38203125 0.35223367697594504 0.390625 0.34879725085910657
0 0.85625 0.5360824742268042 0.8625 0.5412371134020619 0.89140625 0.5326460481099657 0.90859375 0.4914089347079038 0.9046875 0.4742268041237113 0.884375 0.44158075601374575 0.8671875 0.44158075601374575 0.8515625 0.45017182130584193 0.8375 0.48453608247422686 0.83828125 0.5051546391752578 0.85625 0.5360824742268042
0 0.7359375 0.8848797250859107 0.72890625 0.8848797250859107 0.73046875 0.8900343642611684 0.7359375 0.8848797250859107
0 0.675 0.8625429553264606 0.67421875 0.8573883161512029 0.67109375 0.8573883161512029 0.67109375 0.8625429553264606 0.675 0.8625429553264606
0 0.6578125 0.7474226804123713 0.6578125 0.7560137457044674 0.6640625 0.7628865979381444 0.66953125 0.8075601374570448 0.6703125 0.8350515463917526 0.68046875 0.852233676975945 0.70625 0.8419243986254296 0.7125 0.8487972508591065 0.73359375 0.8436426116838488 0.74453125 0.852233676975945 0.74921875 0.8487972508591065 0.75703125 0.8264604810996564 0.75703125 0.8127147766323025 0.75 0.7783505154639176 0.72265625 0.6855670103092784 0.7 0.6838487972508591 0.65078125 0.6993127147766324 0.6484375 0.7302405498281788 0.6578125 0.7474226804123713
0 0.609375 0.84296875 0.00234375 0.0015625
0 0.634375 0.7611683848797252 0.6265625 0.7594501718213059 0.62265625 0.7611683848797252 0.634375 0.7611683848797252
0 0.609375 0.76015625 0.0015625 0.0015625
0 0.58984375 0.7474226804123713 0.58828125 0.7508591065292097 0.59296875 0.7474226804123713 0.59375 0.7336769759450172 0.5875 0.7353951890034365 0.58671875 0.7405498281786942 0.58984375 0.7474226804123713
0 0.590625 0.9415807560137457 0.58828125 0.9518900343642611 0.58046875 0.9553264604810998 0.58125 0.970790378006873 0.5875 0.9793814432989691 0.63671875 0.9793814432989691 0.64453125 0.9810996563573884 0.6546875 0.993127147766323 0.66953125 0.9896907216494846 0.67109375 0.9828178694158076 0.675 0.9862542955326461 0.678125 0.9810996563573884 0.68515625 0.9810996563573884 0.6890625 0.9879725085910653 0.70234375 0.9845360824742269 0.7109375 0.9776632302405499 0.71640625 0.9450171821305842 0.7234375 0.936426116838488 0.73359375 0.8934707903780069 0.740625 0.8831615120274915 0.75 0.8384879725085911 0.75546875 0.8264604810996564 0.75546875 0.8127147766323025 0.74140625 0.7542955326460482 0.7375 0.7491408934707905 0.734375 0.7302405498281788 0.725 0.7044673539518901 0.72421875 0.6924398625429553 0.71953125 0.6855670103092784 0.7 0.6855670103092784 0.64375 0.6993127147766324 0.64296875 0.7233676975945018 0.6375 0.7353951890034365 0.63203125 0.7285223367697595 0.63515625 0.752577319587629 0.6296875 0.752577319587629 0.6265625 0.7439862542955327 0.62578125 0.7542955326460482 0.640625 0.752577319587629 0.63984375 0.7474226804123713 0.6421875 0.7439862542955327 0.65078125 0.745704467353952 0.65 0.7508591065292097 0.65703125 0.7611683848797252 0.6578125 0.7783505154639176 0.66171875 0.7835051546391754 0.6578125 0.7886597938144331 0.659375 0.79553264604811 0.61484375 0.7938144329896908 0.61015625 0.7989690721649485 0.61171875 0.8127147766323025 0.621875 0.8230240549828179 0.6203125 0.8264604810996564 0.62421875 0.8333333333333334 0.625 0.845360824742268 0.6203125 0.852233676975945 0.60234375 0.8539518900343642 0.590625 0.8625429553264606 0.58828125 0.8745704467353953 0.584375 0.879725085910653 0.58671875 0.8917525773195877 0.58125 0.9175257731958764 0.584375 0.9329896907216495 0.590625 0.9415807560137457
0 0.6296875 0.85390625 0.00078125 0.003125
0 0.58125 0.7680412371134021 0.58125 0.8144329896907218 0.5890625 0.8831615120274915 0.609375 0.8831615120274915 0.609375 0.8780068728522338 0.6125 0.879725085910653 0.61484375 0.8642611683848799 0.625 0.8591065292096222 0.621875 0.852233676975945 0.62578125 0.8470790378006873 0.64140625 0.8436426116838488 0.6515625 0.852233676975945 0.66015625 0.852233676975945 0.66796875 0.8384879725085911 0.66875 0.8127147766323025 0.665625 0.8006872852233677 0.66640625 0.7886597938144331 0.66171875 0.7714776632302407 0.66328125 0.7611683848797252 0.6546875 0.7508591065292097 0.64765625 0.725085910652921 0.646875 0.7199312714776632 0.65078125 0.7096219931271478 0.6484375 0.6958762886597938 0.58671875 0.7010309278350516 0.5765625 0.7061855670103093 0.57578125 0.7216494845360826 0.58125 0.7680412371134021
0 0.3015625 0.45625 0.003125 0.0015625
0 0.27578125 0.41408934707903783 0.29375 0.41924398625429554 0.2953125 0.422680412371134 0.2921875 0.4312714776632303 0.29453125 0.4295532646048111 0.2953125 0.43814432989690727 0.3 0.443298969072165 0.31328125 0.44158075601374575 0.31640625 0.42783505154639184 0.31484375 0.4209621993127148 0.321875 0.41408934707903783 0.32109375 0.4072164948453609 0.315625 0.4020618556701031 0.32578125 0.3917525773195877 0.33046875 0.3556701030927835 0.32421875 0.34536082474226804 0.315625 0.3505154639175258 0.2859375 0.35223367697594504 0.27578125 0.3883161512027492 0.2734375 0.40034364261168387 0.27578125 0.41408934707903783
0 0.33359375 0.9896907216494846 0.36484375 0.9793814432989691 0.37109375 0.9793814432989691 0.37421875 0.9862542955326461 0.38359375 0.9759450171821307 0.4 0.9862542955326461 0.40859375 0.9793814432989691 0.4140625 0.993127147766323 0.41796875 0.9896907216494846 0.41640625 0.9810996563573884 0.41875 0.9432989690721649 0.41171875 0.879725085910653 0.4125 0.7714776632302407 0.40234375 0.7697594501718215 0.33671875 0.7852233676975946 0.33359375 0.79553264604811 0.32890625 0.8591065292096222 0.3203125 0.9243986254295533 0.31953125 0.9518900343642611 0.33359375 0.9896907216494846
0 0.41484375 0.8539518900343642 0.41484375 0.8780068728522338 0.41953125 0.8900343642611684 0.41953125 0.9037800687285223 0.4265625 0.9054982817869417 0.428125 0.9140893470790379 0.43828125 0.9140893470790379 0.44921875 0.9072164948453609 0.44609375 0.8986254295532646 0.45 0.8900343642611684 0.4546875 0.8900343642611684 0.4578125 0.8969072164948454 0.46328125 0.88659793814433 0.48046875 0.9003436426116839 0.48828125 0.8934707903780069 0.4875 0.8848797250859107 0.49609375 0.8676975945017184 0.49140625 0.7336769759450172 0.48828125 0.7164948453608248 0.421875 0.7268041237113403 0.4171875 0.7353951890034365 0.415625 0.7611683848797252 0.41796875 0.8350515463917526 0.41484375 0.8539518900343642
0 0.07421875 0.520618556701031 0.08984375 0.5240549828178694 0.1171875 0.5189003436426117 0.13046875 0.5051546391752578 0.13671875 0.4914089347079038 0.153125 0.443298969072165 0.1546875 0.4312714776632303 0.13828125 0.42783505154639184 0.10234375 0.43298969072164956 0.09140625 0.4450171821305842 0.08515625 0.46219931271477666 0.078125 0.46563573883161513 0.06796875 0.48453608247422686 0.0671875 0.5017182130584193 0.07421875 0.520618556701031
0 0.56640625 0.32130584192439865 0.57421875 0.3539518900343643 0.578125 0.3436426116838488 0.61328125 0.3402061855670103 0.615625 0.3350515463917526 0.6171875 0.3384879725085911 0.6125 0.3041237113402062 0.60625 0.2869415807560137 0.584375 0.28350515463917525 0.5671875 0.288659793814433 0.56484375 0.29381443298969073 0.56640625 0.32130584192439865
0 0.58359375 0.8745704467353953 0.5796875 0.9037800687285223 0.5796875 0.9450171821305842 0.575 0.9553264604810998 0.57421875 0.9759450171821307 0.58125 0.9879725085910653 0.58671875 0.9896907216494846 0.64296875 0.9862542955326461 0.646875 0.9725085910652922 0.6484375 0.9484536082474226 0.6609375 0.9037800687285223 0.66171875 0.8900343642611684 0.659375 0.879725085910653 0.66875 0.8350515463917526 0.66796875 0.8006872852233677 0.6625 0.7611683848797252 0.65625 0.752577319587629 0.64765625 0.7233676975945018 0.65078125 0.7130584192439863 0.65 0.6993127147766324 0.63828125 0.6941580756013745 0.5890625 0.7010309278350516 0.575 0.7096219931271478 0.58125 0.7680412371134021 0.58359375 0.8745704467353953
0 0.828125 0.4312714776632303 0.82421875 0.4312714776632303 0.8234375 0.4347079037800688 0.828125 0.4312714776632303
0 0.771875 0.4295532646048111 0.77734375 0.43814432989690727 0.77578125 0.42783505154639184 0.77421875 0.43298969072164956 0.771875 0.4295532646048111
0 0.81484375 0.42439862542955326 0.80546875 0.422680412371134 0.803125 0.42783505154639184 0.81484375 0.42439862542955326
0 0.8171875 0.4046875 0.00078125 0.00546875
0 0.73671875 0.3625429553264605 0.75078125 0.38487972508591073 0.771875 0.3780068728522337 0.79609375 0.37972508591065296 0.79765625 0.37457044673539525 0.80078125 0.37972508591065296 0.79296875 0.3556701030927835 0.7875 0.3505154639175258 0.7828125 0.3350515463917526 0.771875 0.3178694158075602 0.76171875 0.31615120274914094 0.7515625 0.30584192439862545 0.74453125 0.31271477663230246 0.71953125 0.31615120274914094 0.71875 0.32130584192439865 0.73671875 0.3625429553264605
0 0.64609375 0.6804123711340206 0.65078125 0.6890034364261168 0.6734375 0.6890034364261168 0.7203125 0.6752577319587629 0.7 0.5962199312714777 0.68828125 0.5687285223367697 0.62890625 0.5756013745704468 0.62890625 0.5996563573883162 0.64609375 0.6804123711340206
0 0.48046875 0.422680412371134 0.5234375 0.4123711340206186 0.528125 0.4072164948453609 0.52578125 0.3814432989690722 0.51875 0.34879725085910657 0.47578125 0.3556701030927835 0.47578125 0.39862542955326463 0.48046875 0.422680412371134
0 0.425 0.34536082474226804 0.42421875 0.4175257731958763 0.43125 0.42439862542955326 0.4578125 0.4209621993127148 0.46953125 0.41408934707903783 0.4734375 0.4175257731958763 0.4734375 0.372852233676976 0.4671875 0.30584192439862545 0.45546875 0.30068728522336774 0.425 0.30927835051546393 0.42265625 0.3144329896907217 0.425 0.34536082474226804
0 0.55625 0.5670103092783505 0.5609375 0.5790378006872853 0.61328125 0.570446735395189 0.6203125 0.5652920962199313 0.60703125 0.4896907216494846 0.6015625 0.47938144329896915 0.5875 0.47594501718213056 0.54765625 0.4862542955326461 0.546875 0.49828178694158076 0.55625 0.5670103092783505
0 0.50078125 0.8659793814432991 0.5 0.8934707903780069 0.50625 0.9879725085910653 0.52109375 0.993127147766323 0.54453125 0.9793814432989691 0.5671875 0.9896907216494846 0.575 0.9415807560137457 0.57578125 0.9054982817869417 0.58125 0.8470790378006873 0.5671875 0.7130584192439863 0.56328125 0.7010309278350516 0.5578125 0.7010309278350516 0.5 0.7130584192439863 0.49453125 0.7199312714776632 0.49765625 0.8316151202749141 0.50078125 0.8659793814432991
0 0.5984375 0.45859375 0.00078125 0.00703125
0 0.578125 0.36328125 0.00078125 0.00546875
0 0.60390625 0.3436426116838488 0.603125 0.365979381443299 0.5921875 0.372852233676976 0.59453125 0.37972508591065296 0.59296875 0.38487972508591073 0.5828125 0.38659793814432997 0.5875 0.4175257731958763 0.59375 0.4312714776632303 0.5984375 0.42783505154639184 0.5984375 0.4123711340206186 0.60625 0.40549828178694164 0.6265625 0.4020618556701031 0.63359375 0.3917525773195877 0.6265625 0.35738831615120276 0.6203125 0.34879725085910657 0.61640625 0.3350515463917526 0.61328125 0.34536082474226804 0.60859375 0.33333333333333337 0.5984375 0.3436426116838488 0.59765625 0.3384879725085911 0.59375 0.3402061855670103 0.591968322336266 0.3469245161962156 0.60390625 0.3436426116838488
0 0.71328125 0.4484536082474227 0.7234375 0.46563573883161513 0.759375 0.4639175257731959 0.7765625 0.4553264604810997 0.76875 0.4312714776632303 0.7484375 0.3883161512027492 0.7375 0.3814432989690722 0.7328125 0.38659793814432997 0.7015625 0.3917525773195877 0.7 0.3969072164948454 0.71328125 0.4484536082474227
0 0.07265625 0.6838487972508591 0.0703125 0.6804123711340206 0.07109375 0.6907216494845361 0.07265625 0.6838487972508591
0 0.06640625 0.6735395189003437 0.0625 0.6701030927835052 0.0640625 0.6752577319587629 0.06640625 0.6735395189003437
0 0.084375 0.7233676975945018 0.09765625 0.7474226804123713 0.1046875 0.7508591065292097 0.115625 0.7199312714776632 0.12578125 0.7027491408934708 0.12578125 0.6855670103092784 0.1296875 0.661512027491409 0.121875 0.661512027491409 0.11953125 0.6718213058419245 0.109375 0.6752577319587629 0.10546875 0.6890034364261168 0.08046875 0.7010309278350516 0.078125 0.7061855670103093 0.084375 0.7233676975945018
0 0.2828125 0.6632302405498283 0.34609375 0.6512027491408936 0.35703125 0.6254295532646049 0.36015625 0.5549828178694158 0.35703125 0.5498281786941581 0.34453125 0.5498281786941581 0.296875 0.5584192439862543 0.28125 0.6426116838487973 0.28046875 0.6580756013745706 0.2828125 0.6632302405498283
0 0.41796875 0.3814432989690722 0.42265625 0.365979381443299 0.425 0.3230240549828179 0.42265625 0.31615120274914094 0.4015625 0.3178694158075602 0.384375 0.3264604810996564 0.38046875 0.3350515463917526 0.37578125 0.37972508591065296 0.41796875 0.3814432989690722
0 0.2296875 0.9828178694158076 0.23203125 0.9914089347079038 0.25 0.993127147766323 0.25859375 0.9862542955326461 0.30703125 0.9810996563573884 0.3171875 0.9742268041237114 0.31328125 0.9484536082474226 0.31796875 0.9312714776632303 0.32109375 0.9037800687285223 0.32890625 0.7972508591065293 0.30078125 0.7989690721649485 0.24765625 0.816151202749141 0.24609375 0.8625429553264606 0.23671875 0.8900343642611684 0.2375 0.9003436426116839 0.2328125 0.9106529209621994 0.2296875 0.9621993127147768 0.2296875 0.9828178694158076
0 0.31640625 0.45017182130584193 0.3171875 0.4690721649484536 0.33515625 0.4690721649484536 0.36875 0.45704467353951894 0.3734375 0.4089347079037801 0.37265625 0.3934707903780069 0.36953125 0.38659793814432997 0.33125 0.3883161512027492 0.3265625 0.40034364261168387 0.325 0.4209621993127148 0.31640625 0.45017182130584193