0 0.3641304347826087 0.6995967741935484 0.3967391304347826 0.6915322580645161 0.4103260869565217 0.6935483870967742 0.4157608695652174 0.7016129032258064 0.48641304347826086 0.6975806451612903 0.4891304347826087 0.6673387096774193 0.4782608695652174 0.6431451612903226 0.3777173913043478 0.6491935483870968 0.3532608695652174 0.6612903225806451 0.34782608695652173 0.6875 0.3641304347826087 0.6995967741935484
0 0.61796875 0.3296875 0.00234375 0.00234375
0 0.5896739130434783 0.25 0.6358695652173914 0.2782258064516129 0.6603260869565217 0.2782258064516129 0.671195652173913 0.2923387096774194 0.7065217391304348 0.3004032258064516 0.7255434782608695 0.3165322580645161 0.701086956521739 0.33669354838709675 0.6956521739130435 0.32661290322580644 0.6847826086956521 0.3346774193548387 0.654891304347826 0.3326612903225806 0.6521739130434783 0.3225806451612903 0.638586956521739 0.32056451612903225 0.6304347826086956 0.3286290322580645 0.6358695652173914 0.344758064516129 0.6467391304347826 0.3508064516129032 0.6630434782608695 0.34879032258064513 0.6603260869565217 0.33669354838709675 0.6793478260869565 0.33669354838709675 0.6807065217391304 0.34879032258064513 0.7092391304347826 0.34879032258064513 0.7065217391304348 0.33669354838709675 0.7228260869565217 0.3286290322580645 0.7445652173913043 0.34879032258064513 0.782608695652174 0.30241935483870963 0.7663043478260869 0.2883064516129032 0.7989130434782609 0.2782258064516129 0.8125 0.25 0.796195652173913 0.2439516129032258 0.6467391304347826 0.24193548387096775 0.5896739130434783 0.2439516129032258 0.5896739130434783 0.25
0 0.4945652173913043 0.6028225806451613 0.5027173913043479 0.6048387096774193 0.5244565217391304 0.5927419354838709 0.546195652173913 0.5927419354838709 0.546195652173913 0.5826612903225806 0.5625 0.5806451612903226 0.5570652173913043 0.5725806451612903 0.6059782608695652 0.5604838709677419 0.6059782608695652 0.5403225806451613 0.6304347826086956 0.5 0.6304347826086956 0.4758064516129032 0.6222826086956521 0.467741935483871 0.595108695652174 0.4657258064516129 0.5271739130434783 0.469758064516129 0.5135869565217391 0.4717741935483871 0.4945652173913043 0.4939516129032258 0.49184782608695654 0.5786290322580645 0.4945652173913043 0.6028225806451613
0 0.5 0.6754032258064516 0.5190217391304348 0.6471774193548387 0.5190217391304348 0.6209677419354839 0.5353260869565217 0.5967741935483871 0.5815217391304348 0.5806451612903226 0.5896739130434783 0.5705645161290323 0.5815217391304348 0.5665322580645161 0.5108695652173914 0.5725806451612903 0.4945652173913043 0.5806451612903226 0.4891304347826087 0.6512096774193548 0.5 0.6754032258064516
0 0.5 0.5806451612903226 0.5842391304347826 0.5685483870967742 0.6059782608695652 0.5584677419354839 0.6032608695652174 0.5383064516129032 0.592391304347826 0.5362903225806451 0.5081521739130435 0.5383064516129032 0.4945652173913043 0.5463709677419355 0.49184782608695654 0.5725806451612903 0.5 0.5806451612903226
0 0.446875 0.540625 0.00234375 0.00390625
0 0.3043478260869565 0.5120967741935484 0.3070652173913043 0.5201612903225806 0.32608695652173914 0.5241935483870968 0.34510869565217395 0.5483870967741935 0.3967391304347826 0.5463709677419355 0.40489130434782605 0.5383064516129032 0.42391304347826086 0.5463709677419355 0.4266304347826087 0.5383064516129032 0.45652173913043476 0.5282258064516129 0.4646739130434782 0.5181451612903226 0.4728260869565217 0.5201612903225806 0.4755434782608695 0.532258064516129 0.4891304347826087 0.467741935483871 0.48097826086956524 0.4475806451612903 0.46739130434782605 0.4415322580645161 0.328804347826087 0.4475806451612903 0.3125 0.4314516129032258 0.29891304347826086 0.4475806451612903 0.3043478260869565 0.5120967741935484
0 0.2907608695652174 0.4032258064516129 0.3043478260869565 0.41129032258064513 0.2934782608695652 0.4193548387096774 0.29891304347826086 0.4495967741935484 0.3043478260869565 0.4133064516129032 0.32065217391304346 0.4012096774193548 0.32608695652173914 0.34274193548387094 0.3125 0.31048387096774194 0.296195652173913 0.29637096774193544 0.2934782608695652 0.2661290322580645 0.28532608695652173 0.2560483870967742 0.27989130434782605 0.2600806451612903 0.28804347826086957 0.3870967741935484 0.2907608695652174 0.4032258064516129
0 0.328804347826087 0.5967741935483871 0.3532608695652174 0.5987903225806451 0.4021739130434782 0.5806451612903226 0.4266304347826087 0.5846774193548387 0.48369565217391297 0.5786290322580645 0.4782608695652174 0.5181451612903226 0.4429347826086956 0.5141129032258064 0.3967391304347826 0.5241935483870968 0.3777173913043478 0.5181451612903226 0.33967391304347827 0.5221774193548387 0.3342391304347826 0.5141129032258064 0.3125 0.5181451612903226 0.30978260869565216 0.5524193548387097 0.328804347826087 0.5967741935483871
0 0.3532608695652174 0.6975806451612903 0.4021739130434782 0.689516129032258 0.47010869565217395 0.6975806451612903 0.48097826086956524 0.6935483870967742 0.48641304347826086 0.6189516129032258 0.4782608695652174 0.5725806451612903 0.46739130434782605 0.5705645161290323 0.4483695652173913 0.5786290322580645 0.4429347826086956 0.5725806451612903 0.43478260869565216 0.5786290322580645 0.39945652173913043 0.5725806451612903 0.375 0.5887096774193548 0.3641304347826087 0.5866935483870968 0.3342391304347826 0.5987903225806451 0.33152173913043476 0.6310483870967742 0.3532608695652174 0.6975806451612903
0 0.5 0.6169354838709677 0.4945652173913043 0.6451612903225806 0.49728260869565216 0.6532258064516129 0.5081521739130435 0.6532258064516129 0.5081521739130435 0.6149193548387097 0.5842391304347826 0.5766129032258064 0.6059782608695652 0.5584677419354839 0.6059782608695652 0.5383064516129032 0.6277173913043479 0.4979838709677419 0.6277173913043479 0.4717741935483871 0.638586956521739 0.4596774193548387 0.6440217391304348 0.3689516129032258 0.6304347826086956 0.34879032258064513 0.5978260869565217 0.32661290322580644 0.5815217391304348 0.3286290322580645 0.5869565217391304 0.32056451612903225 0.5597826086956521 0.31451612903225806 0.5625 0.3064516129032258 0.5543478260869565 0.30241935483870963 0.546195652173913 0.3064516129032258 0.592391304347826 0.34274193548387094 0.5788043478260869 0.3508064516129032 0.5706521739130435 0.34274193548387094 0.5489130434782609 0.3407258064516129 0.5407608695652174 0.3528225806451613 0.5244565217391304 0.36088709677419356 0.5108695652173914 0.35887096774193544 0.5027173913043479 0.36693548387096775 0.49728260869565216 0.4415322580645161 0.49184782608695654 0.6028225806451613 0.5 0.6169354838709677
0 0.7445652173913043 0.4939516129032258 0.75 0.5 0.7527173913043479 0.4939516129032258 0.7717391304347826 0.4899193548387097 0.782608695652174 0.4979838709677419 0.8016304347826086 0.4717741935483871 0.8070652173913043 0.4213709677419355 0.7989130434782609 0.4193548387096774 0.7255434782608695 0.4798387096774193 0.720108695652174 0.4919354838709677 0.7445652173913043 0.4939516129032258
0 0.6467391304347826 0.4455645161290322 0.654891304347826 0.4899193548387097 0.6820652173913043 0.4798387096774193 0.701086956521739 0.4536290322580645 0.6983695652173914 0.4254032258064516 0.7364130434782609 0.37701612903225806 0.7418478260869565 0.35887096774193544 0.6521739130434783 0.35887096774193544 0.6603260869565217 0.38306451612903225 0.6467391304347826 0.4455645161290322
0 0.5108695652173914 0.41129032258064513 0.625 0.407258064516129 0.6440217391304348 0.3911290322580645 0.6440217391304348 0.36491935483870963 0.6168478260869565 0.33870967741935487 0.6277173913043479 0.3508064516129032 0.608695652173913 0.3568548387096774 0.5543478260869565 0.3548387096774194 0.5244565217391304 0.3629032258064516 0.5054347826086956 0.35887096774193544 0.5 0.36693548387096775 0.5 0.405241935483871 0.5108695652173914 0.41129032258064513
0 0.546195652173913 0.5907258064516129 0.5380434782608695 0.5806451612903226 0.532608695652174 0.5846774193548387 0.546195652173913 0.5907258064516129
0 0.5421875 0.44140625 0.00234375 0.00390625
0 0.5135869565217391 0.5766129032258064 0.5054347826086956 0.5806451612903226 0.5163043478260869 0.5846774193548387 0.5 0.5887096774193548 0.5 0.5967741935483871 0.5135869565217391 0.5987903225806451 0.5135869565217391 0.5907258064516129 0.5380434782608695 0.5725806451612903 0.5896739130434783 0.5665322580645161 0.6059782608695652 0.5584677419354839 0.6059782608695652 0.5383064516129032 0.6304347826086956 0.5 0.6331521739130435 0.4354838709677419 0.6195652173913043 0.4294354838709677 0.6114130434782609 0.4314516129032258 0.6168478260869565 0.4395161290322581 0.6005434782608695 0.4455645161290322 0.5190217391304348 0.4536290322580645 0.5217391304347826 0.4596774193548387 0.49728260869565216 0.4879032258064516 0.49728260869565216 0.5625 0.5135869565217391 0.5766129032258064
0 0.5054347826086956 0.25806451612903225 0.5353260869565217 0.28629032258064513 0.638586956521739 0.34879032258064513 0.7228260869565217 0.3467741935483871 0.7228260869565217 0.31048387096774194 0.6847826086956521 0.29637096774193544 0.6983695652173914 0.2782258064516129 0.6222826086956521 0.27419354838709675 0.5679347826086956 0.24798387096774194 0.5380434782608695 0.24596774193548385 0.5054347826086956 0.24798387096774194 0.5054347826086956 0.25806451612903225
0 0.717391304347826 0.282258064516129 0.7663043478260869 0.282258064516129 0.796195652173913 0.28024193548387094 0.8125 0.25201612903225806 0.7364130434782609 0.2439516129032258 0.7282608695652174 0.2560483870967742 0.7146739130434783 0.25806451612903225 0.7255434782608695 0.25806451612903225 0.733695652173913 0.26814516129032256 0.7129917184265011 0.27736175115207373 0.717391304347826 0.282258064516129
0 0.3777173913043478 0.2620967741935484 0.3668478260869565 0.24798387096774194 0.28260869565217395 0.25 0.27989130434782605 0.26411290322580644 0.3777173913043478 0.2620967741935484
0 0.7527173913043479 0.5262096774193548 0.763586956521739 0.5201612903225806 0.782608695652174 0.4798387096774193 0.779891304347826 0.4556451612903226 0.7608695652173914 0.4556451612903226 0.7445652173913043 0.4657258064516129 0.7038043478260869 0.5080645161290323 0.6983695652173914 0.5241935483870968 0.7527173913043479 0.5262096774193548
0 0.6521739130434783 0.4959677419354839 0.6793478260869565 0.4838709677419355 0.701086956521739 0.4556451612903226 0.6983695652173914 0.4274193548387097 0.7418478260869565 0.36693548387096775 0.7364130434782609 0.3548387096774194 0.6521739130434783 0.35887096774193544 0.657608695652174 0.39314516129032256 0.6467391304347826 0.4415322580645161 0.6440217391304348 0.4879032258064516 0.6521739130434783 0.4959677419354839
0 0.7472826086956521 0.3508064516129032 0.7717391304347826 0.31451612903225806 0.7309782608695652 0.3125 0.7282608695652174 0.33870967741935487 0.7472826086956521 0.3508064516129032
0 0.5027173913043479 0.4294354838709677 0.625 0.4254032258064516 0.638586956521739 0.4173387096774193 0.638586956521739 0.3951612903225806 0.625 0.38306451612903225 0.6059782608695652 0.38911290322580644 0.5190217391304348 0.3911290322580645 0.5054347826086956 0.39919354838709675 0.49728260869565216 0.4173387096774193 0.5027173913043479 0.4294354838709677
0 0.3505434782608695 0.5967741935483871 0.4021739130434782 0.5826612903225806 0.42391304347826086 0.5866935483870968 0.43478260869565216 0.5806451612903226 0.48369565217391297 0.5786290322580645 0.4755434782608695 0.532258064516129 0.4429347826086956 0.5403225806451613 0.4429347826086956 0.532258064516129 0.43478260869565216 0.532258064516129 0.4320652173913043 0.5383064516129032 0.42119565217391297 0.5362903225806451 0.41847826086956524 0.5443548387096774 0.34239130434782605 0.5564516129032258 0.33152173913043476 0.5745967741935484 0.3505434782608695 0.5967741935483871
0 0.4592391304347826 0.5282258064516129 0.4538043478260869 0.5201612903225806 0.44565217391304346 0.5221774193548387 0.4592391304347826 0.5282258064516129
0 0.7445652173913043 0.5 0.7690217391304348 0.5342741935483871 0.8043478260869564 0.469758064516129 0.8070652173913043 0.4173387096774193 0.7989130434782609 0.4173387096774193 0.7364130434782609 0.4657258064516129 0.720108695652174 0.4939516129032258 0.7445652173913043 0.5
0 0.34510869565217395 0.5201612903225806 0.37228260869565216 0.5221774193548387 0.4130434782608695 0.5141129032258064 0.4320652173913043 0.5221774193548387 0.43478260869565216 0.5161290322580645 0.48369565217391297 0.5161290322580645 0.4891304347826087 0.5100806451612903 0.48097826086956524 0.4818548387096774 0.33152173913043476 0.4838709677419355 0.32608695652173914 0.4939516129032258 0.34510869565217395 0.5201612903225806
0 0.3233695652173913 0.344758064516129 0.3152173913043478 0.3407258064516129 0.30978260869565216 0.34879032258064513 0.3233695652173913 0.344758064516129
0 0.3203125 0.25078125 0.00546875 0.00234375
0 0.3125 0.3326612903225806 0.3179347826086957 0.32661290322580644 0.4266304347826087 0.32056451612903225 0.42119565217391297 0.29637096774193544 0.39402173913043476 0.26814516129032256 0.38315217391304346 0.2701612903225806 0.3641304347826087 0.25806451612903225 0.33967391304347827 0.26814516129032256 0.3125 0.2600806451612903 0.3070652173913043 0.25 0.27989130434782605 0.2560483870967742 0.28532608695652173 0.3286290322580645 0.3125 0.3326612903225806
0 0.375 0.6229838709677419 0.4130434782608695 0.6189516129032258 0.4266304347826087 0.6068548387096774 0.4429347826086956 0.6149193548387097 0.4728260869565217 0.6169354838709677 0.48641304347826086 0.6088709677419355 0.4755434782608695 0.5786290322580645 0.4266304347826087 0.5846774193548387 0.3967391304347826 0.5786290322580645 0.3532608695652174 0.594758064516129 0.34510869565217395 0.6108870967741935 0.375 0.6229838709677419
0 0.3559782608695652 0.7157258064516129 0.46739130434782605 0.7056451612903226 0.49184782608695654 0.6975806451612903 0.48641304347826086 0.6713709677419355 0.4782608695652174 0.6673387096774193 0.40489130434782605 0.6794354838709677 0.34782608695652173 0.6774193548387097 0.34782608695652173 0.7076612903225806 0.3559782608695652 0.7157258064516129
0 0.5625 0.3004032258064516 0.5896739130434783 0.2943548387096774 0.6847826086956521 0.2943548387096774 0.6983695652173914 0.282258064516129 0.608695652173913 0.26814516129032256 0.5978260869565217 0.27620967741935487 0.5380434782608695 0.27620967741935487 0.5353260869565217 0.2842741935483871 0.5625 0.3004032258064516
0 0.33967391304347827 0.4475806451612903 0.3342391304347826 0.4516129032258064 0.34782608695652173 0.4475806451612903 0.3505434782608695 0.4616935483870968 0.358695652173913 0.4637096774193548 0.37228260869565216 0.4576612903225806 0.38858695652173914 0.4616935483870968 0.3967391304347826 0.4556451612903226 0.4103260869565217 0.4596774193548387 0.4103260869565217 0.4475806451612903 0.4266304347826087 0.4415322580645161 0.48097826086956524 0.4415322580645161 0.4891304347826087 0.4354838709677419 0.48369565217391297 0.407258064516129 0.45652173913043476 0.39314516129032256 0.42934782608695654 0.4012096774193548 0.3532608695652174 0.39919354838709675 0.328804347826087 0.4153225806451613 0.328804347826087 0.4415322580645161 0.33967391304347827 0.4475806451612903
0 0.29891304347826086 0.3004032258064516 0.3233695652173913 0.3225806451612903 0.33695652173913043 0.3165322580645161 0.34782608695652173 0.3225806451612903 0.42934782608695654 0.3185483870967742 0.42119565217391297 0.2943548387096774 0.37228260869565216 0.25201612903225806 0.28532608695652173 0.25201612903225806 0.28260869565217395 0.26411290322580644 0.29891304347826086 0.3004032258064516
0 0.30978260869565216 0.469758064516129 0.30978260869565216 0.4858870967741935 0.328804347826087 0.5403225806451613 0.33967391304347827 0.5544354838709677 0.3559782608695652 0.5584677419354839 0.358695652173913 0.5745967741935484 0.375 0.5806451612903226 0.39945652173913043 0.5705645161290323 0.4619565217391305 0.5705645161290323 0.4646739130434782 0.5584677419354839 0.48369565217391297 0.5423387096774193 0.48097826086956524 0.4415322580645161 0.358695652173913 0.4395161290322581 0.32608695652173914 0.4516129032258064 0.32608695652173914 0.4596774193548387 0.30978260869565216 0.469758064516129
0 0.48369565217391297 0.4254032258064516 0.48369565217391297 0.4173387096774193 0.4755434782608695 0.4173387096774193 0.47010869565217395 0.4213709677419355 0.48369565217391297 0.4254032258064516
0 0.2907608695652174 0.3951612903225806 0.3016304347826087 0.39919354838709675 0.2907608695652174 0.405241935483871 0.296195652173913 0.4818548387096774 0.3016304347826087 0.4979838709677419 0.30978260869565216 0.5 0.33152173913043476 0.4717741935483871 0.32065217391304346 0.4213709677419355 0.2934782608695652 0.3850806451612903 0.29891304347826086 0.3790322580645161 0.2907608695652174 0.36491935483870963 0.2907608695652174 0.3951612903225806
0 0.3043478260869565 0.469758064516129 0.3125 0.4939516129032258 0.33695652173913043 0.5221774193548387 0.34510869565217395 0.5504032258064516 0.4266304347826087 0.5483870967741935 0.4483695652173913 0.5443548387096774 0.45652173913043476 0.5362903225806451 0.4646739130434782 0.5423387096774193 0.4782608695652174 0.5383064516129032 0.4891304347826087 0.4354838709677419 0.4782608695652174 0.4012096774193548 0.3505434782608695 0.4012096774193548 0.3342391304347826 0.4032258064516129 0.3342391304347826 0.4133064516129032 0.32065217391304346 0.4173387096774193 0.32065217391304346 0.4495967741935484 0.3043478260869565 0.469758064516129
0 0.5027173913043479 0.6552419354838709 0.5135869565217391 0.6491935483870968 0.5217391304347826 0.6088709677419355 0.608695652173913 0.5604838709677419 0.6059782608695652 0.5423387096774193 0.6277173913043479 0.5060483870967742 0.6195652173913043 0.4979838709677419 0.6277173913043479 0.4899193548387097 0.6005434782608695 0.502016129032258 0.5815217391304348 0.5040322580645161 0.5733695652173914 0.4979838709677419 0.5679347826086956 0.5060483870967742 0.5054347826086956 0.5080645161290323 0.49184782608695654 0.5443548387096774 0.49184782608695654 0.6451612903225806 0.5027173913043479 0.6552419354838709
0 0.54765625 0.50078125 0.00234375 0.00234375
0 0.49184782608695654 0.6068548387096774 0.5 0.6129032258064516 0.608695652173913 0.5604838709677419 0.6059782608695652 0.5403225806451613 0.6277173913043479 0.4959677419354839 0.5081521739130435 0.5080645161290323 0.4945652173913043 0.5241935483870968 0.4891304347826087 0.5665322580645161 0.49184782608695654 0.6068548387096774
0 0.671195652173913 0.6673387096774193 0.6684782608695652 0.6612903225806451 0.6630434782608695 0.6673387096774193 0.671195652173913 0.6673387096774193
0 0.6929347826086956 0.5483870967741935 0.7038043478260869 0.5564516129032258 0.7472826086956521 0.5504032258064516 0.7581521739130435 0.564516129032258 0.7554347826086956 0.594758064516129 0.7663043478260869 0.5967741935483871 0.7771739130434783 0.5826612903225806 0.7690217391304348 0.5362903225806451 0.7880434782608695 0.4858870967741935 0.7989130434782609 0.4758064516129032 0.796195652173913 0.4274193548387097 0.7391304347826086 0.4657258064516129 0.7038043478260869 0.5080645161290323 0.6902173913043479 0.530241935483871 0.6929347826086956 0.5483870967741935
0 0.6494565217391304 0.4415322580645161 0.6494565217391304 0.4959677419354839 0.6657608695652174 0.4939516129032258 0.6847826086956521 0.4778225806451613 0.7038043478260869 0.4455645161290322 0.701086956521739 0.4193548387096774 0.7418478260869565 0.3629032258064516 0.733695652173913 0.3568548387096774 0.654891304347826 0.35887096774193544 0.6630434782608695 0.3911290322580645 0.6494565217391304 0.4415322580645161
0 0.5570652173913043 0.4778225806451613 0.5489130434782609 0.4798387096774193 0.5543478260869565 0.4858870967741935 0.5570652173913043 0.4778225806451613
0 0.5027173913043479 0.47379032258064513 0.6277173913043479 0.467741935483871 0.638586956521739 0.4596774193548387 0.6358695652173914 0.4294354838709677 0.6467391304347826 0.3709677419354839 0.6331521739130435 0.3548387096774194 0.5081521739130435 0.3629032258064516 0.5 0.3709677419354839 0.49728260869565216 0.4092741935483871 0.4945652173913043 0.4536290322580645 0.5027173913043479 0.47379032258064513
0 0.5380434782608695 0.28024193548387094 0.5978260869565217 0.28024193548387094 0.6195652173913043 0.27419354838709675 0.5652173913043479 0.24596774193548385 0.5054347826086956 0.24596774193548385 0.5027173913043479 0.25806451612903225 0.5380434782608695 0.28024193548387094
0 0.6277173913043479 0.2721774193548387 0.701086956521739 0.2782258064516129 0.7989130434782609 0.27419354838709675 0.8125 0.2540322580645161 0.8016304347826086 0.2439516129032258 0.5842391304347826 0.2439516129032258 0.5869565217391304 0.25201612903225806 0.6277173913043479 0.2721774193548387
0 0.5027173913043479 0.4717741935483871 0.6331521739130435 0.4657258064516129 0.638586956521739 0.4596774193548387 0.6358695652173914 0.4254032258064516 0.5108695652173914 0.4294354838709677 0.49728260869565216 0.4395161290322581 0.4945652173913043 0.4576612903225806 0.5027173913043479 0.4717741935483871
0 0.3016304347826087 0.28024193548387094 0.3559782608695652 0.282258064516129 0.38315217391304346 0.2903225806451613 0.4021739130434782 0.282258064516129 0.39945652173913043 0.2701612903225806 0.3668478260869565 0.25 0.28532608695652173 0.25 0.27989130434782605 0.2620967741935484 0.3016304347826087 0.28024193548387094
0 0.7690217391304348 0.4939516129032258 0.7771739130434783 0.5060483870967742 0.8016304347826086 0.4717741935483871 0.782608695652174 0.4354838709677419 0.7282608695652174 0.4758064516129032 0.720108695652174 0.4899193548387097 0.7690217391304348 0.4939516129032258
0 0.3233695652173913 0.4375 0.328804347826087 0.4495967741935484 0.3152173913043478 0.469758064516129 0.3233695652173913 0.5 0.33967391304347827 0.5120967741935484 0.3668478260869565 0.5080645161290323 0.375 0.5161290322580645 0.3858695652173913 0.5080645161290323 0.3967391304347826 0.5141129032258064 0.39945652173913043 0.5060483870967742 0.42119565217391297 0.5141129032258064 0.4592391304347826 0.5060483870967742 0.4755434782608695 0.5141129032258064 0.4646739130434782 0.5040322580645161 0.48097826086956524 0.4919354838709677 0.4891304347826087 0.47379032258064513 0.48641304347826086 0.3629032258064516 0.3505434782608695 0.36088709677419356 0.328804347826087 0.38911290322580644 0.3342391304347826 0.4274193548387097 0.3233695652173913 0.4375
0 0.3125 0.5 0.29891304347826086 0.5040322580645161 0.3152173913043478 0.5141129032258064 0.3016304347826087 0.5171370967741935 0.3016304347826087 0.5282258064516129 0.32608695652173914 0.6088709677419355 0.33695652173913043 0.5504032258064516 0.3016304347826087 0.4758064516129032 0.29891304347826086 0.4939516129032258 0.3125 0.5
0 0.32608695652173914 0.3729838709677419 0.32608695652173914 0.3911290322580645 0.328804347826087 0.4233870967741935 0.33967391304347827 0.4314516129032258 0.33967391304347827 0.4415322580645161 0.39945652173913043 0.4435483870967742 0.48641304347826086 0.4354838709677419 0.49184782608695654 0.3568548387096774 0.48641304347826086 0.3407258064516129 0.4728260869565217 0.33064516129032256 0.4538043478260869 0.32056451612903225 0.39402173913043476 0.33064516129032256 0.33152173913043476 0.33064516129032256 0.33967391304347827 0.3548387096774194 0.32608695652173914 0.3729838709677419
0 0.625 0.6693548387096774 0.6222826086956521 0.6814516129032258 0.7282608695652174 0.6713709677419355 0.7418478260869565 0.657258064516129 0.7581521739130435 0.5846774193548387 0.7581521739130435 0.5463709677419355 0.7146739130434783 0.5483870967741935 0.6902173913043479 0.5383064516129032 0.6766304347826086 0.5544354838709677 0.6494565217391304 0.6451612903225806 0.625 0.6693548387096774
0 0.3016304347826087 0.3004032258064516 0.3233695652173913 0.3225806451612903 0.42934782608695654 0.3185483870967742 0.40760869565217395 0.2842741935483871 0.3125 0.28024193548387094 0.3016304347826087 0.282258064516129 0.3016304347826087 0.3004032258064516
0 0.3328125 0.496875 0.00234375 0.00234375
0 0.40625 0.4953125 0.00234375 0.00234375
0 0.38046875 0.4953125 0.00546875 0.00234375
0 0.42391304347826086 0.4818548387096774 0.4755434782608695 0.4838709677419355 0.4891304347826087 0.4758064516129032 0.48641304347826086 0.4536290322580645 0.46739130434782605 0.4435483870967742 0.36141304347826086 0.4495967741935484 0.3505434782608695 0.4637096774193548 0.3233695652173913 0.467741935483871 0.33152173913043476 0.4919354838709677 0.42391304347826086 0.4818548387096774
0 0.7445652173913043 0.5 0.7472826086956521 0.5201612903225806 0.7717391304347826 0.5483870967741935 0.779891304347826 0.5100806451612903 0.8043478260869564 0.469758064516129 0.8043478260869564 0.4153225806451613 0.7228260869565217 0.4838709677419355 0.720108695652174 0.4939516129032258 0.7445652173913043 0.5
0 0.4429347826086956 0.6612903225806451 0.4429347826086956 0.6552419354838709 0.4320652173913043 0.657258064516129 0.4429347826086956 0.6612903225806451
0 0.3668478260869565 0.6754032258064516 0.38315217391304346 0.6733870967741935 0.39402173913043476 0.6633064516129032 0.41847826086956524 0.6713709677419355 0.42391304347826086 0.6471774193548387 0.4538043478260869 0.6512096774193548 0.45652173913043476 0.6612903225806451 0.4646739130434782 0.6592741935483871 0.4646739130434782 0.6451612903225806 0.48097826086956524 0.6532258064516129 0.4728260869565217 0.6471774193548387 0.48369565217391297 0.6391129032258064 0.48369565217391297 0.6189516129032258 0.4728260869565217 0.6129032258064516 0.4728260869565217 0.6028225806451613 0.44021739130434784 0.6068548387096774 0.42391304347826086 0.5987903225806451 0.40489130434782605 0.6129032258064516 0.33695652173913043 0.6189516129032258 0.33967391304347827 0.6532258064516129 0.3668478260869565 0.6754032258064516
0 0.40489130434782605 0.5907258064516129 0.4266304347826087 0.5866935483870968 0.4021739130434782 0.5806451612903226 0.40489130434782605 0.5907258064516129
0 0.6195652173913043 0.26814516129032256 0.6277173913043479 0.2721774193548387 0.625 0.2540322580645161 0.6304347826086956 0.25 0.6141304347826086 0.2540322580645161 0.6141304347826086 0.24193548387096775 0.5706521739130435 0.24798387096774194 0.5054347826086956 0.24596774193548385 0.5027173913043479 0.2560483870967742 0.532608695652174 0.27419354838709675 0.595108695652174 0.27620967741935487 0.6195652173913043 0.26814516129032256
0 0.657608695652174 0.4959677419354839 0.6739130434782609 0.4879032258064516 0.6820652173913043 0.47379032258064513 0.6657608695652174 0.4657258064516129 0.6494565217391304 0.4798387096774193 0.6467391304347826 0.4959677419354839 0.657608695652174 0.4959677419354839
0 0.7119565217391304 0.5564516129032258 0.7527173913043479 0.5504032258064516 0.7608695652173914 0.5665322580645161 0.7554347826086956 0.5927419354838709 0.7608695652173914 0.6008064516129032 0.7717391304347826 0.6008064516129032 0.779891304347826 0.5907258064516129 0.7717391304347826 0.5342741935483871 0.7880434782608695 0.4939516129032258 0.779891304347826 0.4778225806451613 0.782608695652174 0.4596774193548387 0.7527173913043479 0.4596774193548387 0.7527173913043479 0.469758064516129 0.7364130434782609 0.469758064516129 0.7092391304347826 0.5 0.6875 0.5383064516129032 0.7119565217391304 0.5564516129032258
0 0.5 0.5423387096774193 0.5733695652173914 0.5362903225806451 0.6005434782608695 0.5403225806451613 0.625 0.5060483870967742 0.5869565217391304 0.502016129032258 0.5081521739130435 0.5080645161290323 0.4945652173913043 0.5221774193548387 0.49184782608695654 0.5383064516129032 0.5 0.5423387096774193
0 0.7663043478260869 0.4818548387096774 0.782608695652174 0.5 0.8043478260869564 0.469758064516129 0.8070652173913043 0.4173387096774193 0.8016304347826086 0.4153225806451613 0.7364130434782609 0.4657258064516129 0.7309782608695652 0.4838709677419355 0.7663043478260869 0.4818548387096774
0 0.33152173913043476 0.6108870967741935 0.36141304347826086 0.6169354838709677 0.391304347826087 0.6129032258064516 0.4157608695652174 0.5967741935483871 0.43478260869565216 0.6028225806451613 0.4320652173913043 0.5846774193548387 0.48097826086956524 0.5846774193548387 0.4755434782608695 0.5181451612903226 0.4429347826086956 0.5161290322580645 0.42391304347826086 0.5241935483870968 0.40760869565217395 0.5201612903225806 0.40489130434782605 0.5342741935483871 0.391304347826087 0.5403225806451613 0.375 0.5362903225806451 0.3777173913043478 0.5221774193548387 0.34239130434782605 0.5262096774193548 0.3342391304347826 0.5141129032258064 0.3152173913043478 0.5181451612903226 0.30978260869565216 0.5544354838709677 0.33152173913043476 0.6108870967741935
0 0.3641304347826087 0.4596774193548387 0.3668478260869565 0.4516129032258064 0.3532608695652174 0.4516129032258064 0.34782608695652173 0.4596774193548387 0.3641304347826087 0.4596774193548387
0 0.37228260869565216 0.4818548387096774 0.34510869565217395 0.4899193548387097 0.33967391304347827 0.4838709677419355 0.3125 0.4838709677419355 0.328804347826087 0.5040322580645161 0.328804347826087 0.5383064516129032 0.33967391304347827 0.5524193548387097 0.358695652173913 0.5604838709677419 0.3559782608695652 0.5685483870967742 0.3695652173913043 0.5806451612903226 0.3967391304347826 0.5705645161290323 0.4320652173913043 0.5745967741935484 0.48641304347826086 0.5383064516129032 0.4782608695652174 0.4758064516129032 0.48369565217391297 0.4596774193548387 0.4646739130434782 0.4435483870967742 0.375 0.4516129032258064 0.3668478260869565 0.4657258064516129 0.37228260869565216 0.4818548387096774
0 0.5 0.6754032258064516 0.5108695652173914 0.6733870967741935 0.5217391304347826 0.6149193548387097 0.546195652173913 0.594758064516129 0.5869565217391304 0.5786290322580645 0.6032608695652174 0.5604838709677419 0.5788043478260869 0.5584677419354839 0.5760869565217391 0.5524193548387097 0.5652173913043479 0.5584677419354839 0.5625 0.5524193548387097 0.5543478260869565 0.5705645161290323 0.5108695652173914 0.5725806451612903 0.49184782608695654 0.5887096774193548 0.4891304347826087 0.6491935483870968 0.5 0.6754032258064516
0 0.7744565217391304 0.4959677419354839 0.763586956521739 0.5161290322580645 0.7771739130434783 0.5181451612903226 0.763586956521739 0.5342741935483871 0.7744565217391304 0.5423387096774193 0.763586956521739 0.5524193548387097 0.7744565217391304 0.5483870967741935 0.7768425238600212 0.5528127458693941 0.7744565217391304 0.5362903225806451 0.782608695652174 0.5060483870967742 0.8043478260869564 0.47379032258064513 0.8097826086956521 0.4173387096774193 0.8016304347826086 0.4153225806451613 0.7717391304347826 0.4415322580645161 0.763586956521739 0.4596774193548387 0.7554347826086956 0.4596774193548387 0.7690217391304348 0.4637096774193548 0.7744565217391304 0.4959677419354839
0 0.7777879389632107 0.5593594913151365 0.7608695652173914 0.5665322580645161 0.7608695652173914 0.6028225806451613 0.7744565217391304 0.6028225806451613 0.782608695652174 0.5927419354838709 0.7777879389632107 0.5593594913151365
0 0.5 0.6713709677419355 0.5190217391304348 0.6471774193548387 0.5217391304347826 0.6149193548387097 0.608695652173913 0.5604838709677419 0.6032608695652174 0.5383064516129032 0.5135869565217391 0.5423387096774193 0.5108695652173914 0.5504032258064516 0.5217391304347826 0.5504032258064516 0.5244565217391304 0.5604838709677419 0.49184782608695654 0.5826612903225806 0.4891304347826087 0.6471774193548387 0.5 0.6713709677419355
0 0.3668478260869565 0.5262096774193548 0.3559782608695652 0.5221774193548387 0.3532608695652174 0.5383064516129032 0.3668478260869565 0.5262096774193548
0 0.3179347826086957 0.5725806451612903 0.3233695652173913 0.6048387096774193 0.3505434782608695 0.6975806451612903 0.42391304347826086 0.6854838709677419 0.4483695652173913 0.6955645161290323 0.4538043478260869 0.6814516129032258 0.4755434782608695 0.6955645161290323 0.46739130434782605 0.6875 0.4782608695652174 0.6854838709677419 0.48369565217391297 0.6754032258064516 0.48369565217391297 0.5584677419354839 0.48097826086956524 0.5383064516129032 0.46739130434782605 0.5342741935483871 0.4755434782608695 0.5221774193548387 0.4429347826086956 0.5161290322580645 0.42391304347826086 0.5262096774193548 0.41847826086956524 0.5221774193548387 0.4157608695652174 0.5342741935483871 0.40760869565217395 0.5342741935483871 0.4021739130434782 0.5221774193548387 0.40760869565217395 0.5362903225806451 0.39402173913043476 0.5403225806451613 0.39945652173913043 0.5463709677419355 0.391304347826087 0.5504032258064516 0.375 0.5443548387096774 0.358695652173913 0.5544354838709677 0.33967391304347827 0.5362903225806451 0.32065217391304346 0.5443548387096774 0.33152173913043476 0.5584677419354839 0.3179347826086957 0.5725806451612903
0 0.3152173913043478 0.3245967741935484 0.28804347826086957 0.32661290322580644 0.28532608695652173 0.3165322580645161 0.28804347826086957 0.3326612903225806 0.29891304347826086 0.33669354838709675 0.296195652173913 0.344758064516129 0.3070652173913043 0.3528225806451613 0.2934782608695652 0.37701612903225806 0.29891304347826086 0.4233870967741935 0.30978260869565216 0.4455645161290322 0.29891304347826086 0.4495967741935484 0.29891304347826086 0.47379032258064513 0.30978260869565216 0.5544354838709677 0.3505434782608695 0.7056451612903226 0.375 0.7116935483870968 0.41847826086956524 0.7016129032258064 0.4646739130434782 0.7016129032258064 0.48097826086956524 0.6955645161290323 0.48369565217391297 0.6774193548387097 0.48369565217391297 0.4616935483870968 0.4755434782608695 0.4395161290322581 0.48369565217391297 0.4233870967741935 0.48369565217391297 0.37701612903225806 0.4728260869565217 0.34879032258064513 0.45108695652173914 0.33064516129032256 0.44021739130434784 0.3346774193548387 0.42391304347826086 0.3225806451612903 0.3967391304347826 0.3245967741935484 0.391304347826087 0.3165322580645161 0.36141304347826086 0.31048387096774194 0.3559782608695652 0.3165322580645161 0.34782608695652173 0.30241935483870963 0.33695652173913043 0.30443548387096775 0.33152173913043476 0.3165322580645161 0.3043478260869565 0.3064516129032258 0.3152173913043478 0.3125 0.3152173913043478 0.3245967741935484
0 0.38203125 0.29765625 0.00234375 0.00234375
0 0.3668478260869565 0.3064516129032258 0.375 0.30443548387096775 0.3695652173913043 0.29637096774193544 0.36141304347826086 0.3004032258064516 0.3668478260869565 0.3064516129032258
0 0.325 0.26484375 0.00234375 0.01015625
0 0.33967391304347827 0.27419354838709675 0.3505434782608695 0.282258064516129 0.3804347826086957 0.2661290322580645 0.3641304347826087 0.25806451612903225 0.36141304347826086 0.2721774193548387 0.33967391304347827 0.27419354838709675
0 0.29891304347826086 0.4637096774193548 0.3070652173913043 0.5201612903225806 0.32065217391304346 0.5282258064516129 0.3125 0.5483870967741935 0.32065217391304346 0.5504032258064516 0.328804347826087 0.5685483870967742 0.34782608695652173 0.5786290322580645 0.3505434782608695 0.5907258064516129 0.391304347826087 0.5786290322580645 0.39945652173913043 0.5705645161290323 0.43478260869565216 0.5766129032258064 0.44565217391304346 0.5705645161290323 0.4619565217391305 0.5745967741935484 0.4755434782608695 0.5665322580645161 0.48641304347826086 0.4758064516129032 0.48097826086956524 0.4475806451612903 0.47010869565217395 0.4415322580645161 0.3804347826086957 0.4455645161290322 0.3641304347826087 0.4395161290322581 0.3342391304347826 0.4475806451612903 0.32065217391304346 0.4415322580645161 0.32608695652173914 0.4475806451612903 0.29891304347826086 0.4637096774193548
0 0.3505434782608695 0.6955645161290323 0.43478260869565216 0.689516129032258 0.44565217391304346 0.6975806451612903 0.4755434782608695 0.6975806451612903 0.48641304347826086 0.657258064516129 0.48097826086956524 0.5524193548387097 0.3804347826086957 0.5544354838709677 0.3532608695652174 0.564516129032258 0.34782608695652173 0.5604838709677419 0.33152173913043476 0.5826612903225806 0.33152173913043476 0.6310483870967742 0.3505434782608695 0.6955645161290323
0 0.29891304347826086 0.3870967741935484 0.2907608695652174 0.39045766129032256 0.3016304347826087 0.4032258064516129 0.2907608695652174 0.4032258064516129 0.3043478260869565 0.41129032258064513 0.2934782608695652 0.4153225806451613 0.296195652173913 0.4838709677419355 0.32065217391304346 0.4879032258064516 0.32065217391304346 0.5080645161290323 0.29891304347826086 0.5040322580645161 0.3016304347826087 0.5181451612903226 0.328804347826087 0.5181451612903226 0.328804347826087 0.5403225806451613 0.3043478260869565 0.5383064516129032 0.32065217391304346 0.5786290322580645 0.33695652173913043 0.5544354838709677 0.3233695652173913 0.4858870967741935 0.328804347826087 0.4717741935483871 0.2934782608695652 0.36491935483870963 0.2907608695652174 0.3776875 0.29891304347826086 0.3870967741935484
0 0.4266304347826087 0.5705645161290323 0.4375 0.5665322580645161 0.40760869565217395 0.564516129032258 0.4021739130434782 0.5665322580645161 0.4266304347826087 0.5705645161290323
0 0.32608695652173914 0.4536290322580645 0.32608695652173914 0.4657258064516129 0.3152173913043478 0.469758064516129 0.3152173913043478 0.4899193548387097 0.34239130434782605 0.5504032258064516 0.39945652173913043 0.5504032258064516 0.4103260869565217 0.5604838709677419 0.4266304347826087 0.5504032258064516 0.4755434782608695 0.5463709677419355 0.48369565217391297 0.5403225806451613 0.48641304347826086 0.5100806451612903 0.48369565217391297 0.4092741935483871 0.47010869565217395 0.4012096774193548 0.4483695652173913 0.407258064516129 0.375 0.405241935483871 0.3641304347826087 0.4153225806451613 0.3505434782608695 0.407258064516129 0.34782608695652173 0.4173387096774193 0.3559782608695652 0.4233870967741935 0.33152173913043476 0.4334677419354839 0.33695652173913043 0.4435483870967742 0.32608695652173914 0.4536290322580645
0 0.2934782608695652 0.28024193548387094 0.2934782608695652 0.30443548387096775 0.30978260869565216 0.3084677419354839 0.32065217391304346 0.3225806451612903 0.4266304347826087 0.32056451612903225 0.4103260869565217 0.2842741935483871 0.3858695652173913 0.2782258064516129 0.34510869565217395 0.28024193548387094 0.32608695652173914 0.2721774193548387 0.32608695652173914 0.26411290322580644 0.2907608695652174 0.26411290322580644 0.28532608695652173 0.2721774193548387 0.2934782608695652 0.28024193548387094
0 0.30978260869565216 0.4838709677419355 0.3505434782608695 0.5504032258064516 0.42391304347826086 0.5483870967741935 0.4483695652173913 0.5423387096774193 0.4538043478260869 0.530241935483871 0.4755434782608695 0.5342741935483871 0.48641304347826086 0.4616935483870968 0.4728260869565217 0.4415322580645161 0.3559782608695652 0.4395161290322581 0.32608695652173914 0.4516129032258064 0.30978260869565216 0.467741935483871 0.30978260869565216 0.4838709677419355
0 0.671195652173913 0.2943548387096774 0.6902173913043479 0.2943548387096774 0.701086956521739 0.282258064516129 0.6983695652173914 0.27620967741935487 0.6331521739130435 0.27419354838709675 0.6277173913043479 0.2782258064516129 0.671195652173913 0.2943548387096774
0 0.763586956521739 0.282258064516129 0.796195652173913 0.282258064516129 0.8125 0.25806451612903225 0.7853260869565217 0.25806451612903225 0.7581521739130435 0.26814516129032256 0.7445652173913043 0.26411290322580644 0.7445652173913043 0.2721774193548387 0.763586956521739 0.282258064516129
0 0.3070652173913043 0.28024193548387094 0.2934782608695652 0.2903225806451613 0.3043478260869565 0.3064516129032258 0.3179347826086957 0.30241935483870963 0.32065217391304346 0.32056451612903225 0.32065217391304346 0.3346774193548387 0.3043478260869565 0.36088709677419356 0.30978260869565216 0.3689516129032258 0.2934782608695652 0.38306451612903225 0.29891304347826086 0.4213709677419355 0.3233695652173913 0.4354838709677419 0.33152173913043476 0.4475806451612903 0.328804347826087 0.4616935483870968 0.36141304347826086 0.467741935483871 0.3695652173913043 0.4637096774193548 0.375 0.4798387096774193 0.3967391304347826 0.4596774193548387 0.4646739130434782 0.4596774193548387 0.4728260869565217 0.4556451612903226 0.4646739130434782 0.4475806451612903 0.48641304347826086 0.4334677419354839 0.48369565217391297 0.3729838709677419 0.4619565217391305 0.3407258064516129 0.4646739130434782 0.33064516129032256 0.42934782608695654 0.32056451612903225 0.4130434782608695 0.28629032258064513 0.3668478260869565 0.25201612903225806 0.28804347826086957 0.2540322580645161 0.2907608695652174 0.2782258064516129 0.3070652173913043 0.28024193548387094
0 0.32065217391304346 0.4435483870967742 0.3016304347826087 0.469758064516129 0.30978260869565216 0.4798387096774193 0.30978260869565216 0.5463709677419355 0.3505434782608695 0.7036290322580645 0.37228260869565216 0.7116935483870968 0.40489130434782605 0.7016129032258064 0.4728260869565217 0.6995967741935484 0.48097826086956524 0.6955645161290323 0.48369565217391297 0.6592741935483871 0.48369565217391297 0.4616935483870968 0.4755434782608695 0.4395161290322581 0.48369565217391297 0.4254032258064516 0.48369565217391297 0.37701612903225806 0.4728260869565217 0.3508064516129032 0.45108695652173914 0.3407258064516129 0.45108695652173914 0.33064516129032256 0.44565217391304346 0.33669354838709675 0.42391304347826086 0.3225806451612903 0.391304347826087 0.3326612903225806 0.38858695652173914 0.3165322580645161 0.3804347826086957 0.32661290322580644 0.3695652173913043 0.3165322580645161 0.33695652173913043 0.31451612903225806 0.328804347826087 0.3225806451612903 0.32065217391304346 0.3165322580645161 0.3233695652173913 0.33870967741935487 0.3125 0.344758064516129 0.32608695652173914 0.34879032258064513 0.3233695652173913 0.37701612903225806 0.30978260869565216 0.38306451612903225 0.3179347826086957 0.3951612903225806 0.3070652173913043 0.39919354838709675 0.30978260869565216 0.4334677419354839 0.32065217391304346 0.4435483870967742
0 0.654891304347826 0.6814516129032258 0.733695652173913 0.6713709677419355 0.7445652173913043 0.6512096774193548 0.7472826086956521 0.6149193548387097 0.7391304347826086 0.6088709677419355 0.6875 0.6068548387096774 0.6847826086956521 0.6169354838709677 0.6603260869565217 0.627016129032258 0.6440217391304348 0.6552419354838709 0.6195652173913043 0.6733870967741935 0.6195652173913043 0.6814516129032258 0.654891304347826 0.6814516129032258
0 0.657608695652174 0.4032258064516129 0.6739130434782609 0.4032258064516129 0.6820652173913043 0.41129032258064513 0.6847826086956521 0.4032258064516129 0.720108695652174 0.3951612903225806 0.7418478260869565 0.3689516129032258 0.7418478260869565 0.3568548387096774 0.733695652173913 0.3528225806451613 0.654891304347826 0.3548387096774194 0.6494565217391304 0.36491935483870963 0.657608695652174 0.4032258064516129
0 0.32608695652173914 0.3971774193548387 0.3179347826086957 0.3729838709677419 0.3233695652173913 0.3568548387096774 0.3070652173913043 0.3407258064516129 0.29891304347826086 0.31048387096774194 0.28804347826086957 0.3084677419354839 0.2907608695652174 0.4153225806451613 0.30552930056710775 0.42627980364656376 0.30978260869565216 0.41129032258064513 0.32608695652173914 0.3971774193548387
0 0.3875 0.47109375 0.0078125 0.00234375
0 0.32065217391304346 0.5625 0.32065217391304346 0.5866935483870968 0.3342391304347826 0.6028225806451613 0.3532608695652174 0.6048387096774193 0.3668478260869565 0.5907258064516129 0.4021739130434782 0.5786290322580645 0.4266304347826087 0.5826612903225806 0.48097826086956524 0.5745967741935484 0.4755434782608695 0.4818548387096774 0.4429347826086956 0.4838709677419355 0.44021739130434784 0.469758064516129 0.4266304347826087 0.467741935483871 0.4320652173913043 0.4778225806451613 0.42119565217391297 0.4838709677419355 0.37228260869565216 0.4818548387096774 0.33967391304347827 0.4919354838709677 0.32065217391304346 0.4818548387096774 0.3125 0.4899193548387097 0.30978260869565216 0.5524193548387097 0.32065217391304346 0.5625
0 0.358695652173913 0.5584677419354839 0.3695652173913043 0.5564516129032258 0.3777173913043478 0.5705645161290323 0.4320652173913043 0.5705645161290323 0.43478260869565216 0.5564516129032258 0.4483695652173913 0.5584677419354839 0.4538043478260869 0.5504032258064516 0.48369565217391297 0.5423387096774193 0.4782608695652174 0.5161290322580645 0.4592391304347826 0.5080645161290323 0.4266304347826087 0.5141129032258064 0.4130434782608695 0.502016129032258 0.4103260869565217 0.5080645161290323 0.3967391304347826 0.5040322580645161 0.39402173913043476 0.5161290322580645 0.375 0.5080645161290323 0.33967391304347827 0.5120967741935484 0.33967391304347827 0.5483870967741935 0.358695652173913 0.5584677419354839
0 0.5081521739130435 0.26411290322580644 0.6440217391304348 0.3508064516129032 0.75 0.34274193548387094 0.7771739130434783 0.30443548387096775 0.763586956521739 0.2883064516129032 0.7934782608695652 0.282258064516129 0.8097826086956521 0.2540322580645161 0.796195652173913 0.2439516129032258 0.6059782608695652 0.24193548387096775 0.5869565217391304 0.2439516129032258 0.5842391304347826 0.2540322580645161 0.5380434782608695 0.24596774193548385 0.5054347826086956 0.24798387096774194 0.5081521739130435 0.26411290322580644
0 0.625 0.6834677419354838 0.7364130434782609 0.6713709677419355 0.7445652173913043 0.6512096774193548 0.7391304347826086 0.6189516129032258 0.7228260869565217 0.6149193548387097 0.6630434782608695 0.6290322580645161 0.6603260869565217 0.6411290322580645 0.6222826086956521 0.6713709677419355 0.6168478260869565 0.6814516129032258 0.625 0.6834677419354838
0 0.6467391304347826 0.4616935483870968 0.6521739130434783 0.4657258064516129 0.671195652173913 0.4576612903225806 0.6820652173913043 0.4717741935483871 0.6983695652173914 0.4556451612903226 0.6983695652173914 0.4254032258064516 0.7364130434782609 0.37701612903225806 0.7418478260869565 0.3568548387096774 0.6494565217391304 0.3568548387096774 0.654891304347826 0.3870967741935484 0.6467391304347826 0.4616935483870968
0 0.5081521739130435 0.4899193548387097 0.5 0.4818548387096774 0.5027173913043479 0.5060483870967742 0.5081521739130435 0.4899193548387097
0 0.48641304347826086 0.3326612903225806 0.5054347826086956 0.3568548387096774 0.49728260869565216 0.3790322580645161 0.5 0.47379032258064513 0.595108695652174 0.4616935483870968 0.625 0.4657258064516129 0.6331521739130435 0.4596774193548387 0.6304347826086956 0.4254032258064516 0.6413043478260869 0.37701612903225806 0.6277173913043479 0.344758064516129 0.4945652173913043 0.2661290322580645 0.4157608695652174 0.26411290322580644 0.41847826086956524 0.27620967741935487 0.48641304347826086 0.3326612903225806
0 0.42265625 0.66015625 0.00234375 0.00234375
0 0.3641304347826087 0.7137096774193548 0.40489130434782605 0.7056451612903226 0.4755434782608695 0.7036290322580645 0.4891304347826087 0.6975806451612903 0.48641304347826086 0.6693548387096774 0.4755434782608695 0.6633064516129032 0.4646739130434782 0.6693548387096774 0.45108695652173914 0.6673387096774193 0.4483695652173913 0.6512096774193548 0.44021739130434784 0.6491935483870968 0.42934782608695654 0.6512096774193548 0.42391304347826086 0.6754032258064516 0.39945652173913043 0.6774193548387097 0.391304347826087 0.6653225806451613 0.38858695652173914 0.6754032258064516 0.3505434782608695 0.6814516129032258 0.3505434782608695 0.7076612903225806 0.3641304347826087 0.7137096774193548
0 0.779891304347826 0.5564516129032258 0.7608695652173914 0.5584677419354839 0.7581521739130435 0.6028225806451613 0.7690217391304348 0.6048387096774193 0.779891304347826 0.5987903225806451 0.7853260869565217 0.5705645161290323 0.779891304347826 0.5060483870967742 0.7663043478260869 0.530241935483871 0.7744565217391304 0.5342741935483871 0.7608695652173914 0.5443548387096774 0.7744565217391304 0.5463709677419355 0.779891304347826 0.5564516129032258
0 0.5869565217391304 0.2540322580645161 0.6168478260869565 0.25806451612903225 0.625 0.26814516129032256 0.6304347826086956 0.2560483870967742 0.779891304347826 0.25806451612903225 0.8043478260869564 0.26411290322580644 0.8179347826086957 0.25 0.8125 0.24193548387096775 0.5842391304347826 0.24193548387096775 0.5788043478260869 0.24798387096774194 0.5869565217391304 0.2540322580645161
0 0.34239130434782605 0.405241935483871 0.44565217391304346 0.4032258064516129 0.4646739130434782 0.3971774193548387 0.4782608695652174 0.4032258064516129 0.4891304347826087 0.3911290322580645 0.49184782608695654 0.35887096774193544 0.4755434782608695 0.3568548387096774 0.4592391304347826 0.34274193548387094 0.4619565217391305 0.33064516129032256 0.44021739130434784 0.3225806451612903 0.39945652173913043 0.3326612903225806 0.40489130434782605 0.3528225806451613 0.38858695652173914 0.3407258064516129 0.358695652173913 0.3346774193548387 0.3559782608695652 0.34879032258064513 0.34510869565217395 0.3508064516129032 0.34510869565217395 0.36088709677419356 0.33152173913043476 0.3729838709677419 0.328804347826087 0.3971774193548387 0.34239130434782605 0.405241935483871
0 0.32065217391304346 0.3870967741935484 0.3233695652173913 0.3971774193548387 0.29891304347826086 0.4032258064516129 0.3070652173913043 0.4354838709677419 0.29891304347826086 0.4475806451612903 0.3070652173913043 0.5181451612903226 0.33967391304347827 0.5282258064516129 0.34239130434782605 0.5504032258064516 0.42391304347826086 0.5463709677419355 0.45652173913043476 0.530241935483871 0.4755434782608695 0.532258064516129 0.48097826086956524 0.4455645161290322 0.4891304347826087 0.4294354838709677 0.4755434782608695 0.36491935483870963 0.4483695652173913 0.35887096774193544 0.34782608695652173 0.35887096774193544 0.33152173913043476 0.3689516129032258 0.33152173913043476 0.3810483870967742 0.32065217391304346 0.3870967741935484
0 0.3125 0.4173387096774193 0.33695652173913043 0.4616935483870968 0.3858695652173913 0.4616935483870968 0.3858695652173913 0.4536290322580645 0.4021739130434782 0.4556451612903226 0.39945652173913043 0.4455645161290322 0.4782608695652174 0.4435483870967742 0.4891304347826087 0.4354838709677419 0.48369565217391297 0.375 0.4728260869565217 0.36088709677419356 0.358695652173913 0.36088709677419356 0.34239130434782605 0.36491935483870963 0.32608695652173914 0.38306451612903225 0.32608695652173914 0.39919354838709675 0.3125 0.4173387096774193
0 0.29453125 0.3515625 0.00234375 0.00234375
0 0.321875 0.3328125 0.00234375 0.00390625
0 0.30978260869565216 0.4395161290322581 0.30978260869565216 0.4717741935483871 0.3342391304347826 0.4838709677419355 0.375 0.4838709677419355 0.39945652173913043 0.4758064516129032 0.42119565217391297 0.4798387096774193 0.4320652173913043 0.4778225806451613 0.4375 0.467741935483871 0.44565217391304346 0.4778225806451613 0.45652173913043476 0.469758064516129 0.4782608695652174 0.4758064516129032 0.4782608695652174 0.4516129032258064 0.4891304347826087 0.4354838709677419 0.48641304347826086 0.375 0.4728260869565217 0.35887096774193544 0.44565217391304346 0.3548387096774194 0.4266304347826087 0.32661290322580644 0.4103260869565217 0.33669354838709675 0.42391304347826086 0.3548387096774194 0.41847826086956524 0.35887096774193544 0.39402173913043476 0.3568548387096774 0.3804347826086957 0.33064516129032256 0.33152173913043476 0.33064516129032256 0.32608695652173914 0.3548387096774194 0.3125 0.3689516129032258 0.3043478260869565 0.3568548387096774 0.296195652173913 0.3629032258064516 0.296195652173913 0.4233870967741935 0.30978260869565216 0.4395161290322581
0 0.296195652173913 0.29838709677419356 0.28260869565217395 0.30107459677419357 0.296195652173913 0.4778225806451613 0.3016304347826087 0.4919354838709677 0.3179347826086957 0.4879032258064516 0.3179347826086957 0.5 0.3016304347826087 0.5100806451612903 0.32608695652173914 0.5241935483870968 0.32608695652173914 0.5362903225806451 0.3043478260869565 0.530241935483871 0.32065217391304346 0.5826612903225806 0.33695652173913043 0.5544354838709677 0.328804347826087 0.5504032258064516 0.328804347826087 0.469758064516129 0.3179347826086957 0.4233870967741935 0.328804347826087 0.4032258064516129 0.32065217391304346 0.375 0.328804347826087 0.34274193548387094 0.30978260869565216 0.3084677419354839 0.29891304347826086 0.30241935483870963 0.296195652173913 0.2620967741935484 0.30978260869565216 0.25806451612903225 0.30978260869565216 0.25201612903225806 0.28532608695652173 0.25201612903225806 0.27989130434782605 0.25806451612903225 0.27989130434782605 0.2883064516129032 0.296195652173913 0.29838709677419356
0 0.7092391304347826 0.282258064516129 0.7934782608695652 0.282258064516129 0.8043478260869564 0.2661290322580645 0.782608695652174 0.2600806451612903 0.7445652173913043 0.2620967741935484 0.7364130434782609 0.2721774193548387 0.7038043478260869 0.27620967741935487 0.6983695652173914 0.2883064516129032 0.7092391304347826 0.282258064516129
0 0.779891304347826 0.4818548387096774 0.7717391304347826 0.5100806451612903 0.782608695652174 0.5100806451612903 0.7771739130434783 0.5262096774193548 0.7690217391304348 0.5282258064516129 0.7717391304347826 0.5443548387096774 0.7608695652173914 0.5665322580645161 0.763586956521739 0.6028225806451613 0.7744565217391304 0.6028225806451613 0.782608695652174 0.5927419354838709 0.7853260869565217 0.564516129032258 0.7744565217391304 0.5463709677419355 0.7853260869565217 0.502016129032258 0.8043478260869564 0.47379032258064513 0.8070652173913043 0.4173387096774193 0.7989130434782609 0.4173387096774193 0.7690217391304348 0.4475806451612903 0.7771739130434783 0.4556451612903226 0.779891304347826 0.4818548387096774
0 0.4945652173913043 0.4919354838709677 0.49728260869565216 0.5100806451612903 0.6195652173913043 0.502016129032258 0.6331521739130435 0.4879032258064516 0.6304347826086956 0.469758064516129 0.6195652173913043 0.4657258064516129 0.5271739130434783 0.467741935483871 0.5081521739130435 0.47379032258064513 0.5054347826086956 0.4858870967741935 0.4945652173913043 0.4919354838709677
0 0.5 0.6814516129032258 0.5135869565217391 0.6733870967741935 0.5163043478260869 0.625 0.49184782608695654 0.6330645161290323 0.49184782608695654 0.6733870967741935 0.5 0.6814516129032258
0 0.7255434782608695 0.31048387096774194 0.7282608695652174 0.32661290322580644 0.7445652173913043 0.33064516129032256 0.7527173913043479 0.3407258064516129 0.779891304347826 0.30443548387096775 0.7554347826086956 0.2923387096774194 0.7581521739130435 0.282258064516129 0.701086956521739 0.2842741935483871 0.701086956521739 0.29838709677419356 0.7255434782608695 0.31048387096774194
0 0.7418478260869565 0.25201612903225806 0.7663043478260869 0.25 0.7989130434782609 0.26814516129032256 0.8206521739130433 0.24798387096774194 0.8043478260869564 0.23991935483870966 0.7663043478260869 0.24193548387096775 0.763586956521739 0.25 0.7472826086956521 0.25 0.7445652173913043 0.24193548387096775 0.7309782608695652 0.2439516129032258 0.7418478260869565 0.25201612903225806
0 0.61171875 0.49296875 0.00546875 0.00234375
0 0.5896739130434783 0.5 0.6222826086956521 0.4838709677419355 0.6413043478260869 0.4616935483870968 0.6440217391304348 0.41129032258064513 0.6331521739130435 0.3971774193548387 0.608695652173913 0.4193548387096774 0.595108695652174 0.4213709677419355 0.5869565217391304 0.407258064516129 0.5652173913043479 0.4032258064516129 0.5543478260869565 0.41129032258064513 0.5108695652173914 0.4153225806451613 0.5108695652173914 0.4233870967741935 0.49728260869565216 0.4314516129032258 0.5 0.5100806451612903 0.5896739130434783 0.5
0 0.49728260869565216 0.6754032258064516 0.5108695652173914 0.6754032258064516 0.5190217391304348 0.6229838709677419 0.529891304347826 0.6048387096774193 0.49728260869565216 0.6149193548387097 0.49184782608695654 0.6310483870967742 0.49184782608695654 0.6673387096774193 0.49728260869565216 0.6754032258064516
0 0.6222826086956521 0.6653225806451613 0.6141304347826086 0.6814516129032258 0.7391304347826086 0.6673387096774193 0.7554347826086956 0.5846774193548387 0.7418478260869565 0.5806451612903226 0.6630434782608695 0.5967741935483871 0.6467391304347826 0.6491935483870968 0.6222826086956521 0.6653225806451613
0 0.5842391304347826 0.5766129032258064 0.5679347826086956 0.5745967741935484 0.5652173913043479 0.5806451612903226 0.5842391304347826 0.5766129032258064
0 0.5108695652173914 0.6532258064516129 0.5135869565217391 0.6209677419354839 0.5 0.6290322580645161 0.4945652173913043 0.6451612903225806 0.5108695652173914 0.6532258064516129
0 0.5 0.6169354838709677 0.5815217391304348 0.5786290322580645 0.608695652173913 0.5564516129032258 0.6059782608695652 0.5383064516129032 0.6304347826086956 0.4979838709677419 0.6304347826086956 0.469758064516129 0.638586956521739 0.4596774193548387 0.6358695652173914 0.43279637096774193 0.6222826086956521 0.4233870967741935 0.6358695652173914 0.4200262096774193 0.6358695652173914 0.407258064516129 0.6277173913043479 0.4032258064516129 0.6168478260869565 0.4254032258064516 0.5081521739130435 0.4314516129032258 0.5 0.4395161290322581 0.4945652173913043 0.4939516129032258 0.49184782608695654 0.6048387096774193 0.5 0.6169354838709677
0 0.7255434782608695 0.3084677419354839 0.7309782608695652 0.33870967741935487 0.7472826086956521 0.3467741935483871 0.7853260869565217 0.30443548387096775 0.796195652173913 0.2782258064516129 0.7228260869565217 0.27620967741935487 0.701086956521739 0.2842741935483871 0.6956521739130435 0.2943548387096774 0.7255434782608695 0.3084677419354839
0 0.6820652173913043 0.6189516129032258 0.6902173913043479 0.6068548387096774 0.7472826086956521 0.6088709677419355 0.7554347826086956 0.5524193548387097 0.75 0.5463709677419355 0.7065217391304348 0.5524193548387097 0.6875 0.5403225806451613 0.6657608695652174 0.5766129032258064 0.6657608695652174 0.6189516129032258 0.6820652173913043 0.6189516129032258
0 0.5027173913043479 0.6552419354838709 0.5135869565217391 0.6491935483870968 0.5217391304347826 0.6088709677419355 0.608695652173913 0.5604838709677419 0.6059782608695652 0.5423387096774193 0.6277173913043479 0.5060483870967742 0.6277173913043479 0.4879032258064516 0.6032608695652174 0.502016129032258 0.5081521739130435 0.5080645161290323 0.4945652173913043 0.5241935483870968 0.49184782608695654 0.6431451612903226 0.5027173913043479 0.6552419354838709
0 0.7744565217391304 0.6048387096774193 0.7853260869565217 0.5766129032258064 0.7744565217391304 0.5504032258064516 0.7608695652173914 0.5705645161290323 0.7581521739130435 0.6028225806451613 0.7744565217391304 0.6048387096774193
0 0.6630434782608695 0.6290322580645161 0.654891304347826 0.6330645161290323 0.6983695652173914 0.6350806451612903 0.701086956521739 0.6290322580645161 0.7391304347826086 0.627016129032258 0.7527173913043479 0.6008064516129032 0.7554347826086956 0.5504032258064516 0.701086956521739 0.5524193548387097 0.6875 0.5423387096774193 0.6630434782608695 0.5887096774193548 0.654891304347826 0.625 0.6630434782608695 0.6290322580645161
0 0.34510869565217395 0.6713709677419355 0.38315217391304346 0.6754032258064516 0.3967391304347826 0.6633064516129032 0.40760869565217395 0.6713709677419355 0.42119565217391297 0.6633064516129032 0.42119565217391297 0.6713709677419355 0.4266304347826087 0.6592741935483871 0.4646739130434782 0.6673387096774193 0.48369565217391297 0.6552419354838709 0.48369565217391297 0.564516129032258 0.4728260869565217 0.5544354838709677 0.38858695652173914 0.5564516129032258 0.3695652173913043 0.5665322580645161 0.33967391304347827 0.564516129032258 0.3233695652173913 0.5766129032258064 0.3233695652173913 0.6068548387096774 0.34510869565217395 0.6713709677419355
0 0.50390625 0.63828125 0.00234375 0.00234375
0 0.509375 0.621875 0.00234375 0.00234375
0 0.5 0.6169354838709677 0.608695652173913 0.5604838709677419 0.608695652173913 0.5362903225806451 0.6331521739130435 0.4919354838709677 0.6304347826086956 0.469758064516129 0.6168478260869565 0.4616935483870968 0.6331521739130435 0.4596774193548387 0.6304347826086956 0.4516129032258064 0.6032608695652174 0.4657258064516129 0.5842391304347826 0.4495967741935484 0.5733695652173914 0.4657258064516129 0.5652173913043479 0.4657258064516129 0.5625 0.4556451612903226 0.5597826086956521 0.4657258064516129 0.5135869565217391 0.467741935483871 0.4945652173913043 0.4939516129032258 0.49184782608695654 0.6088709677419355 0.5 0.6169354838709677
0 0.5869565217391304 0.25 0.6168478260869565 0.26814516129032256 0.6358695652173914 0.2782258064516129 0.6603260869565217 0.2782258064516129 0.671195652173913 0.2923387096774194 0.701086956521739 0.2923387096774194 0.701086956521739 0.29838709677419356 0.7255434782608695 0.3064516129032258 0.7065217391304348 0.28629032258064513 0.7934782608695652 0.282258064516129 0.8152173913043479 0.25 0.8125 0.2439516129032258 0.6059782608695652 0.24193548387096775 0.5869565217391304 0.2439516129032258 0.5869565217391304 0.25
0 0.7038043478260869 0.5262096774193548 0.7228260869565217 0.5241935483870968 0.7445652173913043 0.532258064516129 0.75 0.5282258064516129 0.7581521739130435 0.5383064516129032 0.7663043478260869 0.5362903225806451 0.7744565217391304 0.5181451612903226 0.7690217391304348 0.4838709677419355 0.7228260869565217 0.4879032258064516 0.6983695652173914 0.5141129032258064 0.6956521739130435 0.5221774193548387 0.7038043478260869 0.5262096774193548
0 0.6494565217391304 0.4919354838709677 0.6603260869565217 0.4939516129032258 0.6603260869565217 0.4858870967741935 0.6494565217391304 0.4818548387096774 0.6494565217391304 0.4919354838709677
0 0.5054347826086956 0.3548387096774194 0.49728260869565216 0.3790322580645161 0.5 0.4657258064516129 0.5733695652173914 0.4657258064516129 0.625 0.4576612903225806 0.6331521739130435 0.4455645161290322 0.6277173913043479 0.4233870967741935 0.6358695652173914 0.4153225806451613 0.6413043478260869 0.37701612903225806 0.6304347826086956 0.3467741935483871 0.4945652173913043 0.2661290322580645 0.4157608695652174 0.26411290322580644 0.43478260869565216 0.2923387096774194 0.5054347826086956 0.3548387096774194
0 0.49184782608695654 0.6129032258064516 0.5 0.6189516129032258 0.5652173913043479 0.5826612903225806 0.5815217391304348 0.5806451612903226 0.6005434782608695 0.5625 0.5869565217391304 0.5604838709677419 0.5543478260869565 0.5705645161290323 0.5244565217391304 0.5665322580645161 0.5027173913043479 0.5745967741935484 0.49184782608695654 0.5806451612903226 0.49184782608695654 0.6129032258064516
0 0.5652173913043479 0.5584677419354839 0.5733695652173914 0.5524193548387097 0.5625 0.5524193548387097 0.5652173913043479 0.5584677419354839
0 0.5978260869565217 0.25806451612903225 0.7309782608695652 0.2540322580645161 0.7418478260869565 0.2439516129032258 0.720108695652174 0.25201612903225806 0.7146739130434783 0.24193548387096775 0.7038043478260869 0.2540322580645161 0.6902173913043479 0.2540322580645161 0.6956521739130435 0.24193548387096775 0.5815217391304348 0.24193548387096775 0.5788043478260869 0.24798387096774194 0.5978260869565217 0.25806451612903225
0 0.49728260869565216 0.4435483870967742 0.49728260869565216 0.6713709677419355 0.5081521739130435 0.6673387096774193 0.5163043478260869 0.6512096774193548 0.5217391304347826 0.6088709677419355 0.5842391304347826 0.5786290322580645 0.608695652173913 0.5584677419354839 0.6059782608695652 0.5383064516129032 0.6304347826086956 0.5 0.6304347826086956 0.469758064516129 0.638586956521739 0.4616935483870968 0.6440217391304348 0.3689516129032258 0.6331521739130435 0.35887096774193544 0.5570652173913043 0.35887096774193544 0.5108695652173914 0.36491935483870963 0.5 0.375 0.5081521739130435 0.4233870967741935 0.49728260869565216 0.4435483870967742
0 0.5054347826086956 0.6048387096774193 0.5434782608695652 0.594758064516129 0.5679347826086956 0.5806451612903226 0.5706521739130435 0.5705645161290323 0.6059782608695652 0.5584677419354839 0.6059782608695652 0.5383064516129032 0.6304347826086956 0.4979838709677419 0.6304347826086956 0.469758064516129 0.638586956521739 0.4596774193548387 0.6277173913043479 0.4233870967741935 0.6358695652173914 0.42069959677419355 0.6358695652173914 0.4092741935483871 0.6195652173913043 0.4254032258064516 0.5679347826086956 0.4314516129032258 0.5135869565217391 0.4294354838709677 0.5 0.4375 0.49728260869565216 0.4516129032258064 0.4945652173913043 0.6028225806451613 0.5054347826086956 0.6048387096774193
0 0.5625 0.3004032258064516 0.5788043478260869 0.2943548387096774 0.6875 0.2923387096774194 0.6956521739130435 0.28629032258064513 0.6956521739130435 0.2782258064516129 0.625 0.27419354838709675 0.5625 0.24596774193548385 0.5054347826086956 0.24798387096774194 0.5054347826086956 0.2600806451612903 0.5625 0.3004032258064516
0 0.529891304347826 0.594758064516129 0.5751127973748974 0.5771835057821059 0.5706521739130435 0.5705645161290323 0.5625 0.5725806451612903 0.5543478260869565 0.5826612903225806 0.5407608695652174 0.5745967741935484 0.5163043478260869 0.5786290322580645 0.5163043478260869 0.5907258064516129 0.49728260869565216 0.6068548387096774 0.49184782608695654 0.6532258064516129 0.49728260869565216 0.6693548387096774 0.5081521739130435 0.6713709677419355 0.529891304347826 0.594758064516129
0 0.638586956521739 0.6814516129032258 0.7364130434782609 0.6673387096774193 0.7554347826086956 0.5927419354838709 0.7527173913043479 0.5504032258064516 0.7092391304347826 0.5504032258064516 0.6956521739130435 0.5423387096774193 0.6847826086956521 0.5463709677419355 0.6875 0.5524193548387097 0.6630434782608695 0.5846774193548387 0.6467391304347826 0.6512096774193548 0.6222826086956521 0.6693548387096774 0.6195652173913043 0.6794354838709677 0.638586956521739 0.6814516129032258
0 0.41847826086956524 0.2782258064516129 0.5135869565217391 0.3629032258064516 0.6304347826086956 0.3568548387096774 0.6222826086956521 0.3407258064516129 0.49184782608695654 0.26411290322580644 0.4157608695652174 0.2620967741935484 0.4103260869565217 0.2661290322580645 0.41847826086956524 0.2782258064516129
0 0.6521739130434783 0.4979838709677419 0.6820652173913043 0.4838709677419355 0.7038043478260869 0.4475806451612903 0.6956521739130435 0.4294354838709677 0.6793478260869565 0.4233870967741935 0.6657608695652174 0.4274193548387097 0.6467391304347826 0.4475806451612903 0.6440217391304348 0.4959677419354839 0.6521739130434783 0.4979838709677419
0 0.4609375 0.65625 0.00234375 0.00234375
0 0.3559782608695652 0.657258064516129 0.3668478260869565 0.6733870967741935 0.38858695652173914 0.6673387096774193 0.38858695652173914 0.657258064516129 0.41847826086956524 0.6693548387096774 0.42391304347826086 0.657258064516129 0.40625 0.657258064516129 0.40760869565217395 0.6491935483870968 0.45108695652173914 0.6491935483870968 0.45652173913043476 0.6431451612903226 0.48097826086956524 0.6411290322580645 0.48097826086956524 0.6189516129032258 0.47010869565217395 0.6088709677419355 0.43478260869565216 0.6068548387096774 0.42934782608695654 0.6008064516129032 0.40489130434782605 0.6169354838709677 0.3532608695652174 0.6169354838709677 0.33967391304347827 0.6229838709677419 0.33967391304347827 0.6491935483870968 0.3559782608695652 0.657258064516129
0 0.5135869565217391 0.4495967741935484 0.5244565217391304 0.4455645161290322 0.5135869565217391 0.4415322580645161 0.5135869565217391 0.4495967741935484
0 0.5978260869565217 0.4415322580645161 0.5896739130434783 0.4395161290322581 0.5815217391304348 0.4415322580645161 0.5978260869565217 0.4415322580645161
0 0.5733695652173914 0.4415322580645161 0.5679347826086956 0.4334677419354839 0.5489130434782609 0.4354838709677419 0.5434782608695652 0.4475806451612903 0.5733695652173914 0.4415322580645161
0 0.43478260869565216 0.2923387096774194 0.5054347826086956 0.3528225806451613 0.5 0.4274193548387097 0.5135869565217391 0.4354838709677419 0.5190217391304348 0.4274193548387097 0.625 0.4233870967741935 0.638586956521739 0.3790322580645161 0.6304347826086956 0.3467741935483871 0.4945652173913043 0.2661290322580645 0.41847826086956524 0.26411290322580644 0.4157608695652174 0.2701612903225806 0.43478260869565216 0.2923387096774194
0 0.6114130434782609 0.3245967741935484 0.6440217391304348 0.3185483870967742 0.6630434782608695 0.32661290322580644 0.717391304347826 0.3245967741935484 0.7228260869565217 0.3165322580645161 0.7092391304347826 0.30241935483870963 0.6739130434782609 0.2943548387096774 0.5733695652173914 0.29838709677419356 0.5760869565217391 0.3084677419354839 0.6114130434782609 0.3245967741935484
0 0.6440217391304348 0.3508064516129032 0.7255434782608695 0.3467741935483871 0.7228260869565217 0.3084677419354839 0.7092391304347826 0.30241935483870963 0.6766304347826086 0.2943548387096774 0.5760869565217391 0.29637096774193544 0.5733695652173914 0.3084677419354839 0.6440217391304348 0.3508064516129032
0 0.5 0.6814516129032258 0.5163043478260869 0.6713709677419355 0.5190217391304348 0.6209677419354839 0.5271739130434783 0.6048387096774193 0.5 0.6129032258064516 0.49184782608695654 0.627016129032258 0.49184782608695654 0.6733870967741935 0.5 0.6814516129032258
0 0.5869565217391304 0.5766129032258064 0.5679347826086956 0.5745967741935484 0.5652173913043479 0.5826612903225806 0.5869565217391304 0.5766129032258064
0 0.6358695652173914 0.27419354838709675 0.7119565217391304 0.27620967741935487 0.7364130434782609 0.2701612903225806 0.7364130434782609 0.25806451612903225 0.6983695652173914 0.25 0.6684782608695652 0.2560483870967742 0.608695652173913 0.2540322580645161 0.6032608695652174 0.25806451612903225 0.6358695652173914 0.27419354838709675
0 0.3070652173913043 0.4798387096774193 0.29891304347826086 0.4828629032258064 0.3070652173913043 0.5544354838709677 0.328804347826087 0.6108870967741935 0.33967391304347827 0.5927419354838709 0.36141304347826086 0.5806451612903226 0.3505434782608695 0.5766129032258064 0.3532608695652174 0.5584677419354839 0.33967391304347827 0.5504032258064516 0.3152173913043478 0.4858870967741935 0.29891304347826086 0.4576612903225806 0.3070652173913043 0.4798387096774193
0 0.47010869565217395 0.4556451612903226 0.4619565217391305 0.4536290322580645 0.45652173913043476 0.4556451612903226 0.47010869565217395 0.4556451612903226
0 0.33967391304347827 0.33870967741935487 0.3505434782608695 0.33669354838709675 0.34782608695652173 0.3326612903225806 0.33967391304347827 0.33064516129032256 0.33967391304347827 0.33870967741935487
0 0.3179347826086957 0.4173387096774193 0.33695652173913043 0.4616935483870968 0.34239130434782605 0.4576612903225806 0.36141304347826086 0.467741935483871 0.39402173913043476 0.4596774193548387 0.4103260869565217 0.4637096774193548 0.42391304347826086 0.4556451612903226 0.4429347826086956 0.4576612903225806 0.4592391304347826 0.4415322580645161 0.48641304347826086 0.4415322580645161 0.4891304347826087 0.3629032258064516 0.46739130434782605 0.3528225806451613 0.4592391304347826 0.3407258064516129 0.4646739130434782 0.33064516129032256 0.44565217391304346 0.3225806451612903 0.38315217391304346 0.33669354838709675 0.36141304347826086 0.33064516129032256 0.3559782608695652 0.3467741935483871 0.328804347826087 0.3709677419354839 0.33152173913043476 0.4032258064516129 0.3179347826086957 0.4173387096774193
0 0.34239130434782605 0.6633064516129032 0.34782608695652173 0.7056451612903226 0.3559782608695652 0.7137096774193548 0.4891304347826087 0.6975806451612903 0.4891304347826087 0.6673387096774193 0.4782608695652174 0.6451612903225806 0.3695652173913043 0.6512096774193548 0.3505434782608695 0.6653225806451613 0.34239130434782605 0.6633064516129032
0 0.7880434782608695 0.4576612903225806 0.7853260869565217 0.4758064516129032 0.7989130434782609 0.4798387096774193 0.8125 0.4133064516129032 0.8043478260869564 0.41129032258064513 0.7744565217391304 0.4395161290322581 0.7717391304347826 0.4455645161290322 0.7880434782608695 0.4576612903225806
0 0.657608695652174 0.4939516129032258 0.6820652173913043 0.4818548387096774 0.7038043478260869 0.4435483870967742 0.6956521739130435 0.4173387096774193 0.6739130434782609 0.4133064516129032 0.6657608695652174 0.4254032258064516 0.6521739130434783 0.4274193548387097 0.6467391304347826 0.4919354838709677 0.657608695652174 0.4939516129032258
0 0.7092391304347826 0.41129032258064513 0.7119565217391304 0.407258064516129 0.6983695652173914 0.4012096774193548 0.6929347826086956 0.4092741935483871 0.7092391304347826 0.41129032258064513
0 0.7038043478260869 0.5544354838709677 0.75 0.5504032258064516 0.7663043478260869 0.5383064516129032 0.7527173913043479 0.5221774193548387 0.7092391304347826 0.5201612903225806 0.6902173913043479 0.5262096774193548 0.6847826086956521 0.5383064516129032 0.7038043478260869 0.5544354838709677
0 0.34782608695652173 0.6774193548387097 0.36141304347826086 0.6834677419354838 0.3967391304347826 0.6774193548387097 0.4157608695652174 0.6875 0.42934782608695654 0.6754032258064516 0.44021739130434784 0.6774193548387097 0.4375 0.6854838709677419 0.4483695652173913 0.6754032258064516 0.48097826086956524 0.6814516129032258 0.48641304347826086 0.6048387096774193 0.4782608695652174 0.5786290322580645 0.41847826086956524 0.5806451612903226 0.39945652173913043 0.5745967741935484 0.3777173913043478 0.5887096774193548 0.3342391304347826 0.6008064516129032 0.33152173913043476 0.6310483870967742 0.34782608695652173 0.6774193548387097
0 0.3858695652173913 0.2600806451612903 0.4945652173913043 0.2560483870967742 0.49184782608695654 0.24193548387096775 0.4755434782608695 0.2318548387096774 0.3804347826086957 0.2318548387096774 0.3777173913043478 0.2540322580645161 0.3858695652173913 0.2600806451612903