0 0.20500000000000002 0.5916666666666667 0.203125 0.5891666666666666 0.20125 0.5916666666666667 0.20500000000000002 0.5916666666666667
0 0.2234375 0.34140625 0.0015625 0.0015625
0 0.1890625 0.33203125 0.0015625 0.0015625
0 0.18375000000000002 0.3308333333333333 0.179375 0.3308333333333333 0.181875 0.3358333333333333 0.18375000000000002 0.3308333333333333
0 0.22687500000000002 0.33916666666666667 0.22687500000000002 0.31416666666666665 0.225 0.315 0.22687500000000002 0.33916666666666667
0 0.21625 0.315 0.22062500000000002 0.31083333333333335 0.216875 0.31083333333333335 0.215 0.31333333333333335 0.21625 0.315
0 0.22687500000000002 0.31 0.22687500000000002 0.30333333333333334 0.22312500000000002 0.2991666666666667 0.221875 0.30083333333333334 0.22000000000000003 0.29583333333333334 0.21812499999999999 0.2966666666666667 0.22687500000000002 0.31
0 0.2118218085106383 0.28929078014184395 0.20750000000000002 0.28583333333333333 0.19937500000000002 0.28500000000000003 0.19812500000000002 0.28583333333333333 0.20437500000000003 0.28833333333333333 0.209375 0.29500000000000004 0.2118218085106383 0.28929078014184395
0 0.16312500000000002 0.21833333333333332 0.16875 0.21666666666666665 0.16812500000000002 0.21333333333333332 0.16375 0.21333333333333332 0.16187500000000002 0.21666666666666665 0.16312500000000002 0.21833333333333332
0 0.07312500000000001 0.365 0.07375000000000001 0.38666666666666666 0.07062500000000001 0.3983333333333333 0.06875 0.41833333333333333 0.079375 0.44000000000000006 0.079375 0.44416666666666665 0.074375 0.45583333333333337 0.074375 0.46333333333333326 0.07125000000000001 0.46416666666666667 0.066875 0.4741666666666666 0.07 0.4758333333333333 0.07375000000000001 0.4716666666666667 0.07562500000000001 0.47333333333333333 0.075 0.47750000000000004 0.07875000000000001 0.4875 0.08 0.5 0.07 0.5116666666666666 0.066875 0.525 0.07 0.5383333333333333 0.07625000000000001 0.55 0.07250000000000001 0.5675 0.07250000000000001 0.5841666666666667 0.079375 0.6116666666666666 0.07 0.6341666666666667 0.069375 0.6491666666666667 0.0775 0.6683333333333333 0.0825 0.6716666666666666 0.081875 0.6825 0.078125 0.6925 0.078125 0.7166666666666667 0.07625000000000001 0.7383333333333333 0.07250000000000001 0.7516666666666667 0.07250000000000001 0.7633333333333333 0.07562500000000001 0.7716666666666667 0.085 0.7791666666666667 0.085625 0.7908333333333333 0.08812500000000001 0.7941666666666667 0.0925 0.7941666666666667 0.085 0.8266666666666665 0.0875 0.8416666666666666 0.080625 0.8525 0.078125 0.8625 0.08687500000000001 0.8658333333333333 0.10562500000000001 0.8625 0.128125 0.8666666666666666 0.15125000000000002 0.86 0.151875 0.8691666666666666 0.15812500000000002 0.8733333333333333 0.169375 0.8724999999999999 0.178125 0.8658333333333333 0.190625 0.8683333333333334 0.2125 0.8658333333333333 0.234375 0.85 0.23374999999999999 0.8341666666666667 0.230625 0.8324999999999999 0.228125 0.8266666666666665 0.23374999999999999 0.8233333333333333 0.234375 0.8099999999999999 0.2375 0.8066666666666666 0.24125000000000002 0.795 0.24125000000000002 0.7866666666666666 0.22687500000000002 0.7733333333333333 0.22375000000000003 0.7633333333333333 0.21812499999999999 0.755 0.22375000000000003 0.7516666666666667 0.23125 0.735 0.22937500000000002 0.7 0.231875 0.6858333333333333 0.238125 0.675 0.23937500000000003 0.6649999999999999 0.21750000000000003 0.64 0.22000000000000003 0.6383333333333333 0.22062500000000002 0.6291666666666667 0.228125 0.6183333333333334 0.230625 0.6108333333333333 0.24125000000000002 0.6025 0.23562500000000003 0.5974999999999999 0.2375 0.595 0.2375 0.5875 0.22562500000000002 0.5966666666666667 0.224375 0.5866666666666667 0.22687500000000002 0.5841666666666667 0.225 0.5808333333333333 0.22875 0.5741666666666666 0.22625 0.5691666666666666 0.2375 0.5641666666666667 0.23937500000000003 0.5483333333333333 0.2375 0.5433333333333333 0.221875 0.5283333333333333 0.22125 0.515 0.224375 0.5033333333333333 0.24125000000000002 0.48083333333333333 0.2375 0.4716666666666667 0.23562500000000003 0.4508333333333333 0.2375 0.43083333333333335 0.22000000000000003 0.4083333333333333 0.21812499999999999 0.40166666666666667 0.21750000000000003 0.38916666666666666 0.224375 0.375 0.21937500000000001 0.37916666666666665 0.216875 0.3725 0.2125 0.37416666666666665 0.21000000000000002 0.3716666666666667 0.20875 0.3725 0.210625 0.3775 0.205625 0.3775 0.203125 0.3675 0.19937500000000002 0.36333333333333334 0.20437500000000003 0.355 0.20249999999999999 0.3491666666666667 0.19937500000000002 0.3525 0.195625 0.3458333333333333 0.19187500000000002 0.3516666666666667 0.17312500000000003 0.3441666666666666 0.17 0.33999999999999997 0.17 0.33416666666666667 0.17312500000000003 0.3308333333333333 0.1675 0.32916666666666666 0.17 0.32416666666666666 0.16062500000000002 0.32416666666666666 0.15812500000000002 0.3283333333333333 0.15375 0.325 0.151875 0.32 0.150625 0.3075 0.154375 0.30416666666666664 0.15750000000000003 0.29333333333333333 0.16125 0.2891666666666667 0.16062500000000002 0.27 0.165625 0.25833333333333336 0.16062500000000002 0.24500000000000002 0.16187500000000002 0.2341666666666667 0.15875 0.2308333333333333 0.15750000000000003 0.22333333333333333 0.16 0.21666666666666665 0.15687500000000001 0.21416666666666667 0.15375 0.20166666666666666 0.16 0.19416666666666665 0.165 0.1925 0.16625 0.18083333333333335 0.15750000000000003 0.17916666666666667 0.151875 0.18166666666666667 0.14750000000000002 0.18666666666666668 0.14500000000000002 0.195 0.11812500000000001 0.18833333333333332 0.083125 0.19749999999999998 0.0825 0.21083333333333334 0.0775 0.22999999999999998 0.0775 0.24333333333333332 0.080625 0.26083333333333336 0.085625 0.26749999999999996 0.08687500000000001 0.2758333333333333 0.085 0.2783333333333333 0.080625 0.27749999999999997 0.07312500000000001 0.2891666666666667 0.071875 0.29833333333333334 0.078125 0.31333333333333335 0.079375 0.3225 0.078125 0.33416666666666667 0.07375000000000001 0.3383333333333333 0.07 0.35083333333333333 0.07062500000000001 0.36083333333333334 0.07312500000000001 0.365
0 0.19937500000000002 0.17833333333333332 0.19937500000000002 0.18416666666666665 0.20812500000000003 0.18083333333333335 0.22375000000000003 0.195 0.22562500000000002 0.1925 0.22375000000000003 0.1875 0.221875 0.19166666666666668 0.22062500000000002 0.19 0.22062500000000002 0.18416666666666665 0.21750000000000003 0.185 0.21750000000000003 0.18166666666666667 0.215 0.18416666666666665 0.21187499999999998 0.17833333333333332 0.20500000000000002 0.175 0.196875 0.175 0.19937500000000002 0.17833333333333332
0 0.5700000000000001 0.5633333333333332 0.5675000000000001 0.5533333333333333 0.5675000000000001 0.5675 0.5700000000000001 0.5633333333333332
0 0.573125 0.3183333333333333 0.576875 0.3383333333333333 0.576875 0.3491666666666667 0.5743750000000001 0.3516666666666667 0.573125 0.35833333333333334 0.575 0.3683333333333333 0.573125 0.37916666666666665 0.57625 0.39 0.5743750000000001 0.40750000000000003 0.56875 0.4166666666666667 0.5737500000000001 0.425 0.5725 0.4325 0.57625 0.4383333333333333 0.5725 0.4491666666666666 0.5743750000000001 0.465 0.5725 0.47333333333333333 0.5743750000000001 0.4766666666666667 0.5737500000000001 0.5 0.576875 0.505 0.5743750000000001 0.5141666666666667 0.576875 0.5275000000000001 0.5743750000000001 0.5383333333333333 0.575625 0.5483333333333333 0.571875 0.5591666666666667 0.571875 0.585 0.575625 0.5974999999999999 0.5775 0.6266666666666667 0.58375 0.6275000000000001 0.586875 0.6358333333333334 0.58625 0.64 0.58375 0.6433333333333333 0.5787500000000001 0.6441666666666667 0.576875 0.65 0.578125 0.6658333333333333 0.5825 0.6775 0.58125 0.6849999999999999 0.5856250000000001 0.6858333333333333 0.586875 0.6916666666666667 0.58625 0.725 0.584375 0.7291666666666667 0.58625 0.7491666666666666 0.584375 0.7658333333333334 0.58125 0.7683333333333333 0.5831250000000001 0.7716666666666667 0.5825 0.7791666666666667 0.5875 0.7833333333333333 0.584375 0.7958333333333333 0.58625 0.8033333333333333 0.58625 0.8133333333333332 0.58375 0.82 0.5850000000000001 0.825 0.588125 0.8233333333333333 0.5893750000000001 0.8141666666666666 0.5987500000000001 0.805 0.608125 0.755 0.610625 0.7266666666666667 0.6075 0.7233333333333334 0.608125 0.72 0.60625 0.7175 0.6075 0.6849999999999999 0.604375 0.6741666666666666 0.604375 0.6591666666666667 0.6025 0.6541666666666667 0.6025 0.6233333333333333 0.6050000000000001 0.6158333333333333 0.601875 0.6116666666666666 0.6050000000000001 0.6041666666666667 0.603125 0.5941666666666666 0.5943750000000001 0.5783333333333334 0.599375 0.5708333333333333 0.6006250000000001 0.5616666666666666 0.5987500000000001 0.5491666666666666 0.6 0.5383333333333333 0.596875 0.5291666666666667 0.5962500000000001 0.49749999999999994 0.599375 0.4725 0.5956250000000001 0.4666666666666667 0.598125 0.4525 0.595 0.4425 0.6012500000000001 0.43499999999999994 0.5987500000000001 0.4216666666666667 0.601875 0.4066666666666666 0.596875 0.39416666666666667 0.599375 0.38666666666666666 0.5943750000000001 0.38166666666666665 0.593125 0.37666666666666665 0.596875 0.36333333333333334 0.596875 0.35583333333333333 0.59375 0.34833333333333333 0.58875 0.2558333333333333 0.581875 0.2425 0.58125 0.22833333333333333 0.5787500000000001 0.22166666666666668 0.5737500000000001 0.21916666666666665 0.5725 0.2225 0.5743750000000001 0.25 0.573125 0.3183333333333333
0 0.56625 0.22666666666666666 0.5675000000000001 0.2475 0.56625 0.2658333333333333 0.5631250000000001 0.27166666666666667 0.565625 0.2833333333333333 0.5631250000000001 0.32416666666666666 0.566875 0.335 0.568125 0.36416666666666664 0.56625 0.385 0.560625 0.3983333333333333 0.5587500000000001 0.43166666666666664 0.56125 0.44749999999999995 0.56125 0.48083333333333333 0.5631250000000001 0.48916666666666664 0.561875 0.5158333333333334 0.5650000000000001 0.6041666666666667 0.566875 0.6133333333333333 0.5743750000000001 0.6266666666666667 0.575625 0.64 0.5775 0.6883333333333332 0.5800000000000001 0.6916666666666667 0.5775 0.7066666666666667 0.58125 0.7366666666666666 0.58125 0.8208333333333334 0.5850000000000001 0.8358333333333332 0.58875 0.8283333333333334 0.5900000000000001 0.8150000000000001 0.5987500000000001 0.8033333333333333 0.6 0.7891666666666667 0.60875 0.7583333333333333 0.6100000000000001 0.7458333333333333 0.6162500000000001 0.7316666666666667 0.62375 0.7024999999999999 0.6300000000000001 0.6891666666666667 0.63125 0.6783333333333333 0.6412500000000001 0.6483333333333333 0.6412500000000001 0.6075 0.64 0.5791666666666667 0.6375 0.5741666666666666 0.639375 0.5608333333333333 0.6368750000000001 0.5325 0.6368750000000001 0.49333333333333335 0.634375 0.475 0.6362500000000001 0.4658333333333333 0.63375 0.43083333333333335 0.623125 0.38583333333333336 0.619375 0.37583333333333335 0.6162500000000001 0.375 0.6162500000000001 0.3716666666666667 0.613125 0.37 0.6162500000000001 0.36583333333333334 0.6125 0.34833333333333333 0.606875 0.33416666666666667 0.6056250000000001 0.32 0.601875 0.31333333333333335 0.5962500000000001 0.29333333333333333 0.595 0.27999999999999997 0.5893750000000001 0.2725 0.58875 0.255 0.581875 0.2425 0.58125 0.22833333333333333 0.578125 0.22000000000000003 0.57125 0.21666666666666665 0.57125 0.19833333333333333 0.5675000000000001 0.185 0.56375 0.1825 0.5625 0.185 0.56375 0.21833333333333332 0.56625 0.22666666666666666
0 0.598125 0.32416666666666666 0.5987500000000001 0.335 0.5962500000000001 0.33916666666666667 0.6012500000000001 0.3516666666666667 0.6012500000000001 0.38333333333333336 0.60375 0.39 0.6025 0.43666666666666665 0.6012500000000001 0.4458333333333333 0.596875 0.4541666666666667 0.5987500000000001 0.47333333333333333 0.6012500000000001 0.47750000000000004 0.5987500000000001 0.4833333333333333 0.6006250000000001 0.4875 0.5975 0.49083333333333334 0.6012500000000001 0.5175 0.598125 0.5625 0.6056250000000001 0.6008333333333333 0.60375 0.6266666666666667 0.60625 0.6425 0.604375 0.6475 0.60625 0.65 0.608125 0.6649999999999999 0.6056250000000001 0.675 0.608125 0.6766666666666666 0.6100000000000001 0.6841666666666667 0.6100000000000001 0.7116666666666667 0.6125 0.7224999999999999 0.6125 0.7375 0.6162500000000001 0.7341666666666666 0.62625 0.6991666666666666 0.6300000000000001 0.6925 0.638125 0.6583333333333333 0.6431250000000001 0.6466666666666667 0.64375 0.6333333333333333 0.6375 0.4966666666666667 0.6368750000000001 0.4916666666666667 0.633125 0.4875 0.6368750000000001 0.46749999999999997 0.6368750000000001 0.4383333333333333 0.62625 0.3933333333333333 0.610625 0.345 0.6056250000000001 0.3183333333333333 0.599375 0.3075 0.5987500000000001 0.2966666666666667 0.5975 0.2991666666666667 0.5956250000000001 0.3225 0.598125 0.32416666666666666
0 0.578125 0.6266666666666667 0.579375 0.6224999999999999 0.578125 0.6208333333333333 0.578125 0.6266666666666667
0 0.5675000000000001 0.4741666666666666 0.5675000000000001 0.4691666666666666 0.565625 0.4691666666666666 0.5675000000000001 0.4741666666666666
0 0.5675000000000001 0.32416666666666666 0.568125 0.31916666666666665 0.5675000000000001 0.31666666666666665 0.5675000000000001 0.32416666666666666
0 0.573125 0.2725 0.5743750000000001 0.29333333333333333 0.571875 0.3 0.5743750000000001 0.305 0.573125 0.3175 0.57625 0.32666666666666666 0.5787500000000001 0.3491666666666667 0.57625 0.35416666666666663 0.575625 0.36333333333333334 0.57125 0.36666666666666664 0.5700000000000001 0.3716666666666667 0.5700000000000001 0.38 0.5737500000000001 0.3875 0.57125 0.3933333333333333 0.575 0.4 0.573125 0.4133333333333333 0.570625 0.41916666666666663 0.56375 0.4208333333333333 0.560625 0.425 0.5643750000000001 0.4375 0.570625 0.4341666666666667 0.578125 0.43499999999999994 0.578125 0.44000000000000006 0.5743750000000001 0.4416666666666667 0.570625 0.4491666666666666 0.576875 0.45666666666666667 0.57625 0.4625 0.578125 0.465 0.5725 0.47333333333333333 0.57625 0.4841666666666667 0.5737500000000001 0.49916666666666665 0.5787500000000001 0.5025000000000001 0.5787500000000001 0.51 0.575 0.515 0.5787500000000001 0.5183333333333333 0.5806250000000001 0.53 0.5775 0.5391666666666667 0.578125 0.55 0.573125 0.5575 0.5675000000000001 0.5525 0.56625 0.5616666666666666 0.5675000000000001 0.5666666666666667 0.570625 0.5608333333333333 0.573125 0.5641666666666667 0.573125 0.5716666666666667 0.570625 0.5741666666666666 0.5737500000000001 0.5775 0.573125 0.5825 0.57625 0.5933333333333334 0.578125 0.6091666666666666 0.576875 0.6166666666666667 0.578125 0.6183333333333334 0.5800000000000001 0.6125 0.5850000000000001 0.6166666666666667 0.58875 0.6366666666666666 0.58875 0.6408333333333334 0.5850000000000001 0.645 0.5775 0.6441666666666667 0.5775 0.6583333333333333 0.5831250000000001 0.675 0.5856250000000001 0.6775 0.5850000000000001 0.6816666666666666 0.588125 0.6925 0.58625 0.7241666666666666 0.58375 0.7274999999999999 0.58625 0.735 0.584375 0.7441666666666666 0.58625 0.7591666666666667 0.5850000000000001 0.7649999999999999 0.581875 0.7683333333333333 0.5850000000000001 0.7741666666666667 0.588125 0.7725 0.5893750000000001 0.775 0.58875 0.7858333333333334 0.5831250000000001 0.7891666666666667 0.58625 0.8 0.584375 0.8066666666666666 0.5875 0.8125 0.58375 0.8141666666666666 0.5856250000000001 0.8275 0.588125 0.825 0.588125 0.8116666666666668 0.591875 0.8116666666666668 0.5987500000000001 0.8033333333333333 0.60375 0.7733333333333333 0.60875 0.7616666666666666 0.613125 0.74 0.624375 0.7024999999999999 0.6300000000000001 0.6916666666666667 0.635 0.6683333333333333 0.641875 0.6483333333333333 0.6425000000000001 0.6291666666666667 0.6375 0.49749999999999994 0.634375 0.48083333333333333 0.6368750000000001 0.4541666666666667 0.63375 0.42666666666666664 0.62625 0.39416666666666667 0.6175 0.3716666666666667 0.6056250000000001 0.31916666666666665 0.6006250000000001 0.3075 0.5956250000000001 0.27999999999999997 0.58875 0.27083333333333337 0.58875 0.25416666666666665 0.5825 0.24416666666666664 0.58125 0.22833333333333333 0.5775 0.22000000000000003 0.573125 0.22000000000000003 0.575 0.265 0.573125 0.2725
0 0.598125 0.45583333333333337 0.6012500000000001 0.4625 0.6 0.4741666666666666 0.603125 0.4875 0.5987500000000001 0.4925 0.598125 0.5016666666666667 0.601875 0.52 0.60625 0.5275000000000001 0.6012500000000001 0.5391666666666667 0.598125 0.5666666666666667 0.604375 0.5966666666666667 0.60375 0.63 0.60625 0.6358333333333334 0.6075 0.6566666666666666 0.6056250000000001 0.6725 0.60875 0.6791666666666667 0.6100000000000001 0.6941666666666666 0.60875 0.7166666666666667 0.6112500000000001 0.7208333333333333 0.6125 0.7325 0.615625 0.7341666666666666 0.62375 0.705 0.629375 0.6925 0.6318750000000001 0.6791666666666667 0.6300000000000001 0.6675 0.633125 0.6666666666666667 0.6368750000000001 0.6583333333333333 0.634375 0.6483333333333333 0.64 0.6475 0.63875 0.6466666666666667 0.640625 0.6341666666666667 0.6362500000000001 0.6275000000000001 0.6375 0.6233333333333333 0.634375 0.62 0.635 0.595 0.6325000000000001 0.5916666666666667 0.63375 0.5808333333333333 0.62875 0.5708333333333333 0.6275000000000001 0.5608333333333333 0.628125 0.5533333333333333 0.634375 0.55 0.634375 0.5458333333333333 0.628125 0.5358333333333334 0.6300000000000001 0.5116666666666666 0.6268750000000001 0.49416666666666664 0.6225 0.48916666666666664 0.6212500000000001 0.4708333333333333 0.6225 0.4666666666666667 0.6275000000000001 0.4666666666666667 0.6256250000000001 0.45583333333333337 0.628125 0.4525 0.6275000000000001 0.4383333333333333 0.630625 0.43583333333333335 0.630625 0.4325 0.6268750000000001 0.4225 0.621875 0.4175 0.61875 0.40750000000000003 0.619375 0.40083333333333326 0.6168750000000001 0.39416666666666667 0.618125 0.3883333333333333 0.61375 0.37666666666666665 0.6143750000000001 0.3616666666666667 0.6125 0.3525 0.6056250000000001 0.3516666666666667 0.60375 0.35833333333333334 0.60375 0.43499999999999994 0.598125 0.45583333333333337
0 0.0775 0.8208333333333334 0.0775 0.8141666666666666 0.075 0.8175000000000001 0.0775 0.8208333333333334
0 0.00625 0.17083333333333334 0.00625 0.17583333333333334 0.003125 0.1775 0.0025 0.18611083333333334 0.006875000000000001 0.18555583333333334 0.00625 0.19416666666666665 0.0025 0.19138916666666667 0.0025 0.19666666666666666 0.005625 0.19583333333333333 0.0075000000000000015 0.2 0 0.20750000000000002 0 0.21166666666666667 0.0025 0.215 0.0025 0.22416666666666668 0 0.22749999999999998 0.0025 0.22999999999999998 0.003125 0.23666666666666666 0 0.24083333333333332 0 0.25166666666666665 0.0025 0.2533333333333333 0.0025 0.2683333333333333 0.004375 0.27166666666666667 0 0.2758333333333333 0.0037500000000000007 0.2791666666666667 0.005625 0.2925 0.0025 0.30333333333333334 0.004375 0.3075 0.0025 0.32166666666666666 0 0.32416666666666666 0 0.35 0.003125 0.35583333333333333 0.0018750000000000004 0.3616666666666667 0 0.3625 0 0.5066666666666666 0.003125 0.5116666666666666 0.0025 0.5166666666666667 0 0.5183333333333333 0 0.6125 0.004375 0.6191666666666666 0.004375 0.6341666666666667 0.0018750000000000004 0.6475 0 0.6483333333333333 0 0.6566666666666666 0.0018750000000000004 0.6575 0 0.6608333333333334 0 0.6758333333333333 0.0018750000000000004 0.6766666666666666 0 0.7408333333333333 0.0018750000000000004 0.7416666666666667 0.003125 0.7541666666666667 0.0025 0.8375 0.005 0.8566666666666667 0.010625 0.8483333333333333 0.010625 0.8375 0.015000000000000003 0.8258333333333333 0.01875 0.8316666666666667 0.06000000000000001 0.8308333333333333 0.07125000000000001 0.8275 0.075 0.8099999999999999 0.07125000000000001 0.7841666666666667 0.066875 0.7816666666666666 0.06375 0.7708333333333333 0.060625000000000005 0.7725 0.058750000000000004 0.7666666666666667 0.06000000000000001 0.7533333333333333 0.064375 0.7491666666666666 0.064375 0.7433333333333334 0.069375 0.7283333333333333 0.068125 0.7091666666666667 0.07125000000000001 0.7033333333333334 0.071875 0.6791666666666667 0.066875 0.6733333333333333 0.06312500000000001 0.6583333333333333 0.058125 0.6508333333333333 0.058750000000000004 0.6391666666666667 0.06375 0.64 0.061875 0.6375 0.064375 0.635 0.068125 0.6166666666666667 0.068125 0.6016666666666667 0.06000000000000001 0.58 0.06000000000000001 0.5766666666666667 0.064375 0.5716666666666667 0.065 0.5658333333333333 0.060625000000000005 0.5575 0.0625 0.5466666666666666 0.058125 0.5433333333333333 0.05750000000000001 0.53 0.055625 0.5266666666666666 0.05750000000000001 0.52 0.06375 0.5166666666666667 0.065625 0.5025000000000001 0.065625 0.49749999999999994 0.060625000000000005 0.49083333333333334 0.06000000000000001 0.4766666666666667 0.05625 0.47000000000000003 0.060625000000000005 0.4575 0.0675 0.45 0.06875 0.4425 0.065625 0.43916666666666665 0.064375 0.43166666666666664 0.06000000000000001 0.43 0.05500000000000001 0.41916666666666663 0.05625 0.4116666666666666 0.06375 0.40750000000000003 0.065 0.39583333333333337 0.058750000000000004 0.36 0.06375 0.3525 0.060625000000000005 0.32999999999999996 0.064375 0.31916666666666665 0.064375 0.2966666666666667 0.061250000000000006 0.2925 0.06625 0.28250000000000003 0.066875 0.26416666666666666 0.065 0.25666666666666665 0.058750000000000004 0.25083333333333335 0.0675 0.2341666666666667 0.07062500000000001 0.23666666666666666 0.07125000000000001 0.22875 0.06625 0.22166666666666668 0.0675 0.21583333333333332 0.07125000000000001 0.22333333333333333 0.071875 0.20750000000000002 0.07062500000000001 0.205 0.058125 0.20249999999999999 0.055625 0.19916666666666666 0.04 0.2 0.036250000000000004 0.21083333333333334 0.031875 0.21083333333333334 0.027500000000000004 0.20666666666666664 0.015625 0.20666666666666664 0.008125 0.2 0.0075000000000000015 0.1625 0.005 0.15416666666666667 0.003125 0.15666666666666668 0.006875000000000001 0.16166666666666668 0.0025 0.16416666666666666 0.003125 0.16916666666666666 0.00625 0.17083333333333334
0 0.6050000000000001 0.43666666666666665 0.6025 0.45 0.601875 0.47333333333333333 0.60375 0.47750000000000004 0.603125 0.4958333333333333 0.60625 0.5066666666666666 0.606875 0.5183333333333333 0.60625 0.5325 0.603125 0.5391666666666667 0.604375 0.5575 0.6012500000000001 0.5633333333333332 0.60625 0.5666666666666667 0.6075 0.5741666666666666 0.6075 0.6033333333333333 0.6100000000000001 0.6166666666666667 0.6075 0.63 0.6100000000000001 0.675 0.613125 0.6950000000000001 0.613125 0.7166666666666667 0.6143750000000001 0.7191666666666666 0.62 0.7191666666666666 0.625 0.7024999999999999 0.6300000000000001 0.6925 0.64375 0.6375 0.640625 0.6125 0.640625 0.5641666666666667 0.638125 0.5566666666666666 0.64 0.5366666666666666 0.638125 0.5291666666666667 0.6368750000000001 0.49416666666666664 0.633125 0.48916666666666664 0.628125 0.4875 0.629375 0.4758333333333333 0.6368750000000001 0.4666666666666667 0.6368750000000001 0.4383333333333333 0.62625 0.3933333333333333 0.610625 0.345 0.60625 0.32083333333333336 0.6012500000000001 0.3158333333333333 0.6 0.3383333333333333 0.60375 0.35083333333333333 0.6050000000000001 0.4 0.6050000000000001 0.43666666666666665
0 0.315625 0.8483333333333333 0.316875 0.85 0.32062500000000005 0.8483333333333333 0.3225 0.8433333333333334 0.3275 0.8391666666666666 0.32875 0.8308333333333333 0.32625000000000004 0.8308333333333333 0.325 0.8375 0.315625 0.8483333333333333
0 0.271875 0.82578125 0.00078125 0.00390625
0 0.2475 0.8208333333333334 0.25 0.8233333333333333 0.25125000000000003 0.8324999999999999 0.251875 0.8275 0.254375 0.825 0.265625 0.8233333333333333 0.2675 0.8208333333333334 0.26687500000000003 0.8150000000000001 0.270625 0.8108333333333333 0.26875 0.8074999999999999 0.261875 0.8133333333333332 0.2575 0.8091666666666667 0.255 0.8191666666666666 0.2475 0.8208333333333334
0 0.28875 0.7474999999999999 0.28250000000000003 0.745 0.26875 0.7474999999999999 0.28875 0.7474999999999999
0 0.273125 0.7375 0.2725 0.73 0.275 0.7266666666666667 0.27125000000000005 0.7274999999999999 0.270625 0.7341666666666666 0.273125 0.7375
0 0.29296875 0.70546875 0.00078125 0.0015625
0 0.281875 0.6858333333333333 0.278125 0.6833333333333333 0.27875 0.6866666666666666 0.281875 0.6858333333333333
0 0.25546875 0.52578125 0.0015625 0.00078125
0 0.265 0.49083333333333334 0.25875000000000004 0.49000000000000005 0.260625 0.4925 0.265 0.49083333333333334
0 0.293125 0.4608333333333333 0.29500000000000004 0.45666666666666667 0.293125 0.4491666666666666 0.290625 0.45583333333333337 0.29000000000000004 0.45916666666666667 0.293125 0.4608333333333333
0 0.30500000000000005 0.4583333333333333 0.32062500000000005 0.4691666666666666 0.32125000000000004 0.4666666666666667 0.3175 0.46333333333333326 0.32062500000000005 0.45999999999999996 0.31875 0.4383333333333333 0.31625000000000003 0.43583333333333335 0.3125 0.44000000000000006 0.314375 0.44666666666666666 0.30500000000000005 0.4583333333333333
0 0.27437500000000004 0.42833333333333334 0.27125000000000005 0.4258333333333333 0.26937500000000003 0.42833333333333334 0.27437500000000004 0.42833333333333334
0 0.265 0.43083333333333335 0.26812500000000006 0.42833333333333334 0.265625 0.4258333333333333 0.26375000000000004 0.42833333333333334 0.265 0.43083333333333335
0 0.2725 0.42416666666666664 0.278125 0.4225 0.275625 0.42000000000000004 0.27125000000000005 0.4216666666666667 0.2725 0.42416666666666664
0 0.29500000000000004 0.4066666666666666 0.295625 0.41 0.295625 0.4141666666666667 0.29000000000000004 0.42666666666666664 0.28625 0.4216666666666667 0.285625 0.4258333333333333 0.27937500000000004 0.425 0.27687500000000004 0.42833333333333334 0.288125 0.43083333333333335 0.2875 0.43583333333333335 0.293125 0.44333333333333336 0.2975 0.4425 0.3 0.4458333333333333 0.29812500000000003 0.4525 0.29937500000000006 0.45666666666666667 0.30125 0.45583333333333337 0.303125 0.44749999999999995 0.30812500000000004 0.45 0.30500000000000005 0.4458333333333333 0.30875 0.43916666666666665 0.306875 0.43166666666666664 0.313125 0.425 0.3175 0.425 0.314375 0.4175 0.30250000000000005 0.4033333333333333 0.30062500000000003 0.4025 0.29812500000000003 0.40750000000000003 0.293125 0.4 0.290625 0.39916666666666667 0.28937500000000005 0.4033333333333333 0.28687500000000005 0.4025 0.28625 0.3983333333333333 0.283125 0.3975 0.278125 0.40166666666666667 0.27625 0.4 0.275 0.40083333333333326 0.29500000000000004 0.4066666666666666
0 0.3175 0.35833333333333334 0.31375000000000003 0.3591666666666667 0.3125 0.3625 0.3175 0.35833333333333334
0 0.30250000000000005 0.29 0.31 0.30166666666666664 0.311875 0.3 0.31062500000000004 0.29583333333333334 0.3075 0.2975 0.30500000000000005 0.29333333333333333 0.306875 0.29083333333333333 0.30250000000000005 0.2891666666666667 0.3 0.2841666666666667 0.29812500000000003 0.2866666666666667 0.2975 0.2841666666666667 0.296875 0.28583333333333333 0.30250000000000005 0.29
0 0.293125 0.2791666666666667 0.28875 0.2783333333333333 0.29500000000000004 0.28250000000000003 0.293125 0.2791666666666667
0 0.284375 0.2758333333333333 0.28250000000000003 0.275 0.280625 0.2758333333333333 0.284375 0.2758333333333333
0 0.085625 0.4333333333333333 0.07875000000000001 0.45583333333333337 0.07875000000000001 0.4766666666666667 0.081875 0.49000000000000005 0.08625000000000001 0.49833333333333335 0.074375 0.5091666666666667 0.069375 0.5241666666666667 0.07062500000000001 0.5349999999999999 0.079375 0.5458333333333333 0.07375000000000001 0.5675 0.07375000000000001 0.5866666666666667 0.07625000000000001 0.5983333333333334 0.0825 0.6125 0.07125000000000001 0.6358333333333334 0.07062500000000001 0.6466666666666667 0.074375 0.6566666666666666 0.08875000000000001 0.6641666666666667 0.080625 0.6916666666666667 0.08125 0.72 0.07875000000000001 0.7366666666666666 0.07375000000000001 0.7483333333333333 0.07375000000000001 0.7633333333333333 0.078125 0.7708333333333333 0.09125000000000001 0.7775 0.0925 0.7849999999999999 0.095625 0.7858333333333334 0.0875 0.8175000000000001 0.08812500000000001 0.8425 0.08125 0.8525 0.079375 0.8625 0.08812500000000001 0.865 0.10250000000000001 0.8616666666666667 0.12625000000000003 0.8666666666666666 0.14187500000000003 0.8633333333333333 0.15125000000000002 0.8583333333333334 0.15125000000000002 0.8691666666666666 0.15687500000000001 0.8733333333333333 0.169375 0.8733333333333333 0.178125 0.8683333333333334 0.200625 0.8691666666666666 0.21625 0.8658333333333333 0.230625 0.8566666666666667 0.23625000000000002 0.85 0.236875 0.82 0.24312500000000004 0.8074999999999999 0.24562500000000004 0.8150000000000001 0.25250000000000006 0.8133333333333332 0.25375000000000003 0.8016666666666665 0.25875000000000004 0.7983333333333333 0.261875 0.7925 0.26 0.7891666666666667 0.265625 0.7875 0.26875 0.7816666666666666 0.2725 0.7825 0.275625 0.7741666666666667 0.28125 0.7758333333333333 0.2775 0.7841666666666667 0.2775 0.7925 0.28937500000000005 0.7933333333333333 0.29125 0.7966666666666666 0.29125 0.8041666666666666 0.2875 0.8091666666666667 0.27875 0.8099999999999999 0.27875 0.8125 0.29375 0.8175000000000001 0.293125 0.8191666666666666 0.29937500000000006 0.8141666666666666 0.303125 0.8241666666666667 0.296875 0.8300000000000001 0.291875 0.8300000000000001 0.290625 0.835 0.281875 0.8383333333333333 0.28125 0.8425 0.275 0.8466666666666667 0.27437500000000004 0.8483333333333333 0.281875 0.8558333333333333 0.280625 0.8658333333333333 0.2725 0.8666666666666666 0.2675 0.8724999999999999 0.2725 0.8766666666666666 0.288125 0.8766666666666666 0.3075 0.8666666666666666 0.314375 0.8583333333333334 0.311875 0.8483333333333333 0.30875 0.8491666666666667 0.3075 0.8416666666666666 0.31500000000000006 0.8341666666666667 0.31500000000000006 0.8308333333333333 0.319375 0.8308333333333333 0.32125000000000004 0.8333333333333334 0.32 0.8291666666666666 0.321875 0.8291666666666666 0.32062500000000005 0.8266666666666665 0.323125 0.8225 0.3275 0.82 0.33125 0.8225 0.3325 0.8141666666666666 0.3325 0.8033333333333333 0.32875 0.7941666666666667 0.31625000000000003 0.7841666666666667 0.31 0.7758333333333333 0.306875 0.7641666666666667 0.2975 0.7616666666666666 0.296875 0.7466666666666667 0.31062500000000004 0.7375 0.328125 0.7133333333333333 0.3275 0.6683333333333333 0.313125 0.6533333333333333 0.304375 0.64 0.306875 0.6333333333333333 0.3075 0.6174999999999999 0.32062500000000005 0.5991666666666666 0.3225 0.5900000000000001 0.321875 0.5675 0.325 0.5599999999999999 0.325 0.5491666666666666 0.319375 0.5391666666666667 0.30125 0.5216666666666667 0.303125 0.5191666666666667 0.30375 0.5083333333333333 0.301875 0.5041666666666667 0.31125 0.4883333333333333 0.32125000000000004 0.47750000000000004 0.32125000000000004 0.4741666666666666 0.32062500000000005 0.4708333333333333 0.31812500000000005 0.4758333333333333 0.31 0.47833333333333333 0.30375 0.48583333333333334 0.3 0.48250000000000004 0.296875 0.48583333333333334 0.293125 0.4833333333333333 0.291875 0.48916666666666664 0.288125 0.4883333333333333 0.285625 0.48250000000000004 0.28375000000000006 0.4875 0.28625 0.49333333333333335 0.2725 0.4958333333333333 0.270625 0.5 0.26875 0.4966666666666667 0.261875 0.5083333333333333 0.25375000000000003 0.5033333333333333 0.24250000000000002 0.4841666666666667 0.23875000000000002 0.4608333333333333 0.24000000000000005 0.4291666666666667 0.22062500000000002 0.40750000000000003 0.21875 0.39499999999999996 0.225 0.3808333333333333 0.23937500000000003 0.37 0.24125000000000002 0.365 0.23625000000000002 0.35666666666666663 0.2325 0.3416666666666667 0.22937500000000002 0.30333333333333334 0.22062500000000002 0.29333333333333333 0.21750000000000003 0.2841666666666667 0.209375 0.2841666666666667 0.20500000000000002 0.2808333333333333 0.20500000000000002 0.27666666666666667 0.20875 0.2725 0.21625 0.2725 0.221875 0.26083333333333336 0.23875000000000002 0.24833333333333335 0.228125 0.2308333333333333 0.22875 0.22666666666666666 0.22375000000000003 0.21666666666666665 0.22375000000000003 0.21000000000000002 0.228125 0.2 0.228125 0.19333333333333333 0.22375000000000003 0.18583333333333335 0.206875 0.175 0.18250000000000002 0.175 0.175 0.18166666666666667 0.16312500000000002 0.18166666666666667 0.154375 0.18583333333333335 0.15375 0.18916666666666665 0.149375 0.1925 0.15375 0.19583333333333333 0.151875 0.20166666666666666 0.13562500000000002 0.19166666666666668 0.1125 0.18916666666666665 0.10124999999999999 0.1925 0.0875 0.20249999999999999 0.08 0.22416666666666668 0.080625 0.2533333333333333 0.09125000000000001 0.27416666666666667 0.09437500000000001 0.2783333333333333 0.09875 0.2783333333333333 0.099375 0.2808333333333333 0.08937500000000001 0.2891666666666667 0.08937500000000001 0.29416666666666663 0.08125 0.29333333333333333 0.076875 0.2966666666666667 0.08375 0.30416666666666664 0.084375 0.30833333333333335 0.09187500000000001 0.30416666666666664 0.09375 0.30833333333333335 0.08687500000000001 0.3158333333333333 0.08 0.33333333333333337 0.07875000000000001 0.38333333333333336 0.074375 0.3933333333333333 0.07562500000000001 0.4041666666666667 0.071875 0.40750000000000003 0.071875 0.41583333333333333 0.085625 0.4333333333333333
0 0.56625 0.22666666666666666 0.5675000000000001 0.24666666666666667 0.56625 0.2658333333333333 0.56375 0.27083333333333337 0.565625 0.28250000000000003 0.56375 0.3258333333333333 0.56625 0.33166666666666667 0.5675000000000001 0.36 0.565625 0.3875 0.568125 0.39 0.56375 0.39166666666666666 0.56125 0.39666666666666667 0.5587500000000001 0.41500000000000004 0.560625 0.475 0.5631250000000001 0.48916666666666664 0.5631250000000001 0.5608333333333333 0.5650000000000001 0.6033333333333333 0.56625 0.6125 0.5743750000000001 0.6275000000000001 0.5775 0.6891666666666667 0.5800000000000001 0.6925 0.5775 0.7066666666666667 0.5806250000000001 0.7341666666666666 0.5806250000000001 0.8175000000000001 0.5850000000000001 0.8358333333333332 0.5893750000000001 0.8266666666666665 0.590625 0.8150000000000001 0.5987500000000001 0.8041666666666666 0.6100000000000001 0.7474999999999999 0.6162500000000001 0.7325 0.6206250000000001 0.7116666666666667 0.6300000000000001 0.6891666666666667 0.630625 0.6791666666666667 0.6412500000000001 0.6475 0.6412500000000001 0.6075 0.6368750000000001 0.6008333333333333 0.640625 0.6 0.63875 0.5916666666666667 0.64 0.5825 0.6375 0.5808333333333333 0.6368750000000001 0.575 0.639375 0.5650000000000001 0.638125 0.545 0.633125 0.5391666666666667 0.635 0.5366666666666666 0.6375 0.5375 0.635 0.5358333333333334 0.6368750000000001 0.5333333333333333 0.6368750000000001 0.5241666666666667 0.635 0.5225 0.6368750000000001 0.5195241666666666 0.635 0.5175 0.6368750000000001 0.5148808333333333 0.6368750000000001 0.4841666666666667 0.634375 0.47333333333333333 0.6362500000000001 0.46749999999999997 0.635625 0.45499999999999996 0.6325000000000001 0.4458333333333333 0.63375 0.4419441666666667 0.6318750000000001 0.4425 0.63125 0.43916666666666665 0.63375 0.4372225 0.630625 0.4333333333333333 0.63375 0.4325 0.63125 0.43083333333333335 0.633125 0.42833333333333334 0.630625 0.42750000000000005 0.6300000000000001 0.41500000000000004 0.623125 0.38583333333333336 0.615625 0.37083333333333335 0.6125 0.34833333333333333 0.606875 0.33333333333333337 0.6056250000000001 0.31916666666666665 0.6025 0.315 0.5962500000000001 0.29333333333333333 0.595 0.27999999999999997 0.5893750000000001 0.27166666666666667 0.58875 0.25416666666666665 0.581875 0.24166666666666664 0.58125 0.22749999999999998 0.578125 0.22000000000000003 0.57125 0.21583333333333332 0.57125 0.19583333333333333 0.5675000000000001 0.185 0.56375 0.1825 0.5625 0.185 0.56375 0.21833333333333332 0.56625 0.22666666666666666
0 0.60875 0.4141666666666667 0.60875 0.4258333333333333 0.6112500000000001 0.43166666666666664 0.6056250000000001 0.4683333333333334 0.610625 0.49333333333333335 0.60875 0.5291666666666667 0.61375 0.5391666666666667 0.61375 0.5475 0.60875 0.5583333333333333 0.60875 0.5925 0.6112500000000001 0.6108333333333333 0.610625 0.6358333333333334 0.6125 0.64 0.6112500000000001 0.6649999999999999 0.6162500000000001 0.6783333333333333 0.6143750000000001 0.6866666666666666 0.6162500000000001 0.6950000000000001 0.6143750000000001 0.7075 0.615625 0.7166666666666667 0.619375 0.7208333333333333 0.62625 0.7 0.6300000000000001 0.6941666666666666 0.6375 0.6608333333333334 0.6431250000000001 0.6475 0.64375 0.6291666666666667 0.6412500000000001 0.6116666666666666 0.640625 0.5616666666666666 0.638125 0.5566666666666666 0.64 0.5508333333333333 0.64 0.5366666666666666 0.6375 0.505 0.6362500000000001 0.49916666666666665 0.6318750000000001 0.4966666666666667 0.6268750000000001 0.4883333333333333 0.6275000000000001 0.47000000000000003 0.634375 0.4683333333333334 0.6368750000000001 0.4625 0.635625 0.43499999999999994 0.6300000000000001 0.4141666666666667 0.6268750000000001 0.4091666666666667 0.62625 0.4 0.6256250000000001 0.4041666666666667 0.623125 0.4058333333333334 0.623125 0.39416666666666667 0.6162500000000001 0.3908333333333333 0.619375 0.38333333333333336 0.619375 0.37666666666666665 0.613125 0.36916666666666664 0.6162500000000001 0.365 0.61375 0.36333333333333334 0.6125 0.3575 0.6118750000000001 0.37666666666666665 0.6143750000000001 0.39 0.609375 0.3933333333333333 0.6118750000000001 0.3983333333333333 0.60875 0.4141666666666667
0 0 0.15916666666666665 0.0018750000000000004 0.16 0 0.16499999999999998 0.0018750000000000004 0.16583333333333333 0.0025 0.1725 0.0025 0.17583333333333334 0 0.1775 0 0.25416666666666665 0.0018750000000000004 0.255 0.0018750000000000004 0.25916666666666666 0 0.26 0.0018750000000000004 0.2658333333333333 0 0.26666666666666666 0 0.27 0.0025 0.27083333333333337 0 0.27416666666666667 0 0.28583333333333333 0.0037500000000000007 0.29166666666666663 0.003125 0.3 0 0.3025 0 0.3525 0.0025 0.355 0 0.35833333333333334 0 0.5066666666666666 0.0025 0.5091666666666667 0.0025 0.5158333333333334 0 0.5183333333333333 0 0.6141666666666666 0.0025 0.6158333333333333 0.0018750000000000004 0.6275000000000001 0 0.63 0.003125 0.6333333333333333 0 0.6366666666666666 0 0.7533333333333333 0.0025 0.7566666666666666 0.0018750000000000004 0.7733333333333333 0 0.7741666666666667 0 0.7825 0.0018750000000000004 0.7833333333333333 0.0018750000000000004 0.8091666666666667 0 0.8108333333333333 0.0018750000000000004 0.8116666666666668 0.0025 0.8175000000000001 0.003125 0.8591666666666666 0.008125 0.8566666666666667 0.01125 0.8516666666666666 0.0125 0.8383333333333333 0.015625 0.8341666666666667 0.07312500000000001 0.8316666666666667 0.078125 0.8283333333333334 0.080625 0.8166666666666667 0.0775 0.7833333333333333 0.06625 0.7649999999999999 0.07312500000000001 0.7308333333333333 0.07312500000000001 0.7016666666666667 0.078125 0.6783333333333333 0.068125 0.6666666666666667 0.064375 0.6541666666666667 0.065625 0.6366666666666666 0.07125000000000001 0.6108333333333333 0.07062500000000001 0.595 0.06625 0.5833333333333333 0.07062500000000001 0.5633333333333332 0.065625 0.55 0.061250000000000006 0.5275000000000001 0.064375 0.5208333333333333 0.06625 0.5083333333333333 0.07125000000000001 0.49833333333333335 0.068125 0.4841666666666667 0.0625 0.47333333333333333 0.07312500000000001 0.4458333333333333 0.07062500000000001 0.43916666666666665 0.07125000000000001 0.43499999999999994 0.0675 0.43 0.065 0.42000000000000004 0.068125 0.38416666666666666 0.064375 0.36083333333333334 0.066875 0.35 0.06625 0.33249999999999996 0.07125000000000001 0.32333333333333336 0.066875 0.30833333333333335 0.066875 0.29166666666666663 0.071875 0.27749999999999997 0.07125000000000001 0.24416666666666664 0.074375 0.23833333333333334 0.076875 0.2058333333333333 0.069375 0.195 0.04125 0.19583333333333333 0.024375 0.19916666666666666 0.01625 0.20416666666666666 0.010625 0.20166666666666666 0.006875000000000001 0.19583333333333333 0.00875 0.16333333333333333 0.005 0.15333333333333332 0 0.15333333333333332 0 0.15916666666666665
0 0.5631250000000001 0.21666666666666665 0.56625 0.22583333333333333 0.566875 0.2425 0.5650000000000001 0.26666666666666666 0.561875 0.27083333333333337 0.565625 0.28583333333333333 0.5625 0.29833333333333334 0.56375 0.31083333333333335 0.561875 0.3258333333333333 0.56625 0.33249999999999996 0.565625 0.355 0.5675000000000001 0.37666666666666665 0.56625 0.38416666666666666 0.56375 0.38666666666666666 0.5643750000000001 0.3908333333333333 0.56 0.39916666666666667 0.56125 0.4041666666666667 0.5581250000000001 0.41583333333333333 0.5581250000000001 0.43166666666666664 0.56125 0.4525 0.560625 0.48 0.5631250000000001 0.49833333333333335 0.56125 0.5116666666666666 0.5631250000000001 0.5216666666666667 0.5631250000000001 0.5616666666666666 0.565625 0.5708333333333333 0.5650000000000001 0.6058333333333333 0.56625 0.6116666666666666 0.5743750000000001 0.6258333333333332 0.578125 0.6708333333333333 0.5775 0.6891666666666667 0.579375 0.6916666666666667 0.5775 0.7066666666666667 0.58125 0.7366666666666666 0.58125 0.8208333333333334 0.5831250000000001 0.8233333333333333 0.58875 0.8216666666666667 0.588125 0.8275 0.5831250000000001 0.8308333333333333 0.584375 0.835 0.58875 0.8266666666666665 0.5893750000000001 0.8141666666666666 0.5987500000000001 0.8033333333333333 0.6 0.7883333333333333 0.60875 0.76 0.610625 0.7466666666666667 0.6162500000000001 0.7333333333333333 0.624375 0.7016666666666667 0.6300000000000001 0.69 0.63125 0.6791666666666667 0.6412500000000001 0.6483333333333333 0.6412500000000001 0.6033333333333333 0.64 0.5791666666666667 0.638125 0.5758333333333333 0.64 0.5583333333333333 0.6368750000000001 0.5308333333333334 0.6368750000000001 0.4841666666666667 0.635 0.48083333333333333 0.6362500000000001 0.45499999999999996 0.63375 0.42833333333333334 0.623125 0.385 0.619375 0.375 0.6162500000000001 0.37333333333333335 0.615625 0.3616666666666667 0.6075 0.33333333333333337 0.6056250000000001 0.31916666666666665 0.6025 0.31416666666666665 0.596875 0.29166666666666663 0.5956250000000001 0.2808333333333333 0.5893750000000001 0.27166666666666667 0.58875 0.25416666666666665 0.5825 0.24416666666666664 0.58125 0.22833333333333333 0.5775 0.22000000000000003 0.57125 0.21666666666666665 0.570625 0.195 0.566875 0.18583333333333335 0.5625 0.18583333333333335 0.5643750000000001 0.19916666666666666 0.5631250000000001 0.21666666666666665
0 0.425 0.77890625 0.00078125 0.00078125
0 0.40625 0.755 0.40375000000000005 0.7533333333333333 0.40437500000000004 0.7608333333333334 0.40812499999999996 0.7591666666666667 0.418125 0.7733333333333333 0.41875 0.7658333333333334 0.414375 0.7625 0.4175 0.76 0.42125 0.7616666666666666 0.42625 0.755 0.42562500000000003 0.7408333333333333 0.418125 0.7208333333333333 0.414375 0.7325 0.40437500000000004 0.7466666666666667 0.40687500000000004 0.7516666666666667 0.40625 0.755
0 0.40078125 0.6296875 0.00078125 0.0015625
0 0.41500000000000004 0.505 0.41125 0.5041666666666667 0.409375 0.505 0.41500000000000004 0.505
0 0.40625 0.40166666666666667 0.40750000000000003 0.4041666666666667 0.41125 0.4041666666666667 0.40375000000000005 0.3983333333333333 0.40375000000000005 0.4041666666666667 0.40625 0.40166666666666667
0 0.41187500000000005 0.39 0.40812499999999996 0.38666666666666666 0.418125 0.38333333333333336 0.42000000000000004 0.38 0.403125 0.36916666666666664 0.401875 0.36583333333333334 0.396875 0.3725 0.3975 0.3933333333333333 0.41187500000000005 0.39
0 0.4046875 0.36328125 0.0015625 0.00078125
0 0.40125 0.2866666666666667 0.40875000000000006 0.29333333333333333 0.41125 0.3 0.4131250000000001 0.2891666666666667 0.4175 0.28583333333333333 0.41375 0.2758333333333333 0.416875 0.2725 0.42125 0.2725 0.421875 0.26749999999999996 0.43375 0.265 0.43375 0.25833333333333336 0.428125 0.25416666666666665 0.429375 0.24833333333333335 0.41937500000000005 0.23500000000000001 0.40437500000000004 0.2375 0.398125 0.2425 0.39375 0.25166666666666665 0.39375 0.275 0.40125 0.2866666666666667
0 0.4875 0.15083333333333332 0.49312500000000004 0.16083333333333333 0.49312500000000004 0.17583333333333334 0.496875 0.2033333333333333 0.49437500000000006 0.21916666666666665 0.4956250000000001 0.22333333333333333 0.48500000000000004 0.2341666666666667 0.478125 0.255 0.478125 0.26166666666666666 0.48875 0.275 0.49375 0.28500000000000003 0.499375 0.3175 0.496875 0.3458333333333333 0.48687500000000006 0.36083333333333334 0.47875000000000006 0.38333333333333336 0.49250000000000005 0.39916666666666667 0.49812500000000004 0.41500000000000004 0.5025000000000001 0.4375 0.499375 0.4683333333333334 0.48625000000000007 0.49083333333333334 0.48500000000000004 0.49833333333333335 0.48625000000000007 0.5116666666666666 0.4956250000000001 0.5258333333333333 0.5006250000000001 0.54 0.503125 0.5525 0.50375 0.58 0.49750000000000005 0.6 0.48875 0.6091666666666666 0.48687500000000006 0.6291666666666667 0.490625 0.6416666666666667 0.503125 0.6599999999999999 0.510625 0.6916666666666667 0.5075000000000001 0.715 0.5 0.735 0.491875 0.7474999999999999 0.490625 0.76 0.49437500000000006 0.7691666666666667 0.508125 0.7891666666666667 0.5118750000000001 0.8066666666666666 0.5118750000000001 0.8341666666666667 0.509375 0.8441666666666666 0.509375 0.8591666666666666 0.5050000000000001 0.865 0.50125 0.8658333333333333 0.49750000000000005 0.8800000000000001 0.50375 0.8866666666666667 0.516875 0.8883333333333333 0.5268750000000001 0.8866666666666667 0.545 0.8775000000000001 0.555625 0.875 0.5675000000000001 0.8791666666666667 0.5743750000000001 0.8733333333333333 0.5787500000000001 0.8574999999999999 0.5800000000000001 0.8333333333333334 0.575625 0.7274999999999999 0.576875 0.6933333333333334 0.5725 0.6625 0.573125 0.6375 0.5631250000000001 0.6125 0.56375 0.5933333333333334 0.56 0.5391666666666667 0.561875 0.5291666666666667 0.56 0.5083333333333333 0.5631250000000001 0.5016666666666667 0.5643750000000001 0.49083333333333334 0.56125 0.4875 0.5675000000000001 0.4841666666666667 0.56375 0.4833333333333333 0.560625 0.47750000000000004 0.5575 0.4325 0.5587500000000001 0.40166666666666667 0.5650000000000001 0.3883333333333333 0.565625 0.345 0.559375 0.32083333333333336 0.5631250000000001 0.29333333333333333 0.5625 0.2683333333333333 0.566875 0.26166666666666666 0.56375 0.2558333333333333 0.5643750000000001 0.24416666666666664 0.560625 0.215 0.560625 0.1875 0.5575 0.175 0.556875 0.14666666666666667 0.5543750000000001 0.14166666666666666 0.535 0.13999999999999999 0.53 0.14333333333333334 0.5175000000000001 0.14333333333333334 0.5162500000000001 0.14416666666666667 0.52 0.15083333333333332 0.5125 0.15916666666666665 0.5075000000000001 0.1575 0.505625 0.13666666666666666 0.50125 0.12916666666666668 0.4875 0.12916666666666668 0.48375 0.13333333333333333 0.4800000000000001 0.14333333333333334 0.480625 0.14833333333333334 0.4875 0.15083333333333332
0 0.5296875 0.73671875 0.0015625 0.00078125
0 0.596875 0.8025 0.595 0.8025 0.5956250000000001 0.805 0.596875 0.8025
0 0.6175 0.6366666666666666 0.615625 0.6333333333333333 0.61375 0.6375 0.6175 0.6366666666666666
0 0.5856250000000001 0.45583333333333337 0.58375 0.45999999999999996 0.5850000000000001 0.4716666666666667 0.581875 0.47750000000000004 0.58125 0.49333333333333335 0.5875 0.49833333333333335 0.5893750000000001 0.5133333333333333 0.5893750000000001 0.5225 0.5831250000000001 0.525 0.5856250000000001 0.5316666666666666 0.5831250000000001 0.5483333333333333 0.5850000000000001 0.5991666666666666 0.588125 0.61 0.5925 0.6133333333333333 0.59375 0.62 0.59375 0.64 0.59125 0.6441666666666667 0.59125 0.6491666666666667 0.59375 0.6599999999999999 0.593125 0.6708333333333333 0.599375 0.6925 0.5975 0.71 0.6012500000000001 0.7291666666666667 0.6 0.7516666666666667 0.5975 0.7575000000000001 0.599375 0.7649999999999999 0.596875 0.7691666666666667 0.5975 0.7783333333333333 0.601875 0.7849999999999999 0.604375 0.7733333333333333 0.609375 0.7633333333333333 0.619375 0.715 0.6162500000000001 0.7108333333333333 0.61875 0.6991666666666666 0.6168750000000001 0.6783333333333333 0.6125 0.6708333333333333 0.610625 0.6566666666666666 0.613125 0.64 0.6112500000000001 0.6325000000000001 0.610625 0.6016666666666667 0.613125 0.5966666666666667 0.6168750000000001 0.595 0.6112500000000001 0.5900000000000001 0.609375 0.5816666666666667 0.610625 0.5391666666666667 0.608125 0.5341666666666667 0.60875 0.505 0.60625 0.49333333333333335 0.6050000000000001 0.4666666666666667 0.6050000000000001 0.4491666666666666 0.606875 0.44333333333333336 0.6050000000000001 0.41916666666666663 0.606875 0.4 0.6012500000000001 0.38916666666666666 0.6012500000000001 0.36916666666666664 0.604375 0.3591666666666667 0.5987500000000001 0.3491666666666667 0.599375 0.33916666666666667 0.5975 0.3308333333333333 0.6 0.3158333333333333 0.595 0.29500000000000004 0.59125 0.29833333333333334 0.5900000000000001 0.31083333333333335 0.593125 0.33333333333333337 0.5875 0.33999999999999997 0.5893750000000001 0.3458333333333333 0.588125 0.3625 0.5900000000000001 0.3808333333333333 0.5943750000000001 0.3875 0.58875 0.4 0.5893750000000001 0.41916666666666663 0.5875 0.4333333333333333 0.5850000000000001 0.43916666666666665 0.58125 0.4408333333333333 0.58125 0.45 0.5856250000000001 0.45583333333333337
0 0.595 0.29083333333333333 0.595 0.2866666666666667 0.593125 0.2866666666666667 0.595 0.29083333333333333
0 0.565625 0.265 0.5631250000000001 0.2725 0.5650000000000001 0.28833333333333333 0.5625 0.32083333333333336 0.566875 0.3408333333333333 0.566875 0.375 0.5650000000000001 0.38583333333333336 0.560625 0.39499999999999996 0.5587500000000001 0.4125 0.56 0.47750000000000004 0.561875 0.4875 0.5625 0.5675 0.565625 0.6108333333333333 0.5743750000000001 0.6316666666666666 0.5743750000000001 0.6599999999999999 0.576875 0.675 0.579375 0.7366666666666666 0.5806250000000001 0.8225 0.581875 0.8341666666666667 0.5850000000000001 0.8366666666666667 0.5893750000000001 0.8283333333333334 0.590625 0.8141666666666666 0.5987500000000001 0.8016666666666665 0.599375 0.7791666666666667 0.5987500000000001 0.75 0.5956250000000001 0.7424999999999999 0.5956250000000001 0.7333333333333333 0.598125 0.7283333333333333 0.5962500000000001 0.7041666666666667 0.5987500000000001 0.6991666666666666 0.5987500000000001 0.6925 0.5925 0.6658333333333333 0.593125 0.6224999999999999 0.591875 0.6141666666666666 0.588125 0.6108333333333333 0.584375 0.5991666666666666 0.5831250000000001 0.5433333333333333 0.5850000000000001 0.5291666666666667 0.5831250000000001 0.5258333333333333 0.5831250000000001 0.5116666666666666 0.5856250000000001 0.5083333333333333 0.58625 0.5008333333333332 0.581875 0.4875 0.58375 0.4616666666666666 0.5806250000000001 0.445 0.5806250000000001 0.43583333333333335 0.5850000000000001 0.4333333333333333 0.5856250000000001 0.4216666666666667 0.58375 0.41500000000000004 0.58625 0.3975 0.59125 0.38666666666666666 0.5875 0.385 0.588125 0.37 0.5856250000000001 0.3625 0.584375 0.33999999999999997 0.5856250000000001 0.3275 0.5825 0.3058333333333333 0.584375 0.29583333333333334 0.5806250000000001 0.29083333333333333 0.58625 0.28583333333333333 0.5831250000000001 0.26166666666666666 0.578125 0.25166666666666665 0.5800000000000001 0.24666666666666667 0.5787500000000001 0.23666666666666666 0.5806250000000001 0.22999999999999998 0.578125 0.2225 0.571875 0.21583333333333332 0.570625 0.19083333333333333 0.566875 0.18333333333333332 0.56375 0.18166666666666667 0.561875 0.185 0.56625 0.24666666666666667 0.565625 0.265
0 0.59375 0.38666666666666666 0.59375 0.39 0.5900000000000001 0.39583333333333337 0.5900000000000001 0.4175 0.588125 0.42000000000000004 0.586875 0.4375 0.58375 0.4458333333333333 0.586875 0.45499999999999996 0.586875 0.47333333333333333 0.58375 0.47750000000000004 0.58125 0.4875 0.58375 0.49416666666666664 0.588125 0.4958333333333333 0.5900000000000001 0.5008333333333332 0.5900000000000001 0.5241666666666667 0.584375 0.545 0.584375 0.5641666666666667 0.5875 0.5775 0.5875 0.5891666666666666 0.5925 0.595 0.591875 0.5983333333333334 0.5956250000000001 0.6058333333333333 0.595 0.615 0.599375 0.62 0.5943750000000001 0.645 0.595 0.6541666666666667 0.6 0.6641666666666667 0.60375 0.6950000000000001 0.6050000000000001 0.7533333333333333 0.6025 0.7583333333333333 0.6025 0.7666666666666667 0.6056250000000001 0.7691666666666667 0.609375 0.7616666666666666 0.613125 0.74 0.62 0.7166666666666667 0.6168750000000001 0.71 0.61875 0.7008333333333333 0.6175 0.6783333333333333 0.613125 0.6708333333333333 0.610625 0.655 0.6125 0.64 0.610625 0.6025 0.61375 0.595 0.609375 0.5833333333333333 0.609375 0.5700000000000001 0.61375 0.5391666666666667 0.609375 0.5325 0.6100000000000001 0.5008333333333332 0.60625 0.47000000000000003 0.609375 0.4 0.6056250000000001 0.3908333333333333 0.604375 0.3775 0.609375 0.34750000000000003 0.60375 0.34249999999999997 0.601875 0.3358333333333333 0.601875 0.3091666666666667 0.5962500000000001 0.2808333333333333 0.591875 0.275 0.5900000000000001 0.2758333333333333 0.58875 0.2816666666666666 0.5875 0.31416666666666665 0.58875 0.37916666666666665 0.59375 0.38666666666666666
0 0.57625 0.29583333333333334 0.575625 0.3183333333333333 0.5787500000000001 0.33666666666666667 0.5787500000000001 0.34833333333333333 0.575625 0.35666666666666663 0.5775 0.36666666666666664 0.576875 0.38 0.5800000000000001 0.38666666666666666 0.5775 0.3933333333333333 0.578125 0.4041666666666667 0.57625 0.4141666666666667 0.579375 0.4333333333333333 0.5775 0.4508333333333333 0.5787500000000001 0.46749999999999997 0.575625 0.47000000000000003 0.578125 0.4758333333333333 0.57625 0.49416666666666664 0.5800000000000001 0.5025000000000001 0.578125 0.5275000000000001 0.579375 0.5433333333333333 0.5743750000000001 0.5691666666666666 0.578125 0.5958333333333333 0.581875 0.5974999999999999 0.5806250000000001 0.6066666666666667 0.5856250000000001 0.6216666666666667 0.5875 0.635 0.5875 0.64 0.5825 0.6516666666666666 0.588125 0.6925 0.586875 0.7408333333333333 0.5900000000000001 0.7816666666666666 0.58875 0.8074999999999999 0.591875 0.8125 0.5987500000000001 0.805 0.6100000000000001 0.7541666666666667 0.61375 0.7274999999999999 0.60875 0.71 0.610625 0.6933333333333334 0.606875 0.6691666666666667 0.6050000000000001 0.6275000000000001 0.606875 0.6174999999999999 0.606875 0.595 0.6012500000000001 0.5783333333333334 0.60375 0.5599999999999999 0.6 0.5491666666666666 0.6025 0.5391666666666667 0.6 0.5308333333333334 0.6 0.4875 0.6025 0.4841666666666667 0.6 0.46416666666666667 0.6025 0.45583333333333337 0.601875 0.4175 0.60375 0.40750000000000003 0.5987500000000001 0.37666666666666665 0.6006250000000001 0.3525 0.5975 0.34833333333333333 0.598125 0.3416666666666667 0.595 0.33249999999999996 0.595 0.32166666666666666 0.598125 0.31333333333333335 0.595 0.2966666666666667 0.595 0.2841666666666667 0.5893750000000001 0.27 0.58875 0.2525 0.581875 0.24166666666666664 0.5806250000000001 0.225 0.5775 0.22000000000000003 0.5737500000000001 0.22000000000000003 0.573125 0.25916666666666666 0.57625 0.29583333333333334