0 0.825 0.425 0.8319444444444445 0.42374999999999996 0.836111111111111 0.42562500000000003 0.8416666666666666 0.43187500000000006 0.8166666666666667 0.45875000000000005 0.8055555555555556 0.4756250000000001 0.8069444444444445 0.48250000000000004 0.8277777777777777 0.48562500000000003 0.8388888888888889 0.490625 0.851388888888889 0.48812500000000003 0.8583333333333332 0.48187500000000005 0.8555555555555555 0.47375 0.8625 0.46687500000000004 0.8583333333333332 0.46312500000000006 0.8708333333333332 0.46187500000000004 0.8805555555555555 0.46625000000000005 0.9 0.468125 0.9097222222222221 0.475 0.9458333333333332 0.47625 0.95 0.478125 0.95 0.48375 0.9541666666666666 0.484375 0.9555555555555555 0.48187500000000005 0.9597222222222221 0.48187500000000005 0.961111111111111 0.484375 0.9888888888888887 0.48625000000000007 0.9958333333333332 0.48500000000000004 0.9986111111111111 0.473125 0.9944444444444445 0.471875 0.9986111111111111 0.47000000000000003 0.9986111111111111 0.46375 0.9902777777777777 0.46312500000000006 0.9847222222222222 0.458125 0.9986111111111111 0.453125 0.9986111111111111 0.40875000000000006 0.9791666666666666 0.40499999999999997 0.9513888888888887 0.40750000000000003 0.925 0.40750000000000003 0.9 0.40499999999999997 0.8805555555555555 0.40875000000000006 0.8347222222222221 0.40687500000000004 0.8180555555555555 0.41000000000000003 0.8097222222222221 0.41625000000000006 0.8111111111111111 0.42000000000000004 0.825 0.425
0 0.8347222222222221 0.42062499999999997 0.8416666666666666 0.43187500000000006 0.826388888888889 0.45 0.8125 0.458125 0.8125 0.46625000000000005 0.8055555555555556 0.47375 0.8069444444444445 0.48375 0.825 0.48625000000000007 0.8319444444444445 0.48937500000000006 0.8444444444444444 0.4987500000000001 0.8486111111111111 0.50625 0.888888888888889 0.52875 0.925 0.5575 0.9666666666666666 0.5575 0.9986111111111111 0.5543750000000001 0.9986111111111111 0.40875000000000006 0.9833333333333332 0.40499999999999997 0.9694444444444444 0.40437500000000004 0.9472222222222222 0.40750000000000003 0.9 0.405625 0.8777777777777777 0.409375 0.8277777777777777 0.40750000000000003 0.8166666666666667 0.41125 0.8097222222222221 0.4175 0.8208333333333332 0.42312500000000003 0.8347222222222221 0.42062499999999997
0 0.8805555555555555 0.514375 0.8680555555555556 0.515 0.8805555555555555 0.5337500000000001 0.9055555555555556 0.54375 0.9152777777777776 0.5537500000000001 0.9305555555555556 0.56 0.9944444444444445 0.5575 0.9986111111111111 0.555625 0.9986111111111111 0.50125 0.986111111111111 0.50125 0.9847222222222222 0.48812500000000003 0.9555555555555555 0.48625000000000007 0.9388888888888888 0.49312500000000004 0.9319444444444445 0.48187500000000005 0.925 0.48250000000000004 0.9180555555555555 0.47875000000000006 0.9069444444444444 0.4831250000000001 0.8833333333333332 0.5050000000000001 0.8805555555555555 0.514375
0 0.7833333333333333 0.43812500000000004 0.7611111111111111 0.441875 0.7611111111111111 0.445 0.7694444444444444 0.45437500000000003 0.7888888888888889 0.46375 0.7958333333333333 0.47062499999999996 0.8013888888888889 0.47062499999999996 0.8 0.47250000000000003 0.8152777777777777 0.45625 0.825 0.45062500000000005 0.8347222222222221 0.45062500000000005 0.8319444444444445 0.445 0.836111111111111 0.43875000000000003 0.851388888888889 0.43062500000000004 0.875 0.42625 0.9041666666666666 0.429375 0.9097222222222221 0.4325 0.9291666666666666 0.4325 0.9388888888888888 0.428125 0.9458333333333332 0.4287500000000001 0.9527777777777777 0.42562500000000003 0.9888888888888887 0.43125 0.9986111111111111 0.43062500000000004 0.9986111111111111 0.40875000000000006 0.9805555555555555 0.40437500000000004 0.9319444444444445 0.40687500000000004 0.9 0.40375000000000005 0.8763888888888889 0.40875000000000006 0.8305555555555555 0.405625 0.8208333333333332 0.40687500000000004 0.8013888888888889 0.41937500000000005 0.7930555555555555 0.421875 0.7916666666666666 0.433125 0.7833333333333333 0.43812500000000004
0 0.41484375 0.5328125 0.0015625 0.00078125
0 0.08402777777777777 0.539375 0.09027777777777776 0.5362500000000001 0.09583333333333333 0.539375 0.09166666666666666 0.5325 0.08472222222222223 0.529375 0.08611111111111111 0.5331250000000001 0.07777777777777777 0.5337500000000001 0.075 0.539375 0.08402777777777777 0.539375
0 0.5402777777777777 0.52625 0.5375 0.525 0.5361111111111111 0.5275000000000001 0.5402777777777777 0.52625
0 0.5527777777777778 0.5225000000000001 0.5527777777777778 0.53 0.5569444444444444 0.53125 0.5527777777777778 0.5337500000000001 0.5611111111111111 0.5362500000000001 0.5652777777777778 0.535625 0.5583333333333333 0.53125 0.5638888888888889 0.53 0.5541666666666666 0.5275000000000001 0.5527777777777778 0.5225000000000001
0 0.578125 0.51875 0.0015625 0.00078125
0 0.8305555555555555 0.528125 0.8375 0.5387500000000001 0.8444444444444444 0.539375 0.8472222222222221 0.535625 0.8583333333333332 0.5375 0.8583333333333332 0.525625 0.8486111111111111 0.51875 0.8444444444444444 0.52 0.8416666666666666 0.5181250000000001 0.8375 0.5206250000000001 0.836111111111111 0.528125 0.8305555555555555 0.528125
0 0.8138888888888889 0.5362500000000001 0.8166666666666667 0.534375 0.8208333333333332 0.535 0.8222222222222222 0.528125 0.8277777777777777 0.525625 0.8236111111111111 0.52375 0.8222222222222222 0.5162500000000001 0.8166666666666667 0.5162500000000001 0.8138888888888889 0.513125 0.8069444444444445 0.5181250000000001 0.8027777777777777 0.5325 0.8138888888888889 0.5362500000000001
0 0.8319444444444445 0.51875 0.8305555555555555 0.52375 0.836111111111111 0.5181250000000001 0.836111111111111 0.5118750000000001 0.8277777777777777 0.50875 0.826388888888889 0.51 0.826388888888889 0.515 0.8319444444444445 0.51875
0 0.8180555555555555 0.5050000000000001 0.8277777777777777 0.5075000000000001 0.8277777777777777 0.504375 0.8347222222222221 0.503125 0.8319444444444445 0.49750000000000005 0.8166666666666667 0.5006250000000001 0.8166666666666667 0.509375 0.8180555555555555 0.5050000000000001
0 0.16805555555555554 0.49250000000000005 0.18333333333333332 0.50125 0.1986111111111111 0.521875 0.20972222222222223 0.5275000000000001 0.22916666666666666 0.528125 0.2333333333333333 0.525 0.24305555555555552 0.5231250000000001 0.2652777777777778 0.496875 0.28888888888888886 0.48937500000000006 0.3097222222222222 0.496875 0.3347222222222222 0.52625 0.34444444444444444 0.529375 0.3625 0.5275000000000001 0.37777777777777777 0.5231250000000001 0.3986111111111111 0.496875 0.4208333333333333 0.48937500000000006 0.4305555555555555 0.490625 0.4333333333333333 0.49437500000000006 0.4444444444444445 0.4987500000000001 0.44861111111111107 0.5068750000000001 0.4569444444444444 0.5118750000000001 0.4611111111111111 0.52375 0.4694444444444444 0.529375 0.4930555555555555 0.52875 0.5083333333333333 0.52125 0.5263888888888888 0.49812500000000004 0.5375 0.49437500000000006 0.5388888888888889 0.490625 0.5513888888888888 0.48937500000000006 0.5625 0.490625 0.5736111111111111 0.49812500000000004 0.5805555555555555 0.5075000000000001 0.5819444444444444 0.519375 0.5888888888888888 0.5225000000000001 0.5888888888888888 0.529375 0.5986111111111111 0.5325 0.6027777777777777 0.529375 0.6152777777777778 0.52875 0.6194444444444444 0.530625 0.6222222222222221 0.52875 0.6277777777777778 0.53 0.6472222222222221 0.52625 0.6472222222222221 0.51875 0.6430555555555555 0.5175000000000001 0.6555555555555556 0.49812500000000004 0.6652777777777777 0.491875 0.6777777777777778 0.496875 0.6847222222222221 0.490625 0.6958333333333333 0.490625 0.6986111111111111 0.4956250000000001 0.7041666666666666 0.49750000000000005 0.7152777777777778 0.5175000000000001 0.7152777777777778 0.528125 0.7222222222222221 0.528125 0.7263888888888889 0.525 0.7444444444444444 0.5275000000000001 0.7472222222222221 0.53 0.7527777777777778 0.525 0.7638888888888888 0.525625 0.7791666666666666 0.5018750000000001 0.8 0.48687500000000006 0.7958333333333333 0.4756250000000001 0.7833333333333333 0.46625000000000005 0.7472222222222221 0.45187499999999997 0.7222222222222221 0.446875 0.7 0.43187500000000006 0.6611111111111111 0.414375 0.6402777777777777 0.41187500000000005 0.6305555555555555 0.40750000000000003 0.6166666666666666 0.405625 0.5986111111111111 0.40687500000000004 0.5805555555555555 0.41375 0.5513888888888888 0.40375000000000005 0.5277777777777778 0.40437500000000004 0.5152777777777777 0.40812499999999996 0.5083333333333333 0.41375 0.4916666666666666 0.40750000000000003 0.475 0.405625 0.4569444444444444 0.41000000000000003 0.44305555555555554 0.41875 0.43472222222222223 0.41000000000000003 0.41388888888888886 0.403125 0.40138888888888885 0.403125 0.3875 0.40687500000000004 0.37361111111111106 0.418125 0.36666666666666664 0.4175 0.3583333333333333 0.410625 0.3347222222222222 0.40812499999999996 0.31666666666666665 0.4131250000000001 0.3 0.42312500000000003 0.26944444444444443 0.42374999999999996 0.2569444444444444 0.42750000000000005 0.22361111111111112 0.4425 0.21388888888888888 0.45062500000000005 0.17222222222222222 0.46687500000000004 0.1638888888888889 0.47250000000000003 0.15694444444444444 0.4831250000000001 0.15833333333333333 0.4912500000000001 0.16805555555555554 0.49250000000000005
0 0.5138888888888888 0.4425 0.5388888888888889 0.465625 0.548611111111111 0.47750000000000004 0.55 0.48500000000000004 0.5638888888888889 0.48812500000000003 0.575 0.49375 0.5875 0.509375 0.6055555555555555 0.521875 0.6194444444444444 0.521875 0.6333333333333333 0.516875 0.6416666666666666 0.508125 0.6361111111111111 0.504375 0.65 0.499375 0.6555555555555556 0.49250000000000005 0.6680555555555555 0.4875 0.6930555555555555 0.48875 0.7027777777777777 0.491875 0.7222222222222221 0.5162500000000001 0.7319444444444444 0.5225000000000001 0.75 0.5231250000000001 0.7611111111111111 0.519375 0.7791666666666666 0.4987500000000001 0.8 0.48562500000000003 0.7958333333333333 0.4756250000000001 0.775 0.46312500000000006 0.7444444444444444 0.45062500000000005 0.7222222222222221 0.446875 0.7138888888888888 0.44312500000000005 0.7 0.43187500000000006 0.6625 0.41500000000000004 0.6416666666666666 0.4125 0.6263888888888889 0.40687500000000004 0.6097222222222223 0.405625 0.5972222222222222 0.40750000000000003 0.5736111111111111 0.42062499999999997 0.575 0.414375 0.5638888888888889 0.418125 0.5597222222222222 0.414375 0.5527777777777778 0.414375 0.5513888888888888 0.41125 0.5444444444444444 0.409375 0.5291666666666666 0.409375 0.5194444444444444 0.4175 0.5222222222222223 0.4287500000000001 0.5138888888888888 0.4425
0 0.5421875 0.4046875 0.0015625 0.0015625
0 0.8347222222222221 0.426875 0.8402777777777777 0.433125 0.8736111111111111 0.428125 0.888888888888889 0.4287500000000001 0.9125 0.434375 0.9402777777777777 0.433125 0.9527777777777777 0.4287500000000001 0.9986111111111111 0.4325 0.9986111111111111 0.40812499999999996 0.9833333333333332 0.40437500000000004 0.9375 0.40687500000000004 0.898611111111111 0.40375000000000005 0.8763888888888889 0.40812499999999996 0.8305555555555555 0.40625 0.8194444444444444 0.40750000000000003 0.8083333333333332 0.41500000000000004 0.8097222222222221 0.42250000000000004 0.8347222222222221 0.426875
0 0.18055555555555552 0.496875 0.20555555555555555 0.52375 0.22777777777777777 0.524375 0.2375 0.5225000000000001 0.2652777777777778 0.49312500000000004 0.2722222222222222 0.49000000000000005 0.29027777777777775 0.4875 0.3125 0.49437500000000006 0.3375 0.5225000000000001 0.3486111111111111 0.52625 0.37361111111111106 0.521875 0.3986111111111111 0.49250000000000005 0.4180555555555555 0.4875 0.43611111111111106 0.490625 0.4458333333333333 0.495 0.4694444444444444 0.52375 0.4805555555555555 0.525625 0.4930555555555555 0.525 0.5083333333333333 0.516875 0.5305555555555556 0.491875 0.5458333333333333 0.48625000000000007 0.5680555555555555 0.49000000000000005 0.5777777777777777 0.49625 0.5833333333333333 0.50625 0.6 0.52125 0.6083333333333333 0.524375 0.6194444444444444 0.52375 0.6319444444444444 0.52 0.6541666666666666 0.49625 0.6708333333333333 0.484375 0.6777777777777778 0.4875 0.7041666666666666 0.490625 0.7236111111111111 0.5162500000000001 0.7333333333333333 0.5225000000000001 0.75 0.5225000000000001 0.7597222222222222 0.519375 0.7777777777777778 0.499375 0.8 0.48500000000000004 0.7972222222222222 0.47750000000000004 0.7833333333333333 0.46687500000000004 0.7472222222222221 0.45187499999999997 0.7194444444444443 0.44625000000000004 0.7 0.43187500000000006 0.6625 0.415625 0.6430555555555555 0.4131250000000001 0.6222222222222221 0.40625 0.5972222222222222 0.40750000000000003 0.5819444444444444 0.415625 0.5638888888888889 0.40750000000000003 0.548611111111111 0.40375000000000005 0.525 0.405625 0.5125 0.41500000000000004 0.4847222222222222 0.40625 0.4666666666666666 0.40687500000000004 0.4541666666666666 0.41125 0.4416666666666666 0.42000000000000004 0.43472222222222223 0.41000000000000003 0.41388888888888886 0.403125 0.40138888888888885 0.403125 0.39166666666666666 0.405625 0.38055555555555554 0.410625 0.37361111111111106 0.41875 0.36527777777777776 0.416875 0.3583333333333333 0.410625 0.3375 0.40812499999999996 0.31111111111111106 0.41625000000000006 0.3 0.42374999999999996 0.26666666666666666 0.42437500000000006 0.25277777777777777 0.429375 0.22361111111111112 0.44312500000000005 0.21527777777777776 0.45 0.17222222222222222 0.46687500000000004 0.15833333333333333 0.480625 0.15694444444444444 0.48812500000000003 0.18055555555555552 0.496875
0 0.09166666666666666 0.540625 0.10694444444444444 0.5518750000000001 0.13472222222222222 0.55125 0.15 0.5425000000000001 0.16805555555555554 0.544375 0.1736111111111111 0.5425000000000001 0.19305555555555554 0.541875 0.2 0.5425000000000001 0.2125 0.55 0.24027777777777776 0.55125 0.25 0.55 0.2611111111111111 0.54375 0.2861111111111111 0.545625 0.29166666666666663 0.544375 0.3 0.546875 0.30277777777777776 0.544375 0.3486111111111111 0.545 0.3583333333333333 0.5431250000000001 0.3694444444444444 0.545625 0.3722222222222222 0.5431250000000001 0.39444444444444443 0.54375 0.4125 0.54125 0.4180555555555555 0.54125 0.42361111111111105 0.544375 0.43472222222222223 0.54125 0.4569444444444444 0.54125 0.4652777777777778 0.5431250000000001 0.5402777777777777 0.54125 0.55 0.5431250000000001 0.5930555555555556 0.540625 0.6402777777777777 0.540625 0.6611111111111111 0.54375 0.6777777777777778 0.541875 0.7041666666666666 0.5431250000000001 0.7152777777777778 0.54125 0.7263888888888889 0.544375 0.7527777777777778 0.54375 0.7611111111111111 0.54125 0.7777777777777778 0.54375 0.8555555555555555 0.5431250000000001 0.8680555555555556 0.5337500000000001 0.8680555555555556 0.52875 0.8277777777777777 0.4912500000000001 0.8041666666666666 0.48812500000000003 0.7888888888888889 0.49312500000000004 0.7638888888888888 0.5206250000000001 0.7513888888888889 0.525 0.736111111111111 0.525 0.7236111111111111 0.52 0.7055555555555555 0.496875 0.6944444444444444 0.490625 0.6638888888888889 0.490625 0.6347222222222222 0.52 0.625 0.525 0.6083333333333333 0.525625 0.5944444444444443 0.52 0.5680555555555555 0.491875 0.5611111111111111 0.49000000000000005 0.5430555555555555 0.49000000000000005 0.5291666666666666 0.49437500000000006 0.5111111111111111 0.516875 0.4930555555555555 0.5275000000000001 0.47638888888888886 0.5268750000000001 0.46805555555555556 0.524375 0.44027777777777777 0.49312500000000004 0.4333333333333333 0.4912500000000001 0.40694444444444444 0.4912500000000001 0.3972222222222222 0.495 0.37777777777777777 0.52125 0.3708333333333333 0.525 0.3486111111111111 0.528125 0.33194444444444443 0.52 0.31666666666666665 0.504375 0.3125 0.495 0.30416666666666664 0.491875 0.275 0.4912500000000001 0.26805555555555555 0.49437500000000006 0.2458333333333333 0.52125 0.2263888888888889 0.528125 0.20416666666666666 0.525625 0.1736111111111111 0.49437500000000006 0.15416666666666665 0.490625 0.14166666666666666 0.49375 0.1375 0.50375 0.12638888888888888 0.505625 0.08055555555555555 0.529375 0.0736111111111111 0.535625 0.0736111111111111 0.540625 0.09166666666666666 0.540625
0 0.7680555555555555 0.440625 0.7597222222222222 0.44125000000000003 0.7583333333333333 0.4443750000000001 0.7708333333333333 0.4575 0.8 0.471875 0.8097222222222221 0.459375 0.8208333333333332 0.453125 0.8430555555555556 0.43187500000000006 0.836111111111111 0.42625 0.8125 0.42062499999999997 0.8097222222222221 0.41625000000000006 0.7930555555555555 0.42062499999999997 0.7902777777777777 0.433125 0.7680555555555555 0.440625