0 0.0034364261168384883 0.26171875 0.03436426116838488 0.2625 0.051546391752577324 0.26640625 0.05326460481099656 0.27890625 0.058419243986254296 0.27421875 0.04982817869415808 0.25390625 0.03608247422680413 0.2421875 0.04123711340206186 0.2234375 0.025773195876288662 0.2046875 0.02405498281786942 0.18984375 0.03951890034364262 0.1703125 0.04982817869415808 0.16796875 0.051546391752577324 0.16484375 0.04639175257731959 0.15078125 0.04639175257731959 0.121875 0.051546391752577324 0.11171875 0.044673539518900345 0.09140625 0.05498281786941581 0.07265625 0.070446735395189 0.06796875 0.058419243986254296 0.03671875 0.06357388316151204 0.0203125 0.05670103092783506 0.01171875 0.06013745704467355 0.0046875 0.03951890034364262 0.0046875 0.03951890034364262 0.00859375 0.027491408934707907 0.0140625 0.01718213058419244 0 0.015463917525773196 0.00234375 0.0034364261168384883 0.00390625 0 0.25859375 0.0034364261168384883 0.26171875
0 0.05498281786941581 0.52890625 0.05326460481099656 0.5171875 0.03780068728522337 0.509375 0.03608247422680413 0.53203125 0.05498281786941581 0.52890625
0 0.03780068728522337 0.47109375 0.04982817869415808 0.4734375 0.05498281786941581 0.46484375 0.03951890034364262 0.45 0.04639175257731959 0.46484375 0.03780068728522337 0.47109375
0 0.013745704467353953 0.427734375 0.013745704467353953 0.43203125 0.005154639175257733 0.43203125 0 0.43515625 0 0.46318359375 0.010309278350515465 0.46171875 0.00859106529209622 0.46875 0.0034364261168384883 0.46875 0.0034364261168384883 0.4734375 0.00859106529209622 0.475 0 0.478125 0 0.48255234375 0.00859106529209622 0.47890625 0.010309278350515465 0.4875 0 0.48697890624999995 0 0.49140625 0.006872852233676977 0.49453125 0 0.4984375 0.010137457044673542 0.5007421875 0.00859106529209622 0.496875 0.029209621993127148 0.3859375 0.03608247422680413 0.3734375 0.03436426116838488 0.3453125 0.044673539518900345 0.303125 0.044673539518900345 0.27421875 0.03951890034364262 0.26796875 0.029209621993127148 0.265625 0 0.265625 0 0.42421875 0.005154639175257733 0.42734375 0.013745704467353953 0.427734375
0 0.005154639175257733 0.51015625 0 0.51953125 0 0.6 0.0034364261168384883 0.60703125 0.013745704467353953 0.609375 0 0.6140625 0 0.68359375 0.018900343642611686 0.6765625 0.018900343642611686 0.65625 0.01202749140893471 0.6390625 0.015463917525773196 0.5890625 0.029209621993127148 0.58515625 0.0429553264604811 0.59296875 0.04639175257731959 0.5890625 0.03780068728522337 0.58828125 0.04810996563573884 0.58515625 0.04123711340206186 0.58203125 0.04810996563573884 0.58125 0.04639175257731959 0.57734375 0.03436426116838488 0.57421875 0.030927835051546393 0.56875 0.02061855670103093 0.56484375 0.02061855670103093 0.5328125 0.005154639175257733 0.51796875 0.01202749140893471 0.50546875 0.010309278350515465 0.501171875 0.010309278350515465 0.503125 0 0.503125 0.00859106529209622 0.50390625 0 0.5078125 0.005154639175257733 0.51015625
0 0.05078125 0.3453125 0.0015625 0.0015625
0 0.02061855670103093 0.425 0.02061855670103093 0.44296875 0.025773195876288662 0.446875 0.02061855670103093 0.44765625 0.029209621993127148 0.44921875 0.03608247422680413 0.44609375 0.0429553264604811 0.44921875 0.04123711340206186 0.453125 0.04982817869415808 0.45234375 0.05498281786941581 0.45546875 0.04982817869415808 0.45859375 0.04982817869415808 0.46640625 0.03951890034364262 0.47109375 0.03436426116838488 0.46953125 0.025773195876288662 0.471875 0.02061855670103093 0.46796875 0.015463917525773196 0.47578125 0.015463917525773196 0.49765625 0.018900343642611686 0.50234375 0.029209621993127148 0.50546875 0.030927835051546393 0.51015625 0.01202749140893471 0.51015625 0.01202749140893471 0.51796875 0.025773195876288662 0.53046875 0.02405498281786942 0.56484375 0.03436426116838488 0.5703125 0.03264604810996564 0.58125 0.04123711340206186 0.5875 0.03264604810996564 0.59375 0.02405498281786942 0.59375 0.02061855670103093 0.62265625 0.025773195876288662 0.6328125 0.03951890034364262 0.6375 0.0429553264604811 0.64296875 0.04639175257731959 0.63359375 0.06529209621993128 0.63671875 0.06013745704467355 0.640625 0.07388316151202749 0.63515625 0.08419243986254296 0.64296875 0.11512027491408935 0.64296875 0.11855670103092783 0.646875 0.12542955326460484 0.646875 0.1357388316151203 0.63984375 0.13402061855670105 0.6359375 0.14604810996563575 0.6359375 0.15292096219931273 0.6328125 0.1632302405498282 0.6359375 0.16494845360824745 0.64140625 0.17010309278350516 0.6375 0.1752577319587629 0.640625 0.18728522336769762 0.6390625 0.19243986254295536 0.6421875 0.21993127147766325 0.64140625 0.25429553264604815 0.6453125 0.27835051546391754 0.640625 0.29381443298969073 0.646875 0.3556701030927835 0.64453125 0.3883161512027492 0.6328125 0.3969072164948454 0.63828125 0.40549828178694164 0.63671875 0.41924398625429554 0.640625 0.4450171821305842 0.63828125 0.4518900343642612 0.640625 0.5429553264604812 0.640625 0.584192439862543 0.63828125 0.6116838487972509 0.63984375 0.6254295532646049 0.6359375 0.6477663230240551 0.64296875 0.668384879725086 0.6421875 0.6804123711340206 0.64453125 0.6958762886597938 0.64296875 0.8917525773195877 0.6453125 0.9106529209621994 0.64453125 0.9278350515463918 0.63984375 0.9312714776632303 0.6296875 0.9467353951890034 0.62109375 0.9467353951890034 0.6125 0.9329896907216495 0.5984375 0.9347079037800687 0.5859375 0.9209621993127148 0.56796875 0.9381443298969072 0.55390625 0.9381443298969072 0.54140625 0.9209621993127148 0.52578125 0.9140893470790379 0.50234375 0.9261168384879725 0.4875 0.9278350515463918 0.47734375 0.9243986254295533 0.4703125 0.9106529209621994 0.46171875 0.9072164948453609 0.44765625 0.9054982817869417 0.4328125 0.9140893470790379 0.4234375 0.9158075601374571 0.4125 0.9123711340206186 0.40390625 0.9037800687285223 0.40078125 0.8986254295532646 0.39375 0.9003436426116839 0.36484375 0.9072164948453609 0.3515625 0.9037800687285223 0.34140625 0.8883161512027492 0.3375 0.8848797250859107 0.32734375 0.8848797250859107 0.3109375 0.8934707903780069 0.29921875 0.8934707903780069 0.290625 0.88659793814433 0.28359375 0.8711340206185568 0.2859375 0.8264604810996564 0.2859375 0.8230240549828179 0.28828125 0.8127147766323025 0.2859375 0.7731958762886599 0.28671875 0.7508591065292097 0.284375 0.725085910652921 0.29375 0.6701030927835052 0.2921875 0.6597938144329898 0.29453125 0.6151202749140894 0.290625 0.5996563573883162 0.29296875 0.584192439862543 0.29921875 0.5584192439862543 0.3 0.5257731958762888 0.29609375 0.5068728522336771 0.296875 0.4828178694158076 0.290625 0.4690721649484536 0.29296875 0.45704467353951894 0.3 0.4020618556701031 0.2984375 0.3814432989690722 0.30234375 0.3556701030927835 0.29453125 0.3384879725085911 0.2953125 0.32817869415807566 0.29921875 0.3144329896907217 0.3 0.31271477663230246 0.30234375 0.29553264604810997 0.30234375 0.2852233676975945 0.29921875 0.2508591065292097 0.29921875 0.23711340206185566 0.30390625 0.23539518900343642 0.3 0.21305841924398625 0.296875 0.1941580756013746 0.30234375 0.18041237113402064 0.303125 0.18041237113402064 0.3078125 0.1718213058419244 0.30703125 0.1632302405498282 0.31171875 0.15807560137457047 0.3109375 0.15292096219931273 0.315625 0.140893470790378 0.31015625 0.14604810996563575 0.30703125 0.13917525773195877 0.30546875 0.10824742268041239 0.30859375 0.10481099656357389 0.30390625 0.09450171821305843 0.303125 0.0859106529209622 0.309375 0.05498281786941581 0.3078125 0.04982817869415808 0.31015625 0.04982817869415808 0.3296875 0.06357388316151204 0.3375 0.07216494845360825 0.3609375 0.06872852233676977 0.36328125 0.05670103092783506 0.3609375 0.0429553264604811 0.36328125 0.0429553264604811 0.3875 0.025773195876288662 0.39375 0.022336769759450172 0.403125 0.025773195876288662 0.421875 0.02061855670103093 0.425
0 0.4359375 0.2890625 0.0015625 0.00078125
0 0.5481099656357389 0.2890625 0.5463917525773196 0.28671875 0.5395189003436427 0.28671875 0.5395189003436427 0.28984375 0.5481099656357389 0.2890625
0 0.5984375 0.28515625 0.0015625 0.0015625
0 0.01640625 0.1984375 0.0015625 0.003125
0 0.015463917525773196 0.1953125 0.022336769759450172 0.1953125 0.022336769759450172 0.1765625 0.013745704467353953 0.17734375 0.01202749140893471 0.1921875 0.015463917525773196 0.1953125
0 0.15 0.015625 0.0015625 0.003125
0 0.13745704467353953 0.01640625 0.13745704467353953 0.0140625 0.13230240549828182 0.015625 0.13745704467353953 0.01640625
0 0.1632302405498282 0.009375 0.1597938144329897 0.0046875 0.15635738831615123 0.015625 0.1632302405498282 0.009375
0 0.04982817869415808 0.1640625 0.06357388316151204 0.171875 0.0429553264604811 0.17734375 0.030927835051546393 0.1859375 0.025773195876288662 0.19765625 0.029209621993127148 0.20859375 0.051546391752577324 0.22421875 0.04123711340206186 0.2328125 0.04639175257731959 0.25078125 0.06872852233676977 0.26875 0.08419243986254296 0.290625 0.10481099656357389 0.29375 0.12542955326460484 0.28984375 0.1512027491408935 0.290625 0.16494845360824745 0.2859375 0.19931271477663232 0.2890625 0.23367697594501718 0.2890625 0.2405498281786942 0.28671875 0.2611683848797251 0.2890625 0.2680412371134021 0.2859375 0.30068728522336774 0.28671875 0.33161512027491413 0.2765625 0.3556701030927835 0.28125 0.3780068728522337 0.2765625 0.4072164948453609 0.2765625 0.4175257731958763 0.28125 0.4450171821305842 0.27578125 0.4518900343642612 0.27890625 0.4518900343642612 0.284375 0.4398625429553265 0.2890625 0.4553264604810997 0.29296875 0.49828178694158076 0.27265625 0.5223367697594502 0.27421875 0.5292096219931273 0.27734375 0.5429553264604812 0.27734375 0.5532646048109966 0.2734375 0.577319587628866 0.2796875 0.6116838487972509 0.27265625 0.6185567010309279 0.28046875 0.6185567010309279 0.27578125 0.6288659793814434 0.2734375 0.6374570446735396 0.27578125 0.6529209621993128 0.2734375 0.6563573883161513 0.27578125 0.6993127147766324 0.2765625 0.7079037800687286 0.27265625 0.7371134020618557 0.2734375 0.7439862542955327 0.27578125 0.7749140893470792 0.2734375 0.7817869415807561 0.27578125 0.8178694158075602 0.271875 0.8230240549828179 0.265625 0.8281786941580757 0.221875 0.8264604810996564 0.20625 0.8178694158075602 0.2 0.816151202749141 0.18984375 0.8213058419243987 0.1515625 0.8075601374570448 0.14453125 0.8109965635738833 0.09921875 0.809278350515464 0.0953125 0.8006872852233677 0.09296875 0.802405498281787 0.04921875 0.7903780068728523 0.04296875 0.79553264604811 0.0359375 0.7972508591065293 0.0140625 0.7852233676975946 0 0.752577319587629 0 0.7474226804123713 0.00390625 0.7405498281786942 0 0.7079037800687286 0 0.6941580756013745 0.009375 0.6821305841924399 0.003125 0.6735395189003437 0.00390625 0.668384879725086 0.009375 0.6529209621993128 0 0.5910652920962199 0 0.5738831615120275 0.0109375 0.5618556701030928 0.0046875 0.5429553264604812 0.00390625 0.5223367697594502 0.0109375 0.5189003436426117 0.0078125 0.513745704467354 0.01328125 0.5051546391752578 0.01015625 0.4604810996563574 0.01015625 0.4587628865979382 0.0046875 0.45704467353951894 0.0125 0.4450171821305842 0.01328125 0.4209621993127148 0.00625 0.41065292096219935 0.0125 0.3934707903780069 0.00625 0.3625429553264605 0.003125 0.33676975945017185 0.00703125 0.3264604810996564 0.0125 0.3230240549828179 0.0109375 0.3195876288659794 0.0171875 0.3075601374570447 0.0140625 0.2869415807560137 0.01328125 0.27835051546391754 0.00390625 0.26632302405498287 0.0078125 0.26460481099656363 0.0046875 0.2611683848797251 0.01171875 0.25429553264604815 0.01328125 0.24398625429553267 0.01015625 0.20274914089347082 0.01015625 0.19587628865979384 0.0078125 0.18900343642611686 0.01796875 0.16838487972508592 0.01875 0.1597938144329897 0.02734375 0.15292096219931273 0.028125 0.1443298969072165 0.0234375 0.09793814432989692 0.01875 0.09793814432989692 0.0109375 0.10481099656357389 0.0078125 0.11168384879725086 0.01171875 0.11683848797250859 0.00859375 0.11512027491408935 0 0.10652920962199312 0 0.10137457044673541 0.0046875 0.0859106529209622 0.0046875 0.08075601374570447 0.00234375 0.07731958762886598 0.01484375 0.08762886597938145 0.021875 0.070446735395189 0.03359375 0.06872852233676977 0.0390625 0.06872852233676977 0.0546875 0.07903780068728523 0.0671875 0.05670103092783506 0.078125 0.04810996563573884 0.09140625 0.058419243986254296 0.115625 0.04982817869415808 0.1640625