0 0.7816666666666666 0.661875 0.7899999999999999 0.6612500000000001 0.7875 0.6568750000000001 0.78 0.65625 0.7783333333333333 0.6581250000000001 0.7816666666666666 0.661875
0 0.8208333333333334 0.6168750000000001 0.8208333333333334 0.6143750000000001 0.8175000000000001 0.6162500000000001 0.8208333333333334 0.6168750000000001
0 0.7608333333333334 0.6425000000000001 0.7825 0.6518750000000001 0.7899999999999999 0.6518750000000001 0.7966666666666666 0.6575 0.795 0.661875 0.7983333333333333 0.665 0.8133333333333332 0.665625 0.8191666666666666 0.673125 0.8275 0.675 0.8308333333333333 0.685625 0.8416666666666666 0.690625 0.8458333333333334 0.690625 0.8533333333333333 0.6787500000000001 0.8691666666666666 0.66875 0.8791666666666667 0.64 0.8800000000000001 0.63375 0.8766666666666666 0.6300000000000001 0.8766666666666666 0.6256250000000001 0.8808333333333334 0.619375 0.8699999999999999 0.6118750000000001 0.8541666666666666 0.6118750000000001 0.8525 0.6168750000000001 0.8416666666666666 0.6118750000000001 0.8333333333333334 0.6162500000000001 0.8316666666666667 0.62625 0.8175000000000001 0.625 0.7983333333333333 0.62 0.7933333333333333 0.615625 0.7858333333333334 0.615625 0.7825 0.6175 0.7641666666666667 0.6168750000000001 0.76 0.6212500000000001 0.7583333333333333 0.6375 0.7608333333333334 0.6425000000000001
0 0.7265625 0.5953125 0.003125 0.00078125
0 0.6708333333333333 0.6325000000000001 0.6941666666666666 0.640625 0.7183333333333334 0.644375 0.725 0.6481250000000001 0.745 0.64875 0.7441666666666666 0.64375 0.7491666666666666 0.62625 0.755 0.619375 0.755 0.615 0.7516666666666667 0.6112500000000001 0.73 0.601875 0.7191666666666666 0.6025 0.7108333333333333 0.5943750000000001 0.7 0.5956250000000001 0.6825 0.591875 0.6649999999999999 0.59375 0.6633333333333333 0.62375 0.6708333333333333 0.6325000000000001
0 0.6233333333333333 0.8075000000000001 0.6224999999999999 0.82875 0.6275000000000001 0.835 0.6233333333333333 0.835 0.6224999999999999 0.838125 0.6375 0.8456250000000001 0.6483333333333333 0.8456250000000001 0.65 0.8487500000000001 0.6691666666666667 0.85375 0.675 0.85875 0.6875 0.8625 0.6891666666666667 0.8575000000000002 0.6866666666666666 0.85625 0.69 0.8543750000000001 0.6908333333333333 0.8487500000000001 0.6958333333333333 0.8462500000000001 0.6991666666666666 0.836875 0.6991666666666666 0.826875 0.7041666666666667 0.8200000000000001 0.7058333333333333 0.81125 0.71 0.8075000000000001 0.7166666666666667 0.7881250000000001 0.7175 0.7706250000000001 0.7208333333333333 0.765625 0.7191666666666666 0.7575000000000001 0.725 0.75 0.7216666666666667 0.729375 0.715 0.725 0.6925 0.7212500000000001 0.6766666666666666 0.71375 0.6716666666666666 0.70625 0.6683333333333333 0.70875 0.6633333333333333 0.70875 0.6558333333333334 0.7025 0.6558333333333334 0.695625 0.6508333333333333 0.6925000000000001 0.6425 0.70625 0.6316666666666666 0.7456250000000001 0.6308333333333334 0.759375 0.6241666666666666 0.77375 0.62 0.8 0.6233333333333333 0.8075000000000001
0 0.5766666666666667 0.664375 0.5766666666666667 0.67125 0.5891666666666666 0.673125 0.6016666666666667 0.6837500000000001 0.6066666666666667 0.6825 0.6158333333333333 0.68875 0.62 0.68875 0.6233333333333333 0.6925000000000001 0.6316666666666666 0.693125 0.6416666666666667 0.684375 0.645 0.6675000000000001 0.65 0.6587500000000001 0.6491666666666667 0.630625 0.6541666666666667 0.6275000000000001 0.6566666666666666 0.62 0.6566666666666666 0.60875 0.6525 0.6006250000000001 0.6575 0.596875 0.6575 0.593125 0.6533333333333333 0.59125 0.65 0.59375 0.645 0.588125 0.6266666666666667 0.5831250000000001 0.6191666666666666 0.58375 0.5991666666666666 0.5787500000000001 0.5916666666666667 0.58125 0.585 0.578125 0.5741666666666666 0.595 0.5675 0.6300000000000001 0.5683333333333334 0.655 0.5766666666666667 0.664375
0 0.7191666666666666 0.7887500000000001 0.7208333333333333 0.7993750000000001 0.7966666666666666 0.821875 0.8108333333333333 0.821875 0.8275 0.8150000000000001 0.8283333333333334 0.8081250000000001 0.835 0.79625 0.8391666666666666 0.775625 0.8358333333333332 0.7731250000000001 0.8383333333333333 0.771875 0.8316666666666667 0.774375 0.8275 0.7725000000000001 0.8225 0.77375 0.8166666666666667 0.769375 0.8108333333333333 0.7706250000000001 0.8008333333333333 0.766875 0.7933333333333333 0.766875 0.7616666666666666 0.7550000000000001 0.7474999999999999 0.75375 0.7416666666666667 0.7506250000000001 0.7333333333333333 0.7518750000000001 0.7241666666666666 0.7662500000000001 0.72 0.7681250000000001 0.7224999999999999 0.778125 0.7191666666666666 0.7887500000000001
0 0.6391666666666667 0.744375 0.6475 0.745 0.6508333333333333 0.7412500000000001 0.6641666666666667 0.74 0.6683333333333333 0.743125 0.6833333333333333 0.743125 0.7066666666666667 0.75 0.7133333333333333 0.75625 0.7233333333333334 0.74875 0.7266666666666667 0.73125 0.7233333333333334 0.725 0.7133333333333333 0.725 0.6950000000000001 0.7212500000000001 0.6783333333333333 0.713125 0.6716666666666666 0.7050000000000001 0.6641666666666667 0.706875 0.6541666666666667 0.701875 0.6508333333333333 0.7025 0.6483333333333333 0.6975 0.645 0.6993750000000001 0.6366666666666666 0.7225 0.6358333333333334 0.738125 0.6391666666666667 0.744375
0 0.7891666666666667 0.60625 0.7833333333333333 0.6118750000000001 0.7758333333333333 0.6125 0.7675 0.6168750000000001 0.7633333333333333 0.6162500000000001 0.7649999999999999 0.62 0.7675 0.6175 0.7725 0.619375 0.7683333333333333 0.62625 0.7758333333333333 0.630625 0.78 0.6300000000000001 0.7925 0.6362500000000001 0.8 0.635625 0.8091666666666667 0.640625 0.8166666666666667 0.63875 0.8233333333333333 0.6425000000000001 0.8316666666666667 0.640625 0.8416666666666666 0.64625 0.8508333333333333 0.644375 0.8591666666666666 0.6456250000000001 0.8775000000000001 0.6368750000000001 0.8766666666666666 0.6300000000000001 0.8833333333333334 0.615 0.8766666666666666 0.615 0.8699999999999999 0.6100000000000001 0.8616666666666667 0.610625 0.8541666666666666 0.606875 0.8441666666666666 0.608125 0.835 0.601875 0.825 0.6050000000000001 0.8166666666666667 0.6 0.8066666666666666 0.601875 0.8 0.6056250000000001 0.7925 0.601875 0.7933333333333333 0.60625 0.7891666666666667 0.60625
0 0.8033333333333333 0.6006250000000001 0.8041666666666666 0.5987500000000001 0.8 0.598125 0.7975 0.599375 0.8033333333333333 0.6006250000000001
0 0.6441666666666667 0.60625 0.645 0.601875 0.6391666666666667 0.6006250000000001 0.6375 0.6025 0.6441666666666667 0.60625
0 0.6266666666666667 0.590625 0.63 0.588125 0.625 0.584375 0.6233333333333333 0.5875 0.6266666666666667 0.590625
0 0.5591666666666667 0.7025 0.575 0.704375 0.5900000000000001 0.711875 0.5958333333333333 0.716875 0.5966666666666667 0.728125 0.6025 0.73375 0.6266666666666667 0.7375 0.6266666666666667 0.734375 0.62 0.7325 0.6141666666666666 0.726875 0.6216666666666667 0.7225 0.63 0.724375 0.6341666666666667 0.7206250000000001 0.6375 0.7100000000000001 0.6358333333333334 0.70625 0.64 0.703125 0.6458333333333333 0.6793750000000001 0.6441666666666667 0.6681250000000001 0.6491666666666667 0.65125 0.6458333333333333 0.63125 0.6475 0.625 0.6533333333333333 0.61875 0.6466666666666667 0.6118750000000001 0.63 0.6118750000000001 0.6275000000000001 0.6100000000000001 0.6316666666666666 0.6006250000000001 0.6241666666666666 0.5943750000000001 0.6266666666666667 0.5925 0.615 0.59375 0.6075 0.591875 0.61 0.588125 0.6166666666666667 0.5850000000000001 0.6125 0.5831250000000001 0.605 0.584375 0.6041666666666667 0.58875 0.5966666666666667 0.5893750000000001 0.595 0.59125 0.5883333333333333 0.5875 0.585 0.586875 0.5825 0.58875 0.5766666666666667 0.6012500000000001 0.5758333333333333 0.6125 0.5691666666666666 0.623125 0.5658333333333333 0.65375 0.5566666666666666 0.6768750000000001 0.5558333333333334 0.6893750000000001 0.5591666666666667 0.7025
0 0.7125 0.8768750000000001 0.7583333333333333 0.890625 0.7616666666666666 0.89375 0.7791666666666667 0.900625 0.7899999999999999 0.9012500000000001 0.8066666666666666 0.88375 0.8175000000000001 0.865625 0.8266666666666665 0.835 0.8300000000000001 0.8081250000000001 0.8275 0.806875 0.8066666666666666 0.81875 0.7816666666666666 0.8150000000000001 0.7541666666666667 0.8087500000000001 0.745 0.803125 0.7233333333333334 0.8 0.7166666666666667 0.80375 0.7191666666666666 0.806875 0.71 0.8168750000000001 0.7008333333333333 0.83375 0.6991666666666666 0.869375 0.7125 0.8768750000000001
0 0.72 0.715625 0.7224999999999999 0.713125 0.7158333333333333 0.7106250000000001 0.715 0.7150000000000001 0.72 0.715625
0 0.70234375 0.70625 0.0015625 0.0015625
0 0.6541666666666667 0.6475000000000001 0.6575 0.6575 0.6541666666666667 0.6681250000000001 0.6566666666666666 0.680625 0.6733333333333333 0.68875 0.6775 0.6925000000000001 0.6733333333333333 0.6993750000000001 0.6799999999999999 0.7 0.6858333333333333 0.704375 0.6916666666666667 0.703125 0.69 0.6950000000000001 0.6958333333333333 0.6943750000000001 0.7008333333333333 0.696875 0.7024999999999999 0.700625 0.71 0.6993750000000001 0.72 0.7025 0.7233333333333334 0.7075 0.7308333333333333 0.7050000000000001 0.7383333333333333 0.6993750000000001 0.7408333333333333 0.6943750000000001 0.7408333333333333 0.6831250000000001 0.745 0.671875 0.7466666666666667 0.65625 0.7516666666666667 0.6475000000000001 0.7516666666666667 0.613125 0.7383333333333333 0.6075 0.7258333333333333 0.606875 0.7166666666666667 0.603125 0.71 0.603125 0.705 0.6 0.6966666666666667 0.6 0.6825 0.59375 0.6691666666666667 0.593125 0.6649999999999999 0.5956250000000001 0.6658333333333333 0.60625 0.6599999999999999 0.618125 0.6608333333333334 0.62625 0.6541666666666667 0.6475000000000001
0 0.6875 0.86625 0.6933333333333334 0.865 0.6933333333333334 0.859375 0.6966666666666667 0.8568749999999999 0.7008333333333333 0.8412499999999999 0.7008333333333333 0.8331250000000001 0.6991666666666666 0.8243750000000001 0.6883333333333332 0.8162499999999999 0.6791666666666667 0.8125 0.6491666666666667 0.8075000000000001 0.6433333333333333 0.803125 0.6341666666666667 0.8006249999999999 0.625 0.8025 0.6191666666666666 0.8162499999999999 0.6183333333333334 0.838125 0.6875 0.86625
0 0.7683333333333333 0.6775 0.7725 0.67625 0.7725 0.6743750000000001 0.7683333333333333 0.6737500000000001 0.7658333333333334 0.675 0.7683333333333333 0.6775
0 0.7266666666666667 0.7862500000000001 0.7333333333333333 0.789375 0.7408333333333333 0.7881250000000001 0.755 0.7975000000000001 0.7658333333333334 0.7987500000000001 0.7725 0.805 0.7791666666666667 0.805 0.7858333333333334 0.809375 0.7883333333333333 0.806875 0.795 0.806875 0.8 0.798125 0.8191666666666666 0.7993750000000001 0.8266666666666665 0.795625 0.8341666666666667 0.79125 0.845 0.76 0.8625 0.700625 0.8625 0.686875 0.85 0.698125 0.8400000000000001 0.7037500000000001 0.8358333333333332 0.7143750000000001 0.8066666666666666 0.71125 0.76 0.69625 0.7575000000000001 0.68875 0.7616666666666666 0.684375 0.7575000000000001 0.6793750000000001 0.7641666666666667 0.675 0.76 0.67625 0.76 0.673125 0.7541666666666667 0.67125 0.7583333333333333 0.6681250000000001 0.7516666666666667 0.66625 0.7483333333333333 0.6737500000000001 0.7483333333333333 0.68 0.7508333333333332 0.681875 0.7474999999999999 0.684375 0.7483333333333333 0.690625 0.7366666666666666 0.7143750000000001 0.7325 0.738125 0.7325 0.755625 0.7291666666666667 0.7618750000000001 0.7341666666666666 0.779375 0.7266666666666667 0.7862500000000001
0 0.3375 0.73375 0.35416666666666663 0.738125 0.37416666666666665 0.748125 0.38333333333333336 0.748125 0.38583333333333336 0.7425 0.39 0.7412500000000001 0.3908333333333333 0.73875 0.39166666666666666 0.715625 0.4033333333333333 0.6568750000000001 0.4025 0.641875 0.4091666666666667 0.6268750000000001 0.4058333333333334 0.6143750000000001 0.3975 0.60875 0.39 0.608125 0.38166666666666665 0.604375 0.3716666666666667 0.60625 0.36583333333333334 0.6025 0.35833333333333334 0.601875 0.3591666666666667 0.6056250000000001 0.355 0.60875 0.3491666666666667 0.6256250000000001 0.335 0.6987500000000001 0.33416666666666667 0.7306250000000001 0.3375 0.73375
0 0.4175 0.6212500000000001 0.41916666666666663 0.6375 0.43583333333333335 0.6431250000000001 0.4425 0.6475000000000001 0.4425 0.654375 0.4458333333333333 0.6581250000000001 0.45666666666666667 0.659375 0.4625 0.6625 0.47333333333333333 0.6612500000000001 0.47750000000000004 0.655 0.48166666666666663 0.633125 0.48916666666666664 0.6162500000000001 0.4925 0.5537500000000001 0.47833333333333333 0.5475000000000001 0.46333333333333326 0.545 0.4508333333333333 0.545625 0.4383333333333333 0.54 0.43499999999999994 0.54125 0.4333333333333333 0.5475000000000001 0.42416666666666664 0.56 0.42416666666666664 0.57625 0.4208333333333333 0.58875 0.4216666666666667 0.604375 0.4175 0.6212500000000001
0 0.33166666666666667 0.728125 0.33416666666666667 0.7325 0.3725 0.748125 0.38333333333333336 0.749375 0.3933333333333333 0.74 0.39416666666666667 0.735625 0.3933333333333333 0.709375 0.3975 0.6787500000000001 0.39583333333333337 0.654375 0.375 0.6481250000000001 0.365 0.6425000000000001 0.3591666666666667 0.6425000000000001 0.3491666666666667 0.63875 0.3408333333333333 0.6637500000000001 0.33416666666666667 0.6987500000000001 0.33166666666666667 0.71875 0.33166666666666667 0.728125
0 0.3525 0.6268750000000001 0.36 0.62625 0.3625 0.623125 0.35833333333333334 0.6225 0.35583333333333333 0.619375 0.3516666666666667 0.623125 0.3525 0.6268750000000001
0 0.6558333333333334 0.7412500000000001 0.6525 0.740625 0.6541666666666667 0.7425 0.6558333333333334 0.7412500000000001
0 0.5391666666666667 0.79 0.5391666666666667 0.806875 0.5425 0.8106250000000002 0.5491666666666666 0.81125 0.5608333333333333 0.8175000000000001 0.615 0.83625 0.6358333333333334 0.8456250000000001 0.6599999999999999 0.8525 0.6649999999999999 0.8556250000000001 0.6716666666666666 0.85625 0.6841666666666667 0.8625 0.6891666666666667 0.8625 0.6883333333333332 0.85875 0.6958333333333333 0.8462500000000001 0.6966666666666667 0.826875 0.7008333333333333 0.82125 0.7008333333333333 0.811875 0.71 0.798125 0.7091666666666667 0.7862500000000001 0.7125 0.77375 0.7058333333333333 0.7618750000000001 0.7108333333333333 0.758125 0.7075 0.754375 0.6858333333333333 0.74375 0.6691666666666667 0.740625 0.6625 0.744375 0.6616666666666666 0.740625 0.6591666666666667 0.7412500000000001 0.6649999999999999 0.7475 0.6649999999999999 0.7518750000000001 0.6616666666666666 0.755625 0.6575 0.755625 0.6541666666666667 0.7525000000000001 0.6441666666666667 0.7525000000000001 0.6366666666666666 0.75625 0.6333333333333333 0.7418750000000001 0.6283333333333333 0.73875 0.6216666666666667 0.7393750000000001 0.6191666666666666 0.7375 0.6183333333333334 0.733125 0.6208333333333333 0.7306250000000001 0.6158333333333333 0.7225 0.6125 0.7225 0.605 0.731875 0.6008333333333333 0.73125 0.5933333333333334 0.725 0.5941666666666666 0.71625 0.5908333333333333 0.713125 0.585 0.709375 0.5741666666666666 0.7106250000000001 0.5641666666666667 0.7050000000000001 0.5608333333333333 0.709375 0.5641666666666667 0.71375 0.5516666666666666 0.725 0.545 0.763125 0.5416666666666667 0.76875 0.5433333333333333 0.779375 0.5391666666666667 0.79
0 0.6183333333333334 0.796875 0.6216666666666667 0.806875 0.6216666666666667 0.838125 0.6366666666666666 0.8456250000000001 0.6708333333333333 0.85625 0.6825 0.8625 0.69 0.8631249999999999 0.69 0.85875 0.7 0.840625 0.7008333333333333 0.826875 0.7108333333333333 0.8087500000000001 0.7158333333333333 0.79375 0.7175 0.76875 0.72 0.765625 0.7183333333333334 0.758125 0.7241666666666666 0.7506250000000001 0.7241666666666666 0.744375 0.7175 0.7300000000000001 0.7108333333333333 0.7256250000000001 0.6891666666666667 0.7225 0.6816666666666666 0.7175 0.6649999999999999 0.7125 0.6608333333333334 0.713125 0.6475 0.7037500000000001 0.6391666666666667 0.7225 0.6375 0.7375 0.6325000000000001 0.744375 0.63 0.758125 0.6224999999999999 0.77 0.6224999999999999 0.789375 0.6183333333333334 0.796875
0 0.49749999999999994 0.79625 0.5325 0.80375 0.5383333333333333 0.7575000000000001 0.5383333333333333 0.73375 0.5441666666666667 0.726875 0.5483333333333333 0.71125 0.5466666666666666 0.6993750000000001 0.5516666666666666 0.68625 0.5525 0.6612500000000001 0.5608333333333333 0.65 0.5650000000000001 0.6025 0.5599999999999999 0.5856250000000001 0.5616666666666666 0.58125 0.5575 0.578125 0.5599999999999999 0.570625 0.5566666666666666 0.568125 0.55 0.570625 0.5458333333333333 0.566875 0.5433333333333333 0.57125 0.5358333333333334 0.57125 0.5325 0.56875 0.5083333333333333 0.5643750000000001 0.5041666666666667 0.56625 0.49833333333333335 0.5737500000000001 0.49083333333333334 0.6175 0.485 0.6300000000000001 0.485 0.639375 0.48083333333333333 0.65 0.48166666666666663 0.669375 0.475 0.69625 0.47000000000000003 0.7056250000000001 0.4725 0.716875 0.465 0.749375 0.4658333333333333 0.7825 0.49749999999999994 0.79625
0 0.72 0.7881250000000001 0.7216666666666667 0.8 0.7375 0.806875 0.7608333333333334 0.81125 0.8 0.825 0.8141666666666666 0.8243750000000001 0.8175000000000001 0.828125 0.8283333333333334 0.818125 0.8591666666666666 0.711875 0.8625 0.691875 0.8583333333333334 0.691875 0.8416666666666666 0.7056250000000001 0.8425 0.7100000000000001 0.8400000000000001 0.7125 0.8316666666666667 0.7150000000000001 0.8225 0.711875 0.805 0.71125 0.7825 0.7050000000000001 0.7608333333333334 0.698125 0.7508333333333332 0.6900000000000001 0.7366666666666666 0.71375 0.7291666666666667 0.7575000000000001 0.7233333333333334 0.77125 0.7241666666666666 0.779375 0.72 0.7881250000000001
0 0.7508333333333332 0.6875 0.755 0.685625 0.7508333333333332 0.684375 0.7483333333333333 0.685 0.7508333333333332 0.6875
0 0.7491666666666666 0.67625 0.7516666666666667 0.6787500000000001 0.7575000000000001 0.675 0.7541666666666667 0.6737500000000001 0.7533333333333333 0.6681250000000001 0.7508333333333332 0.6681250000000001 0.7525 0.6725000000000001 0.7491666666666666 0.67625
0 0.7649999999999999 0.8525 0.7733333333333333 0.851875 0.77 0.850625 0.7649999999999999 0.850625 0.7649999999999999 0.8525
0 0.7541666666666667 0.8474999999999999 0.755 0.844375 0.75 0.84375 0.7483333333333333 0.8450000000000001 0.7541666666666667 0.8474999999999999
0 0.705 0.8331250000000001 0.7075 0.8375 0.7191666666666666 0.8375 0.7358333333333333 0.84375 0.745 0.843125 0.7483333333333333 0.838125 0.7591666666666667 0.8400000000000001 0.7716666666666667 0.844375 0.7791666666666667 0.849375 0.7833333333333333 0.859375 0.7899999999999999 0.8612500000000001 0.7966666666666666 0.8575000000000002 0.8 0.86 0.8025 0.858125 0.8091666666666667 0.85875 0.82 0.849375 0.8266666666666665 0.83375 0.8283333333333334 0.8143750000000001 0.8183333333333334 0.8162499999999999 0.8108333333333333 0.820625 0.8058333333333334 0.820625 0.7991666666666666 0.8175000000000001 0.7841666666666667 0.8175000000000001 0.7641666666666667 0.8106250000000002 0.7541666666666667 0.809375 0.7474999999999999 0.805625 0.7216666666666667 0.8 0.7141666666666666 0.803125 0.7125 0.8106250000000002 0.7058333333333333 0.819375 0.7083333333333333 0.8275 0.705 0.8331250000000001
0 0.6033333333333333 0.7306250000000001 0.605 0.7275 0.6 0.7262500000000001 0.5983333333333334 0.726875 0.6033333333333333 0.7306250000000001
0 0.61328125 0.715625 0.00234375 0.00078125
0 0.5650000000000001 0.69125 0.5683333333333334 0.6925000000000001 0.5633333333333332 0.6900000000000001 0.5633333333333332 0.693125 0.5650000000000001 0.69125
0 0.5641666666666667 0.6837500000000001 0.5616666666666666 0.684375 0.5633333333333332 0.6881250000000001 0.5641666666666667 0.6837500000000001
0 0.5599999999999999 0.671875 0.5599999999999999 0.68 0.5683333333333334 0.680625 0.575 0.6837500000000001 0.58 0.68875 0.5783333333333334 0.695625 0.5833333333333333 0.70125 0.6091666666666666 0.70875 0.6125 0.7125 0.6191666666666666 0.713125 0.625 0.71125 0.63 0.716875 0.63 0.7206250000000001 0.6333333333333333 0.7206250000000001 0.6341666666666667 0.70625 0.64 0.701875 0.6408333333333334 0.6950000000000001 0.6491666666666667 0.678125 0.6475 0.6675000000000001 0.6516666666666666 0.6568750000000001 0.6491666666666667 0.6325000000000001 0.65 0.6300000000000001 0.6541666666666667 0.62875 0.6566666666666666 0.6206250000000001 0.655 0.6012500000000001 0.6591666666666667 0.5962500000000001 0.6575 0.5925 0.6266666666666667 0.581875 0.6216666666666667 0.5825 0.5991666666666666 0.5775 0.5933333333333334 0.578125 0.5841666666666667 0.575 0.58 0.578125 0.5775 0.591875 0.5741666666666666 0.595 0.5666666666666667 0.629375 0.5658333333333333 0.654375 0.5599999999999999 0.671875
0 0.5008333333333332 0.593125 0.5166666666666667 0.593125 0.5599999999999999 0.60625 0.5650000000000001 0.60375 0.5675 0.5956250000000001 0.5741666666666666 0.591875 0.5725 0.5743750000000001 0.5700000000000001 0.571875 0.5566666666666666 0.5643750000000001 0.5358333333333334 0.56125 0.5083333333333333 0.553125 0.5008333333333332 0.5537500000000001 0.49749999999999994 0.5575 0.4966666666666667 0.581875 0.5008333333333332 0.593125
0 0.5416666666666667 0.5487500000000001 0.5391666666666667 0.5543750000000001 0.5433333333333333 0.55625 0.5491666666666666 0.5537500000000001 0.5441666666666667 0.55 0.5508333333333333 0.54625 0.5466666666666666 0.548125 0.5466666666666666 0.5431250000000001 0.5408333333333333 0.5431250000000001 0.5391666666666667 0.545 0.5383333333333333 0.546875 0.5416666666666667 0.5487500000000001
0 0.3683333333333333 0.5800000000000001 0.38 0.579375 0.4 0.5856250000000001 0.41083333333333333 0.58625 0.41916666666666663 0.5737500000000001 0.42000000000000004 0.555 0.42416666666666664 0.539375 0.4116666666666666 0.5325 0.39416666666666667 0.530625 0.38166666666666665 0.525625 0.36583333333333334 0.525 0.3625 0.52875 0.3575 0.5575 0.35833333333333334 0.5737500000000001 0.3683333333333333 0.5800000000000001
0 0.7424999999999999 0.7625 0.7483333333333333 0.7575000000000001 0.7583333333333333 0.7568750000000001 0.7616666666666666 0.759375 0.7758333333333333 0.7612500000000001 0.7816666666666666 0.765625 0.8058333333333334 0.76875 0.8216666666666667 0.775 0.8233333333333333 0.779375 0.8258333333333333 0.78 0.8275 0.775 0.8383333333333333 0.7725000000000001 0.8383333333333333 0.76875 0.845 0.7612500000000001 0.8516666666666666 0.73375 0.845 0.733125 0.8416666666666666 0.740625 0.8358333333333332 0.744375 0.8166666666666667 0.744375 0.7825 0.7325 0.7758333333333333 0.7325 0.7691666666666667 0.729375 0.7591666666666667 0.729375 0.7375 0.7237500000000001 0.7333333333333333 0.726875 0.73 0.7375 0.7325 0.7618750000000001 0.7424999999999999 0.7625
0 0.6991666666666666 0.8556250000000001 0.6991666666666666 0.869375 0.7125 0.8768750000000001 0.7491666666666666 0.8875 0.7791666666666667 0.900625 0.7899999999999999 0.9012500000000001 0.8141666666666666 0.8731250000000002 0.8308333333333333 0.8162499999999999 0.8324999999999999 0.80375 0.8266666666666665 0.8 0.8266666666666665 0.796875 0.8324999999999999 0.7987500000000001 0.8333333333333334 0.795625 0.8308333333333333 0.794375 0.8158333333333333 0.803125 0.8 0.7975000000000001 0.7858333333333334 0.7975000000000001 0.7833333333333333 0.7931250000000001 0.7758333333333333 0.794375 0.7716666666666667 0.7993750000000001 0.7625 0.8 0.7575000000000001 0.79375 0.7458333333333333 0.79375 0.7408333333333333 0.7875 0.7375 0.789375 0.7241666666666666 0.7881250000000001 0.7208333333333333 0.79625 0.7133333333333333 0.80375 0.7141666666666666 0.8099999999999999 0.7008333333333333 0.8325000000000001 0.7024999999999999 0.8487500000000001 0.6991666666666666 0.8556250000000001
0 0.755 0.790625 0.7558333333333334 0.7825 0.7508333333333332 0.78125 0.7491666666666666 0.7862500000000001 0.755 0.790625
0 0.72 0.79 0.7224999999999999 0.7993750000000001 0.7375 0.806875 0.7616666666666666 0.81125 0.8 0.825 0.8133333333333332 0.8262500000000002 0.8175000000000001 0.82875 0.8225 0.8262500000000002 0.8275 0.821875 0.8366666666666667 0.791875 0.8591666666666666 0.71125 0.86 0.6975 0.8574999999999999 0.696875 0.8525 0.7 0.8525 0.7025 0.8458333333333334 0.7075 0.8441666666666666 0.71375 0.835 0.718125 0.8308333333333333 0.718125 0.8183333333333334 0.7125 0.8058333333333334 0.7125 0.7616666666666666 0.70125 0.7541666666666667 0.6943750000000001 0.7483333333333333 0.6950000000000001 0.7383333333333333 0.7143750000000001 0.7308333333333333 0.7418750000000001 0.7291666666666667 0.758125 0.7233333333333334 0.77125 0.7241666666666666 0.78 0.72 0.79
0 0.7828125 0.85546875 0.00078125 0.0015625
0 0.7716666666666667 0.8525 0.7666666666666667 0.849375 0.7649999999999999 0.8525 0.7716666666666667 0.8525
0 0.7166666666666667 0.8275 0.7158333333333333 0.83125 0.7108333333333333 0.835 0.7233333333333334 0.836875 0.73 0.8331250000000001 0.7366666666666666 0.8418750000000002 0.7408333333333333 0.8418750000000002 0.7433333333333334 0.834375 0.7508333333333332 0.835 0.7791666666666667 0.846875 0.7825 0.850625 0.7891666666666667 0.8512500000000001 0.8 0.86 0.8058333333333334 0.86 0.8099999999999999 0.8556250000000001 0.8099999999999999 0.851875 0.8166666666666667 0.85 0.8208333333333334 0.8462500000000001 0.8208333333333334 0.8400000000000001 0.8241666666666667 0.8375 0.835 0.7987500000000001 0.8383333333333333 0.769375 0.8308333333333333 0.77625 0.8233333333333333 0.775625 0.8216666666666667 0.7881250000000001 0.8150000000000001 0.796875 0.7975 0.794375 0.7866666666666666 0.79 0.7758333333333333 0.7887500000000001 0.7716666666666667 0.7831250000000001 0.7649999999999999 0.784375 0.7608333333333334 0.78125 0.7541666666666667 0.77375 0.7516666666666667 0.7662500000000001 0.7541666666666667 0.764375 0.76 0.765 0.7658333333333334 0.75875 0.7533333333333333 0.7568750000000001 0.7491666666666666 0.75375 0.7508333333333332 0.7518750000000001 0.7483333333333333 0.75375 0.745 0.7506250000000001 0.7441666666666666 0.7425 0.7341666666666666 0.7425 0.73 0.7568750000000001 0.7316666666666667 0.7618750000000001 0.725 0.765625 0.72 0.775625 0.7224999999999999 0.779375 0.7216666666666667 0.7837500000000001 0.7133333333333333 0.8 0.7108333333333333 0.8106250000000002 0.7108333333333333 0.8237500000000001 0.7166666666666667 0.8275
0 0.7583333333333333 0.7325 0.7558333333333334 0.73375 0.7583333333333333 0.7368750000000001 0.7583333333333333 0.7325
0 0.5941666666666666 0.8293750000000001 0.605 0.8318749999999999 0.6125 0.8293750000000001 0.6125 0.8018750000000001 0.62 0.7862500000000001 0.6208333333333333 0.7612500000000001 0.6258333333333332 0.7568750000000001 0.6291666666666667 0.7462500000000001 0.6283333333333333 0.734375 0.6325000000000001 0.7081250000000001 0.62 0.6987500000000001 0.5875 0.68875 0.5816666666666667 0.685 0.58 0.678125 0.5641666666666667 0.670625 0.5616666666666666 0.671875 0.5625 0.67625 0.5583333333333333 0.68125 0.5566666666666666 0.6900000000000001 0.55 0.6993750000000001 0.55 0.704375 0.5541666666666667 0.7100000000000001 0.5491666666666666 0.72 0.5483333333333333 0.738125 0.5425 0.749375 0.5433333333333333 0.75625 0.54 0.76875 0.5391666666666667 0.8081250000000001 0.5941666666666666 0.8293750000000001
0 0.8166666666666667 0.6893750000000001 0.8108333333333333 0.6825 0.8091666666666667 0.6831250000000001 0.8083333333333333 0.6893750000000001 0.8166666666666667 0.6893750000000001
0 0.73 0.7618750000000001 0.7325 0.76875 0.7416666666666667 0.7706250000000001 0.7441666666666666 0.775 0.75 0.7768750000000001 0.7516666666666667 0.775625 0.7491666666666666 0.7706250000000001 0.7458333333333333 0.76875 0.7525 0.7681250000000001 0.7641666666666667 0.7831250000000001 0.7725 0.789375 0.7683333333333333 0.7925000000000001 0.7691666666666667 0.79625 0.7725 0.795 0.7733333333333333 0.789375 0.7775 0.7881250000000001 0.8133333333333332 0.7975000000000001 0.8225 0.791875 0.8283333333333334 0.7931250000000001 0.835 0.7881250000000001 0.845 0.7625 0.8658333333333333 0.684375 0.8666666666666666 0.678125 0.8625 0.6743750000000001 0.8691666666666666 0.671875 0.8691666666666666 0.6675000000000001 0.8583333333333334 0.675 0.8550000000000001 0.6787500000000001 0.8558333333333333 0.681875 0.8491666666666667 0.68875 0.8458333333333334 0.690625 0.8416666666666666 0.68875 0.8391666666666666 0.6900000000000001 0.8341666666666667 0.701875 0.8241666666666667 0.7 0.8175000000000001 0.7025 0.8133333333333332 0.701875 0.8025 0.681875 0.8 0.6831250000000001 0.7975 0.6787500000000001 0.7975 0.67625 0.8 0.675625 0.7975 0.673125 0.8008333333333333 0.66875 0.7991666666666666 0.665 0.7775 0.6631250000000001 0.7641666666666667 0.660625 0.7591666666666667 0.6575 0.755 0.6581250000000001 0.7474999999999999 0.671875 0.7466666666666667 0.6950000000000001 0.7408333333333333 0.70625 0.7316666666666667 0.740625 0.7333333333333333 0.7550000000000001 0.73 0.7618750000000001
0 0.39666666666666667 0.7550000000000001 0.41083333333333333 0.763125 0.44333333333333336 0.775625 0.45583333333333337 0.77625 0.45583333333333337 0.7575000000000001 0.46749999999999997 0.7175 0.4691666666666666 0.684375 0.4766666666666667 0.67125 0.47833333333333333 0.63375 0.4833333333333333 0.62625 0.4875 0.6125 0.49083333333333334 0.555625 0.48583333333333334 0.55 0.4758333333333333 0.54625 0.4525 0.5425000000000001 0.4458333333333333 0.539375 0.4325 0.54 0.43083333333333335 0.5493750000000001 0.42416666666666664 0.56 0.4225 0.60625 0.41583333333333333 0.62375 0.4125 0.6481250000000001 0.40083333333333326 0.685625 0.3975 0.711875 0.39499999999999996 0.74875 0.39666666666666667 0.7550000000000001
0 0.5666666666666667 0.82125 0.6125 0.834375 0.6158333333333333 0.8262500000000002 0.6141666666666666 0.8006249999999999 0.6174999999999999 0.775625 0.6158333333333333 0.765625 0.6116666666666666 0.7612500000000001 0.6158333333333333 0.7550000000000001 0.6158333333333333 0.75 0.6075 0.746875 0.5983333333333334 0.738125 0.5941666666666666 0.7375 0.5916666666666667 0.73125 0.5841666666666667 0.7256250000000001 0.5758333333333333 0.724375 0.5741666666666666 0.7212500000000001 0.5599999999999999 0.72 0.5533333333333333 0.7237500000000001 0.5508333333333333 0.738125 0.5425 0.749375 0.5425 0.7618750000000001 0.5383333333333333 0.76875 0.5383333333333333 0.8087500000000001 0.5666666666666667 0.82125
0 0.5808333333333333 0.72 0.5833333333333333 0.716875 0.5808333333333333 0.71375 0.575 0.715625 0.575 0.718125 0.5808333333333333 0.72
0 0.6183333333333334 0.795625 0.62 0.838125 0.6358333333333334 0.8456250000000001 0.6891666666666667 0.8643750000000001 0.6958333333333333 0.8556250000000001 0.7008333333333333 0.8393750000000001 0.7008333333333333 0.8275 0.7041666666666667 0.820625 0.705 0.8099999999999999 0.7091666666666667 0.80625 0.7108333333333333 0.8 0.7108333333333333 0.790625 0.715 0.779375 0.7125 0.755625 0.7041666666666667 0.75 0.6866666666666666 0.74375 0.6675 0.7393750000000001 0.6458333333333333 0.7375 0.6475 0.740625 0.6433333333333333 0.7425 0.6416666666666667 0.75 0.6366666666666666 0.754375 0.6333333333333333 0.754375 0.6308333333333334 0.76375 0.625 0.769375 0.6233333333333333 0.7875 0.6183333333333334 0.795625
0 0.42750000000000005 0.5925 0.45499999999999996 0.6012500000000001 0.45999999999999996 0.6056250000000001 0.45583333333333337 0.60875 0.4666666666666667 0.615625 0.47000000000000003 0.623125 0.47333333333333333 0.619375 0.48083333333333333 0.619375 0.48250000000000004 0.60875 0.48916666666666664 0.599375 0.495 0.553125 0.47750000000000004 0.545625 0.45583333333333337 0.5425000000000001 0.44749999999999995 0.539375 0.43499999999999994 0.5387500000000001 0.425 0.555625 0.4225 0.5675000000000001 0.42750000000000005 0.5925
0 0.41083333333333333 0.763125 0.4258333333333333 0.7675000000000001 0.4408333333333333 0.775 0.4525 0.775625 0.4533333333333333 0.758125 0.4575 0.75125 0.46416666666666667 0.726875 0.46416666666666667 0.7056250000000001 0.46749999999999997 0.6987500000000001 0.47000000000000003 0.664375 0.45999999999999996 0.6612500000000001 0.45999999999999996 0.654375 0.45583333333333337 0.650625 0.4341666666666667 0.64 0.4333333333333333 0.633125 0.4291666666666667 0.6300000000000001 0.41833333333333333 0.6300000000000001 0.41833333333333333 0.6368750000000001 0.4091666666666667 0.665625 0.40166666666666667 0.6793750000000001 0.4 0.7037500000000001 0.39583333333333337 0.7193750000000001 0.39583333333333337 0.754375 0.41083333333333333 0.763125
0 0.3591666666666667 0.6075 0.37583333333333335 0.61375 0.38583333333333336 0.613125 0.3908333333333333 0.6175 0.39583333333333337 0.615625 0.39416666666666667 0.6118750000000001 0.40166666666666667 0.6112500000000001 0.40750000000000003 0.61375 0.41 0.6118750000000001 0.4175 0.5956250000000001 0.42000000000000004 0.575 0.41916666666666663 0.5425000000000001 0.4166666666666667 0.5387500000000001 0.41083333333333333 0.54 0.39166666666666666 0.5381250000000001 0.3725 0.5325 0.365 0.535 0.35666666666666663 0.56625 0.355 0.58875 0.35583333333333333 0.609375 0.3591666666666667 0.6075
0 0.46333333333333326 0.763125 0.4658333333333333 0.7825 0.5008333333333332 0.796875 0.5291666666666667 0.8025 0.5325 0.7993750000000001 0.5325 0.77625 0.5375 0.759375 0.5391666666666667 0.73375 0.545 0.725 0.545 0.6987500000000001 0.5475 0.6925000000000001 0.5416666666666667 0.684375 0.5408333333333333 0.6787500000000001 0.5291666666666667 0.67 0.5225 0.6681250000000001 0.5225 0.661875 0.5158333333333334 0.6568750000000001 0.515 0.65375 0.5116666666666666 0.65625 0.5025000000000001 0.653125 0.49083333333333334 0.653125 0.48666666666666664 0.655625 0.47833333333333333 0.6768750000000001 0.4758333333333333 0.6943750000000001 0.4716666666666667 0.701875 0.47333333333333333 0.7150000000000001 0.46749999999999997 0.7300000000000001 0.4658333333333333 0.75875 0.46333333333333326 0.763125
0 0.35833333333333334 0.5787500000000001 0.3625 0.578125 0.36916666666666664 0.581875 0.38 0.5800000000000001 0.41083333333333333 0.5893750000000001 0.42000000000000004 0.5743750000000001 0.4208333333333333 0.555 0.425 0.54 0.4116666666666666 0.5325 0.39499999999999996 0.530625 0.38166666666666665 0.525625 0.36583333333333334 0.525625 0.3625 0.52875 0.35583333333333333 0.56375 0.35833333333333334 0.5787500000000001
0 0.7158333333333333 0.8800000000000001 0.7333333333333333 0.884375 0.7758333333333333 0.9012500000000001 0.7875 0.9037499999999999 0.7933333333333333 0.9012500000000001 0.8141666666666666 0.8762500000000001 0.82 0.858125 0.8175000000000001 0.8556250000000001 0.8058333333333334 0.8631249999999999 0.8 0.8631249999999999 0.7858333333333334 0.8731250000000002 0.7825 0.8706250000000001 0.775 0.8706250000000001 0.7658333333333334 0.8637500000000001 0.7516666666666667 0.858125 0.7333333333333333 0.85625 0.7208333333333333 0.850625 0.71 0.849375 0.7033333333333334 0.853125 0.6975 0.865 0.6966666666666667 0.8700000000000001 0.7158333333333333 0.8800000000000001
0 0.4841666666666667 0.64375 0.4841666666666667 0.654375 0.49916666666666665 0.6568750000000001 0.5058333333333334 0.6612500000000001 0.5183333333333333 0.664375 0.5216666666666667 0.670625 0.5358333333333334 0.6787500000000001 0.5358333333333334 0.685 0.5441666666666667 0.685625 0.55 0.6793750000000001 0.5533333333333333 0.6587500000000001 0.5616666666666666 0.649375 0.5641666666666667 0.6412500000000001 0.5650000000000001 0.62 0.5691666666666666 0.599375 0.5658333333333333 0.591875 0.5666666666666667 0.581875 0.5633333333333332 0.570625 0.5575 0.566875 0.5358333333333334 0.56625 0.5291666666666667 0.56375 0.5191666666666667 0.5643750000000001 0.52 0.560625 0.5116666666666666 0.560625 0.5083333333333333 0.556875 0.5016666666666667 0.559375 0.48583333333333334 0.633125 0.4875 0.640625 0.4841666666666667 0.64375
0 0.755 0.7325 0.7558333333333334 0.7375 0.76 0.7412500000000001 0.7666666666666667 0.740625 0.7641666666666667 0.7350000000000001 0.7658333333333334 0.733125 0.775 0.735625 0.7849999999999999 0.735625 0.8 0.7418750000000001 0.8041666666666666 0.7456250000000001 0.8150000000000001 0.746875 0.8225 0.7550000000000001 0.8275 0.75875 0.8308333333333333 0.75875 0.8366666666666667 0.7550000000000001 0.85 0.738125 0.8608333333333332 0.7050000000000001 0.8541666666666666 0.701875 0.8569726656990808 0.6992443759071119 0.75 0.695625 0.7441666666666666 0.6987500000000001 0.735 0.7143750000000001 0.7366666666666666 0.7306250000000001 0.7424999999999999 0.7306250000000001 0.7466666666666667 0.73375 0.755 0.7325
0 0.64 0.755625 0.6508333333333333 0.75375 0.6608333333333334 0.7575000000000001 0.6675 0.7525000000000001 0.6683333333333333 0.7475 0.6733333333333333 0.7456250000000001 0.6883333333333332 0.7462500000000001 0.7024999999999999 0.7568750000000001 0.7066666666666667 0.7550000000000001 0.7075 0.758125 0.7024999999999999 0.7618750000000001 0.71 0.7618750000000001 0.7133333333333333 0.766875 0.715 0.765625 0.7108333333333333 0.7625 0.7158333333333333 0.7612500000000001 0.7175 0.7550000000000001 0.7241666666666666 0.749375 0.7308333333333333 0.7193750000000001 0.7408333333333333 0.7025 0.74 0.6831250000000001 0.7441666666666666 0.67125 0.7466666666666667 0.6475000000000001 0.7416666666666667 0.62625 0.7366666666666666 0.6225 0.7258333333333333 0.62 0.7291666666666667 0.6162500000000001 0.7258333333333333 0.6162500000000001 0.7266666666666667 0.6143750000000001 0.72 0.6075 0.705 0.610625 0.6916666666666667 0.60875 0.6891666666666667 0.606875 0.6883333333333332 0.5987500000000001 0.6816666666666666 0.595 0.6716666666666666 0.593125 0.6658333333333333 0.595 0.6666666666666667 0.606875 0.6583333333333333 0.619375 0.6599999999999999 0.623125 0.6541666666666667 0.6368750000000001 0.6516666666666666 0.6575 0.6441666666666667 0.669375 0.6466666666666667 0.681875 0.6375 0.731875 0.6366666666666666 0.749375 0.64 0.755625
0 0.7008333333333333 0.8550000000000001 0.7008333333333333 0.8618750000000001 0.7033333333333334 0.8643750000000001 0.7116666666666667 0.86875 0.7233333333333334 0.86625 0.73 0.8700000000000001 0.7341666666666666 0.8700000000000001 0.7408333333333333 0.8675 0.7441666666666666 0.8712500000000001 0.7483333333333333 0.8706250000000001 0.7483333333333333 0.865625 0.7566666666666666 0.868125 0.7616666666666666 0.8675 0.7766666666666666 0.875625 0.775 0.883125 0.7791666666666667 0.884375 0.7849999999999999 0.881875 0.7925 0.881875 0.8025 0.869375 0.8066666666666666 0.86875 0.8175000000000001 0.8606250000000001 0.825 0.8418750000000002 0.8275 0.8237500000000001 0.8241666666666667 0.8237500000000001 0.8183333333333334 0.82875 0.8108333333333333 0.8293750000000001 0.8091666666666667 0.8275 0.7983333333333333 0.826875 0.7858333333333334 0.8225 0.7758333333333333 0.82875 0.77 0.825 0.7683333333333333 0.82125 0.7716666666666667 0.8175000000000001 0.7649999999999999 0.8137500000000001 0.7625 0.8143750000000001 0.7583333333333333 0.821875 0.7525 0.81875 0.7366666666666666 0.82125 0.7316666666666667 0.8143750000000001 0.7266666666666667 0.8150000000000001 0.7233333333333334 0.813125 0.7166666666666667 0.8143750000000001 0.7125 0.820625 0.7058333333333333 0.8243750000000001 0.7016666666666667 0.8318749999999999 0.7041666666666667 0.8487500000000001 0.7008333333333333 0.8550000000000001
0 0.75 0.8162499999999999 0.7608333333333334 0.8150000000000001 0.7483333333333333 0.8106250000000002 0.7474999999999999 0.8137500000000001 0.75 0.8162499999999999
0 0.7416666666666667 0.8106250000000002 0.7375 0.81125 0.7375 0.8143750000000001 0.7416666666666667 0.8106250000000002
0 0.46333333333333326 0.7456250000000001 0.46416666666666667 0.75875 0.4583333333333333 0.765 0.4625 0.779375 0.46749999999999997 0.784375 0.4875 0.7931250000000001 0.515 0.8012500000000001 0.5283333333333333 0.8018750000000001 0.5316666666666666 0.7975000000000001 0.5308333333333334 0.77625 0.5358333333333334 0.75625 0.5358333333333334 0.73375 0.54 0.723125 0.5375 0.713125 0.5316666666666666 0.706875 0.5366666666666666 0.703125 0.5383333333333333 0.6950000000000001 0.5308333333333334 0.68875 0.5291666666666667 0.6768750000000001 0.5075000000000001 0.664375 0.49416666666666664 0.660625 0.4883333333333333 0.6612500000000001 0.48666666666666664 0.6675000000000001 0.4791666666666667 0.6768750000000001 0.47750000000000004 0.6925000000000001 0.4716666666666667 0.70125 0.4741666666666666 0.71375 0.46333333333333326 0.7456250000000001
0 0.33166666666666667 0.7237500000000001 0.33333333333333337 0.73125 0.3616666666666667 0.744375 0.38333333333333336 0.75 0.39249999999999996 0.7418750000000001 0.39416666666666667 0.7375 0.39249999999999996 0.7143750000000001 0.3975 0.6925000000000001 0.3983333333333333 0.6743750000000001 0.4025 0.665625 0.4041666666666667 0.649375 0.40750000000000003 0.644375 0.40750000000000003 0.635 0.41083333333333333 0.62625 0.4091666666666667 0.61875 0.4116666666666666 0.61375 0.4133333333333333 0.5856250000000001 0.4175 0.57625 0.42000000000000004 0.54125 0.4175 0.5375 0.40750000000000003 0.5325 0.3933333333333333 0.53125 0.38 0.525625 0.36583333333333334 0.525 0.3625 0.530625 0.3516666666666667 0.6175 0.3458333333333333 0.638125 0.345 0.655625 0.3408333333333333 0.664375 0.33666666666666667 0.69625 0.33416666666666667 0.6993750000000001 0.33416666666666667 0.7175 0.33166666666666667 0.7237500000000001
0 0.7616666666666666 0.649375 0.7649999999999999 0.64875 0.7675 0.650625 0.7641666666666667 0.654375 0.7658333333333334 0.6587500000000001 0.7891666666666667 0.6675000000000001 0.7941666666666667 0.666875 0.7958333333333333 0.66875 0.7899999999999999 0.6725000000000001 0.7899999999999999 0.675625 0.795 0.675625 0.8033333333333333 0.68 0.82 0.6837500000000001 0.8375 0.691875 0.8416666666666666 0.69625 0.8516666666666666 0.6950000000000001 0.8574999999999999 0.68875 0.8574999999999999 0.6787500000000001 0.8658333333333333 0.67625 0.8699999999999999 0.670625 0.8783333333333333 0.645 0.8766666666666666 0.6318750000000001 0.86 0.6362500000000001 0.8358333333333332 0.634375 0.8074999999999999 0.6256250000000001 0.8016666666666665 0.6256250000000001 0.7966666666666666 0.6225 0.7825 0.623125 0.7733333333333333 0.62 0.7666666666666667 0.621875 0.76 0.6275000000000001 0.7583333333333333 0.639375 0.7616666666666666 0.649375
0 0.6058333333333333 0.78125 0.6075 0.779375 0.6025 0.7768750000000001 0.6058333333333333 0.78125
0 0.6008333333333333 0.7825 0.6025 0.785 0.6058333333333333 0.78125 0.6008333333333333 0.7825
0 0.5508333333333333 0.7412500000000001 0.5549999999999999 0.7525000000000001 0.55 0.754375 0.55 0.76 0.5475 0.7618750000000001 0.5491666666666666 0.765 0.5549999999999999 0.7662500000000001 0.5583333333333333 0.763125 0.5650000000000001 0.769375 0.5741666666666666 0.774375 0.5825 0.775 0.5841666666666667 0.7775000000000001 0.5900000000000001 0.7768750000000001 0.5900000000000001 0.771875 0.595 0.76875 0.6008333333333333 0.775 0.6091666666666666 0.77 0.62 0.7875 0.6216666666666667 0.7837500000000001 0.6174999999999999 0.780625 0.6216666666666667 0.778125 0.6241666666666666 0.7725000000000001 0.6224999999999999 0.76875 0.6258333333333332 0.766875 0.63 0.75875 0.635 0.7237500000000001 0.64 0.71125 0.6416666666666667 0.691875 0.645 0.684375 0.6441666666666667 0.664375 0.6483333333333333 0.6525000000000001 0.6466666666666667 0.6300000000000001 0.6541666666666667 0.6212500000000001 0.6516666666666666 0.6100000000000001 0.6416666666666667 0.588125 0.635 0.58875 0.6266666666666667 0.58375 0.6183333333333334 0.584375 0.6133333333333333 0.581875 0.6025 0.5806250000000001 0.5966666666666667 0.58125 0.5925 0.5856250000000001 0.5841666666666667 0.5850000000000001 0.5816666666666667 0.586875 0.5758333333333333 0.6006250000000001 0.5758333333333333 0.6118750000000001 0.5691666666666666 0.625 0.5683333333333334 0.64625 0.5575 0.67125 0.5533333333333333 0.6987500000000001 0.5558333333333334 0.716875 0.5508333333333333 0.7412500000000001
0 0.4458333333333333 0.735625 0.445 0.733125 0.44333333333333336 0.734375 0.4458333333333333 0.735625
0 0.42833333333333334 0.734375 0.43166666666666664 0.738125 0.4408333333333333 0.734375 0.42750000000000005 0.73375 0.42416666666666664 0.731875 0.42333333333333334 0.734375 0.42833333333333334 0.734375
0 0.45666666666666667 0.70875 0.4575 0.70625 0.4533333333333333 0.7050000000000001 0.45166666666666666 0.70625 0.45666666666666667 0.70875
0 0.4383333333333333 0.703125 0.4383333333333333 0.7 0.4341666666666667 0.6993750000000001 0.4333333333333333 0.7025 0.4383333333333333 0.703125
0 0.40083333333333326 0.7081250000000001 0.4041666666666667 0.70625 0.4066666666666666 0.6975 0.4166666666666667 0.6950000000000001 0.4175 0.6993750000000001 0.4208333333333333 0.698125 0.42416666666666664 0.700625 0.4216666666666667 0.7081250000000001 0.425 0.7100000000000001 0.425 0.716875 0.4291666666666667 0.7056250000000001 0.425 0.703125 0.4258333333333333 0.7 0.4216666666666667 0.698125 0.42666666666666664 0.6943750000000001 0.42833333333333334 0.6893750000000001 0.43583333333333335 0.691875 0.4325 0.6893750000000001 0.43666666666666665 0.6875 0.425 0.684375 0.41500000000000004 0.693125 0.4104166666666667 0.6925000000000001 0.40750000000000003 0.6943750000000001 0.4041666666666667 0.691875 0.40499999999999997 0.695625 0.40083333333333326 0.69625 0.3983333333333333 0.6993750000000001 0.3975 0.7037500000000001 0.40083333333333326 0.7081250000000001
0 0.44666666666666666 0.68125 0.44833333333333336 0.6775 0.445 0.675625 0.44416666666666665 0.68 0.44666666666666666 0.68125
0 0.45234375 0.671875 0.00078125 0.0015625
0 0.445 0.6681250000000001 0.4458333333333333 0.6743750000000001 0.44833333333333336 0.671875 0.4458333333333333 0.671875 0.4458333333333333 0.664375 0.43583333333333335 0.664375 0.43583333333333335 0.666875 0.445 0.6681250000000001
0 0.4525 0.6581250000000001 0.4491666666666666 0.655625 0.44833333333333336 0.6581250000000001 0.4525 0.6581250000000001
0 0.42416666666666664 0.6518750000000001 0.42000000000000004 0.654375 0.425 0.6575 0.425 0.6525000000000001 0.4208333333333333 0.6475000000000001 0.42000000000000004 0.65 0.42416666666666664 0.6518750000000001
0 0.43083333333333335 0.650625 0.4333333333333333 0.654375 0.43916666666666665 0.655 0.4408333333333333 0.650625 0.4383333333333333 0.646875 0.4491666666666666 0.64375 0.4425 0.64375 0.445 0.6368750000000001 0.4383333333333333 0.635625 0.4341666666666667 0.64 0.4375 0.6481250000000001 0.43083333333333335 0.650625
0 0.41083333333333333 0.645 0.41500000000000004 0.6456250000000001 0.41083333333333333 0.64875 0.4141666666666667 0.650625 0.41583333333333333 0.645 0.42416666666666664 0.6368750000000001 0.41583333333333333 0.6368750000000001 0.41916666666666663 0.640625 0.41083333333333333 0.645
0 0.44666666666666666 0.6362500000000001 0.44833333333333336 0.63875 0.4525 0.6375 0.4491666666666666 0.634375 0.45166666666666666 0.630625 0.4575 0.63375 0.45666666666666667 0.6225 0.4525 0.6225 0.4525 0.6275000000000001 0.44666666666666666 0.6362500000000001
0 0.4359375 0.58125 0.0015625 0.00078125
0 0.39166666666666666 0.5225000000000001 0.39466666666666667 0.5208125 0.39249999999999996 0.52 0.39166666666666666 0.5225000000000001
0 0.39916666666666667 0.5225000000000001 0.39499999999999996 0.5206250000000001 0.39466666666666667 0.5208125 0.39916666666666667 0.5225000000000001
0 0.3883333333333333 0.521875 0.38916666666666666 0.51875 0.38666666666666666 0.5181250000000001 0.38583333333333336 0.5206250000000001 0.3883333333333333 0.521875
0 0.4083333333333333 0.5275000000000001 0.4141666666666667 0.528125 0.41833333333333333 0.53125 0.425 0.5268750000000001 0.42833333333333334 0.53 0.42750000000000005 0.539375 0.43083333333333335 0.54625 0.43499999999999994 0.54 0.4425 0.54125 0.44416666666666665 0.5387500000000001 0.44833333333333336 0.539375 0.4533333333333333 0.5431250000000001 0.4508333333333333 0.546875 0.4525 0.55 0.45999999999999996 0.55125 0.4625 0.545625 0.46749999999999997 0.545625 0.4741666666666666 0.5425000000000001 0.48 0.54375 0.48250000000000004 0.546875 0.49083333333333334 0.55 0.49416666666666664 0.555 0.49916666666666665 0.55625 0.49333333333333335 0.571875 0.4925 0.606875 0.48916666666666664 0.6168750000000001 0.4841666666666667 0.619375 0.48083333333333333 0.6162500000000001 0.4683333333333334 0.6125 0.4691666666666666 0.6056250000000001 0.47333333333333333 0.6056250000000001 0.4716666666666667 0.6050000000000001 0.4741666666666666 0.601875 0.4666666666666667 0.599375 0.4683333333333334 0.5925 0.465 0.593125 0.46333333333333326 0.590625 0.4683333333333334 0.5875 0.4658333333333333 0.58625 0.4491666666666666 0.58625 0.44749999999999995 0.588125 0.45166666666666666 0.59125 0.44833333333333336 0.595 0.45 0.599375 0.4425 0.608125 0.4425 0.615 0.44666666666666666 0.618125 0.44416666666666665 0.619375 0.465 0.623125 0.46749999999999997 0.62625 0.4616666666666666 0.640625 0.4708333333333333 0.64375 0.47750000000000004 0.6681250000000001 0.4683333333333334 0.67125 0.4691666666666666 0.675 0.4666666666666667 0.678125 0.45916666666666667 0.678125 0.46333333333333326 0.6825 0.4533333333333333 0.6993750000000001 0.465 0.7050000000000001 0.465 0.713125 0.47333333333333333 0.7237500000000001 0.47000000000000003 0.726875 0.4666666666666667 0.726875 0.46333333333333326 0.73125 0.45916666666666667 0.7262500000000001 0.45499999999999996 0.7275 0.4583333333333333 0.73125 0.4583333333333333 0.7375 0.4541666666666667 0.7393750000000001 0.45 0.746875 0.4508333333333333 0.7525000000000001 0.4425 0.7550000000000001 0.4408333333333333 0.7618750000000001 0.4341666666666667 0.7618750000000001 0.42750000000000005 0.75625 0.42416666666666664 0.7412500000000001 0.4216666666666667 0.7412500000000001 0.4225 0.745 0.41833333333333333 0.748125 0.4133333333333333 0.748125 0.4166666666666667 0.7568750000000001 0.41083333333333333 0.75875 0.41 0.7618750000000001 0.4291666666666667 0.7662500000000001 0.4425 0.775625 0.44666666666666666 0.775625 0.4525 0.779375 0.4625 0.779375 0.46333333333333326 0.7825 0.4708333333333333 0.7837500000000001 0.4883333333333333 0.7931250000000001 0.5325 0.805625 0.5741666666666666 0.8243750000000001 0.5825 0.8256249999999999 0.5941666666666666 0.83125 0.6525 0.850625 0.72 0.8800000000000001 0.7408333333333333 0.885 0.7775 0.900625 0.7849999999999999 0.9025000000000001 0.7899999999999999 0.9012500000000001 0.8116666666666668 0.8762500000000001 0.8208333333333334 0.851875 0.8366666666666667 0.779375 0.8491666666666667 0.744375 0.8566666666666667 0.709375 0.8625 0.6975 0.8666666666666666 0.6725000000000001 0.8691666666666666 0.670625 0.8699999999999999 0.6612500000000001 0.8758333333333332 0.646875 0.8758333333333332 0.633125 0.8733333333333333 0.62875 0.8766666666666666 0.6212500000000001 0.8733333333333333 0.6162500000000001 0.8666666666666666 0.6125 0.8574999999999999 0.6125 0.8525 0.60875 0.8425 0.609375 0.8358333333333332 0.6056250000000001 0.8241666666666667 0.6050000000000001 0.82 0.601875 0.8091666666666667 0.601875 0.8033333333333333 0.598125 0.7925 0.598125 0.7783333333333333 0.59125 0.7683333333333333 0.590625 0.7649999999999999 0.5875 0.7566666666666666 0.588125 0.7283333333333333 0.58125 0.6950000000000001 0.5775 0.6916666666666667 0.5743750000000001 0.6775 0.5700000000000001 0.6625 0.5693750000000001 0.645 0.56375 0.6333333333333333 0.5631250000000001 0.63 0.560625 0.6033333333333333 0.55625 0.5966666666666667 0.553125 0.5708333333333333 0.55 0.5650000000000001 0.546875 0.5508333333333333 0.545 0.5358333333333334 0.539375 0.5108333333333334 0.535625 0.4916666666666667 0.529375 0.4725 0.52875 0.4666666666666667 0.525625 0.45 0.524375 0.4408333333333333 0.521875 0.4375 0.51875 0.43083333333333335 0.52 0.41833333333333333 0.515625 0.4133333333333333 0.5162500000000001 0.4066666666666666 0.5206250000000001 0.4058333333333334 0.525625 0.4083333333333333 0.5275000000000001
0 0.6425 0.71125 0.6408333333333334 0.726875 0.6433333333333333 0.734375 0.6583333333333333 0.7393750000000001 0.6641666666666667 0.738125 0.6916666666666667 0.744375 0.7083333333333333 0.7518750000000001 0.7133333333333333 0.75625 0.7208333333333333 0.7506250000000001 0.7274999999999999 0.73875 0.7308333333333333 0.723125 0.7424999999999999 0.7 0.7416666666666667 0.6875 0.7474999999999999 0.654375 0.7508333333333332 0.6481250000000001 0.7483333333333333 0.6225 0.7516666666666667 0.6206250000000001 0.7516666666666667 0.615 0.7375 0.6075 0.7266666666666667 0.606875 0.705 0.6 0.6975 0.6 0.6816666666666666 0.5925 0.6716666666666666 0.591875 0.6649999999999999 0.5943750000000001 0.6649999999999999 0.6056250000000001 0.6583333333333333 0.619375 0.6591666666666667 0.6256250000000001 0.6525 0.6475000000000001 0.6525 0.6581250000000001 0.6466666666666667 0.6681250000000001 0.6491666666666667 0.6831250000000001 0.6425 0.71125
0 0.5016666666666667 0.584375 0.5041666666666667 0.58625 0.515 0.584375 0.5258333333333333 0.593125 0.5325 0.593125 0.5358333333333334 0.5956250000000001 0.5475 0.5962500000000001 0.5575 0.599375 0.5708333333333333 0.588125 0.5708333333333333 0.5743750000000001 0.5616666666666666 0.560625 0.5666666666666667 0.55125 0.5708333333333333 0.55 0.5575 0.5431250000000001 0.4966666666666667 0.529375 0.4875 0.52875 0.4853571428571429 0.5308928571428572 0.4875 0.5325 0.49749999999999994 0.5525 0.49833333333333335 0.5806250000000001 0.5016666666666667 0.584375
0 0.755 0.8087500000000001 0.77 0.81125 0.7908333333333333 0.819375 0.8091666666666667 0.8200000000000001 0.8216666666666667 0.8150000000000001 0.835 0.79625 0.835 0.779375 0.8241666666666667 0.78125 0.8191666666666666 0.775625 0.8041666666666666 0.76875 0.7933333333333333 0.7681250000000001 0.7591666666666667 0.75625 0.7375 0.75375 0.7366666666666666 0.75875 0.7274999999999999 0.7625 0.7216666666666667 0.76875 0.7224999999999999 0.798125 0.755 0.8087500000000001
0 0.5433333333333333 0.81125 0.595 0.8306250000000001 0.6108333333333333 0.835 0.6183333333333334 0.835 0.62 0.821875 0.6174999999999999 0.805625 0.6233333333333333 0.789375 0.625 0.7681250000000001 0.63 0.758125 0.6366666666666666 0.7125 0.64 0.70625 0.6416666666666667 0.6575 0.6475 0.650625 0.645 0.6300000000000001 0.6541666666666667 0.619375 0.6508333333333333 0.61375 0.65 0.5987500000000001 0.6441666666666667 0.5875 0.6258333333333332 0.581875 0.595 0.578125 0.5883333333333333 0.5737500000000001 0.58 0.5743750000000001 0.5783333333333334 0.576875 0.5775 0.59125 0.5741666666666666 0.6 0.575 0.6100000000000001 0.5700000000000001 0.61875 0.5658333333333333 0.65375 0.5558333333333334 0.67125 0.5541666666666667 0.6893750000000001 0.5491666666666666 0.6987500000000001 0.5516666666666666 0.7175 0.5483333333333333 0.743125 0.54 0.77125 0.5383333333333333 0.8075000000000001 0.5433333333333333 0.81125
0 0.74765625 0.84140625 0.00078125 0.00078125
0 0.7008333333333333 0.8724999999999999 0.7175 0.8800000000000001 0.7474999999999999 0.8875 0.7825 0.9018750000000001 0.7925 0.900625 0.8141666666666666 0.875625 0.8208333333333334 0.86 0.8175000000000001 0.851875 0.8066666666666666 0.85875 0.8033333333333333 0.85875 0.8008333333333333 0.8556250000000001 0.7958333333333333 0.8556250000000001 0.795 0.85875 0.7858333333333334 0.8643750000000001 0.7758333333333333 0.85875 0.7758333333333333 0.8550000000000001 0.7641666666666667 0.85375 0.7583333333333333 0.8487500000000001 0.7474999999999999 0.8474999999999999 0.7441666666666666 0.849375 0.7241666666666666 0.8412499999999999 0.7125 0.8393750000000001 0.7091666666666667 0.840625 0.7083333333333333 0.8450000000000001 0.7 0.8556250000000001 0.6966666666666667 0.869375 0.7008333333333333 0.8724999999999999
0 0.7533333333333333 0.8418750000000002 0.7591666666666667 0.84375 0.7608333333333334 0.8418750000000002 0.7558333333333334 0.8387500000000001 0.7516666666666667 0.838125 0.7533333333333333 0.8418750000000002
0 0.5599999999999999 0.58125 0.5558333333333334 0.5806250000000001 0.5533333333333333 0.58125 0.5599999999999999 0.58125
0 0.4841666666666667 0.6475000000000001 0.4883333333333333 0.653125 0.5008333333333332 0.654375 0.5116666666666666 0.6612500000000001 0.5191666666666667 0.6587500000000001 0.5233333333333333 0.6612500000000001 0.525 0.67125 0.5458333333333333 0.68 0.55 0.675625 0.5516666666666666 0.6581250000000001 0.5599999999999999 0.650625 0.5633333333333332 0.6412500000000001 0.5666666666666667 0.6056250000000001 0.5641666666666667 0.5962500000000001 0.5533333333333333 0.588125 0.55 0.5900000000000001 0.5275000000000001 0.581875 0.5216666666666667 0.5825 0.51 0.579375 0.5066666666666666 0.5775 0.51 0.570625 0.505 0.5700000000000001 0.49749999999999994 0.5806250000000001 0.49083333333333334 0.61875 0.48666666666666664 0.62875 0.4875 0.6412500000000001 0.4841666666666667 0.6475000000000001
0 0.6216666666666667 0.8175000000000001 0.6216666666666667 0.8375 0.6358333333333334 0.8450000000000001 0.6608333333333334 0.8525 0.6816666666666666 0.8625 0.6916666666666667 0.8631249999999999 0.6916666666666667 0.859375 0.6966666666666667 0.8556250000000001 0.7024999999999999 0.836875 0.7016666666666667 0.826875 0.7166666666666667 0.785625 0.7183333333333334 0.76875 0.7216666666666667 0.765 0.7191666666666666 0.758125 0.725 0.7506250000000001 0.73 0.71625 0.7408333333333333 0.69625 0.74 0.6743750000000001 0.7441666666666666 0.6631250000000001 0.7466666666666667 0.640625 0.7441666666666666 0.6368750000000001 0.745 0.623125 0.7375 0.60875 0.73 0.60875 0.7175 0.604375 0.7091666666666667 0.6050000000000001 0.7066666666666667 0.601875 0.6991666666666666 0.601875 0.69 0.5962500000000001 0.6733333333333333 0.591875 0.6633333333333333 0.5956250000000001 0.6641666666666667 0.60625 0.6575 0.619375 0.6575 0.6318750000000001 0.6541666666666667 0.635 0.655 0.6431250000000001 0.6516666666666666 0.650625 0.6533333333333333 0.6575 0.6433333333333333 0.67125 0.6466666666666667 0.68125 0.645 0.6950000000000001 0.6408333333333334 0.70625 0.6333333333333333 0.75875 0.6266666666666667 0.7725000000000001 0.6266666666666667 0.7818750000000001 0.6224999999999999 0.795625 0.625 0.809375 0.6216666666666667 0.8175000000000001
0 0.4875 0.7931250000000001 0.5241666666666667 0.80375 0.5325 0.8043750000000001 0.5349999999999999 0.7993750000000001 0.5325 0.79125 0.5375 0.766875 0.5383333333333333 0.733125 0.5433333333333333 0.726875 0.5458333333333333 0.7175 0.545 0.700625 0.5508333333333333 0.68875 0.5525 0.66 0.5608333333333333 0.65 0.5675 0.6056250000000001 0.5666666666666667 0.593125 0.5700000000000001 0.58875 0.5666666666666667 0.5806250000000001 0.5683333333333334 0.5743750000000001 0.5566666666666666 0.5650000000000001 0.55 0.56375 0.55 0.55625 0.5566666666666666 0.55 0.5566666666666666 0.546875 0.5391666666666667 0.54 0.5316666666666666 0.54 0.5308333333333334 0.5425000000000001 0.5233333333333333 0.54625 0.5216666666666667 0.5493750000000001 0.5191666666666667 0.5475000000000001 0.5158333333333334 0.5518750000000001 0.5116666666666666 0.5525 0.5083333333333333 0.55 0.4966666666666667 0.553125 0.4925 0.61375 0.48583333333333334 0.629375 0.48083333333333333 0.650625 0.48250000000000004 0.6681250000000001 0.4758333333333333 0.69625 0.4708333333333333 0.70625 0.47333333333333333 0.716875 0.4658333333333333 0.745 0.4658333333333333 0.7825 0.4875 0.7931250000000001
0 0.6466666666666667 0.649375 0.6433333333333333 0.6478125 0.6441666666666667 0.653125 0.6475 0.650625 0.6475 0.64375 0.6441666666666667 0.6431250000000001 0.6466666666666667 0.646875 0.6466666666666667 0.649375
0 0.6475 0.62875 0.65 0.623125 0.6458333333333333 0.6212500000000001 0.6433333333333333 0.623125 0.6475 0.62875
0 0.7408333333333333 0.5956250000000001 0.7408333333333333 0.59375 0.7366666666666666 0.593125 0.7358333333333333 0.5956250000000001 0.7408333333333333 0.5956250000000001
0 0.6416666666666667 0.675 0.645 0.6831250000000001 0.645 0.69625 0.635 0.731875 0.6316666666666666 0.76 0.6241666666666666 0.771875 0.6258333333333332 0.78 0.6183333333333334 0.79625 0.6191666666666666 0.805625 0.6216666666666667 0.806875 0.6191666666666666 0.815625 0.6191666666666666 0.8356250000000001 0.6224999999999999 0.8393750000000001 0.635 0.8450000000000001 0.6591666666666667 0.8525 0.6891666666666667 0.865 0.6950000000000001 0.8625 0.6983333333333334 0.8550000000000001 0.705 0.8106250000000002 0.7091666666666667 0.806875 0.7166666666666667 0.7831250000000001 0.7158333333333333 0.7681250000000001 0.7191666666666666 0.765 0.7175 0.758125 0.7241666666666666 0.7506250000000001 0.7291666666666667 0.716875 0.7391666666666666 0.696875 0.7383333333333333 0.681875 0.7466666666666667 0.64875 0.7458333333333333 0.623125 0.7516666666666667 0.62 0.7516666666666667 0.615 0.7441666666666666 0.6125 0.7383333333333333 0.6075 0.7325 0.606875 0.7266666666666667 0.598125 0.7333333333333333 0.595 0.7283333333333333 0.59125 0.7383333333333333 0.5900000000000001 0.74 0.588125 0.7375 0.58625 0.73 0.586875 0.7266666666666667 0.584375 0.72 0.588125 0.72 0.593125 0.7091666666666667 0.593125 0.7058333333333333 0.595 0.6958333333333333 0.591875 0.6916666666666667 0.5943750000000001 0.6708333333333333 0.5900000000000001 0.6675 0.5850000000000001 0.6733333333333333 0.58125 0.6675 0.584375 0.6649999999999999 0.5806250000000001 0.6675 0.5856250000000001 0.6649999999999999 0.591875 0.6608333333333334 0.595 0.6566666666666666 0.595 0.6625 0.603125 0.6616666666666666 0.621875 0.6516666666666666 0.63125 0.6541666666666667 0.64 0.6533333333333333 0.65625 0.6508333333333333 0.659375 0.6466666666666667 0.655625 0.6425 0.6575 0.6441666666666667 0.6681250000000001 0.6416666666666667 0.675
0 0.6841666666666667 0.5787500000000001 0.6833333333333333 0.58125 0.6883333333333332 0.58125 0.6841666666666667 0.576875 0.6849999999999999 0.5743750000000001 0.6808333333333334 0.5743750000000001 0.6841666666666667 0.5787500000000001
0 0.5758333333333333 0.5850000000000001 0.5733333333333334 0.5956250000000001 0.5766666666666667 0.6125 0.5733333333333334 0.6206250000000001 0.5766666666666667 0.6325000000000001 0.605 0.640625 0.6125 0.63875 0.6283333333333333 0.6475000000000001 0.6333333333333333 0.6475000000000001 0.6341666666666667 0.64375 0.6425 0.638125 0.6441666666666667 0.6325000000000001 0.6541666666666667 0.623125 0.6583333333333333 0.609375 0.6566666666666666 0.6050000000000001 0.6616666666666666 0.5987500000000001 0.6616666666666666 0.595 0.6541666666666667 0.58875 0.6508333333333333 0.5893750000000001 0.6408333333333334 0.5850000000000001 0.6041666666666667 0.5787500000000001 0.5991666666666666 0.57625 0.595 0.576875 0.5875 0.573125 0.5741666666666666 0.5743750000000001 0.5725 0.5787500000000001 0.5758333333333333 0.5850000000000001
0 0.6583333333333333 0.7100000000000001 0.6608333333333334 0.716875 0.675 0.71625 0.6783333333333333 0.71875 0.6858333333333333 0.71875 0.6925 0.7225 0.6983333333333334 0.723125 0.7033333333333334 0.72875 0.72 0.7300000000000001 0.7274999999999999 0.7262500000000001 0.735 0.7075 0.7408333333333333 0.7025 0.7424999999999999 0.6950000000000001 0.7391666666666666 0.68875 0.7424999999999999 0.6681250000000001 0.7366666666666666 0.6631250000000001 0.7241666666666666 0.6631250000000001 0.7083333333333333 0.655625 0.6991666666666666 0.6568750000000001 0.6933333333333334 0.6631250000000001 0.6825 0.660625 0.6708333333333333 0.661875 0.6608333333333334 0.66 0.6483333333333333 0.670625 0.6508333333333333 0.6825 0.6466666666666667 0.68875 0.6458333333333333 0.703125 0.6583333333333333 0.7100000000000001
0 0.6641666666666667 0.5775 0.6608333333333334 0.588125 0.6633333333333333 0.59125 0.6616666666666666 0.60875 0.675 0.609375 0.6783333333333333 0.6118750000000001 0.6766666666666666 0.6143750000000001 0.6691666666666667 0.615625 0.6716666666666666 0.6212500000000001 0.6875 0.62625 0.6866666666666666 0.629375 0.6783333333333333 0.62875 0.6783333333333333 0.6318750000000001 0.6808333333333334 0.633125 0.6791666666666667 0.629375 0.6816666666666666 0.629375 0.6925 0.6362500000000001 0.7058333333333333 0.6375 0.7075 0.6362500000000001 0.705 0.629375 0.7166666666666667 0.6325000000000001 0.7266666666666667 0.629375 0.7308333333333333 0.634375 0.7416666666666667 0.635 0.745 0.6368750000000001 0.7491666666666666 0.630625 0.7483333333333333 0.6256250000000001 0.7583333333333333 0.6168750000000001 0.7558333333333334 0.60625 0.7575000000000001 0.603125 0.7616666666666666 0.599375 0.7658333333333334 0.6025 0.7741666666666667 0.6006250000000001 0.7741666666666667 0.595 0.7658333333333334 0.588125 0.7583333333333333 0.58875 0.7483333333333333 0.584375 0.7175 0.578125 0.6950000000000001 0.576875 0.6875 0.5725 0.6758333333333333 0.5700000000000001 0.6658333333333333 0.57125 0.6675 0.5743750000000001 0.6641666666666667 0.5775
0 0.7491666666666666 0.695625 0.7833333333333333 0.706875 0.8375 0.7175 0.8491666666666667 0.7125 0.8625 0.695625 0.8766666666666666 0.6518750000000001 0.8766666666666666 0.63875 0.8724999999999999 0.6362500000000001 0.8525 0.6362500000000001 0.8375 0.63375 0.8066666666666666 0.62375 0.7933333333333333 0.6212500000000001 0.7816666666666666 0.621875 0.7725 0.619375 0.7666666666666667 0.6225 0.7591666666666667 0.6318750000000001 0.7583333333333333 0.645 0.7516666666666667 0.6612500000000001 0.7525 0.6681250000000001 0.7474999999999999 0.6775 0.7466666666666667 0.693125 0.7491666666666666 0.695625
0 0.7583333333333333 0.8868750000000001 0.755 0.881875 0.7516666666666667 0.884375 0.7508333333333332 0.8868750000000001 0.7583333333333333 0.8868750000000001
0 0.6991666666666666 0.8668750000000001 0.7058333333333333 0.8724999999999999 0.7175 0.8775000000000001 0.7358333333333333 0.875 0.7383333333333333 0.8762500000000001 0.7341666666666666 0.8800000000000001 0.74 0.88375 0.7474999999999999 0.8762500000000001 0.7566666666666666 0.8793750000000001 0.7666666666666667 0.8768750000000001 0.7691666666666667 0.8800000000000001 0.7658333333333334 0.883125 0.7741666666666667 0.889375 0.7741666666666667 0.8925000000000001 0.7708333333333333 0.89375 0.7733333333333333 0.896875 0.7825 0.900625 0.7891666666666667 0.900625 0.8141666666666666 0.8724999999999999 0.8308333333333333 0.819375 0.8316666666666667 0.8087500000000001 0.8275 0.8043750000000001 0.8324999999999999 0.803125 0.8308333333333333 0.8012500000000001 0.8058333333333334 0.8175000000000001 0.7683333333333333 0.8125 0.7541666666666667 0.8087500000000001 0.745 0.8025 0.7233333333333334 0.8 0.7166666666666667 0.803125 0.7183333333333334 0.8075000000000001 0.7058333333333333 0.8237500000000001 0.7016666666666667 0.8331250000000001 0.7024999999999999 0.85 0.6991666666666666 0.8668750000000001
0 0.7791666666666667 0.72 0.7783333333333333 0.7256250000000001 0.7825 0.7256250000000001 0.7858333333333334 0.723125 0.7958333333333333 0.728125 0.8 0.7275 0.8058333333333334 0.731875 0.8283333333333334 0.731875 0.8300000000000001 0.7225 0.8233333333333333 0.71625 0.8083333333333333 0.7150000000000001 0.7841666666666667 0.7081250000000001 0.7783333333333333 0.709375 0.775 0.713125 0.7791666666666667 0.72
0 0.7224999999999999 0.77 0.725 0.775625 0.7233333333333334 0.795625 0.735 0.7975000000000001 0.7416666666666667 0.8018750000000001 0.7474999999999999 0.8018750000000001 0.755 0.805625 0.7616666666666666 0.805 0.7841666666666667 0.8143750000000001 0.8041666666666666 0.8150000000000001 0.8166666666666667 0.81125 0.835 0.7931250000000001 0.8358333333333332 0.7818750000000001 0.845 0.759375 0.8566666666666667 0.71625 0.8516666666666666 0.7125 0.8566666666666667 0.71125 0.8558333333333333 0.7100000000000001 0.8408333333333333 0.716875 0.8316666666666667 0.7237500000000001 0.8324999999999999 0.726875 0.8383333333333333 0.7306250000000001 0.8383333333333333 0.73375 0.8358333333333332 0.740625 0.8275 0.74375 0.8066666666666666 0.7368750000000001 0.8 0.738125 0.7975 0.73375 0.7825 0.73125 0.7808333333333334 0.728125 0.7758333333333333 0.728125 0.7716666666666667 0.721875 0.7691666666666667 0.7256250000000001 0.7608333333333334 0.725 0.7608333333333334 0.71875 0.7666666666666667 0.716875 0.7641666666666667 0.7125 0.7725 0.70625 0.7616666666666666 0.704375 0.7516666666666667 0.69625 0.7474999999999999 0.6987500000000001 0.7466666666666667 0.7075 0.7508333333333332 0.711875 0.755 0.70875 0.7575000000000001 0.7100000000000001 0.7558333333333334 0.7237500000000001 0.7408333333333333 0.725 0.7375 0.723125 0.7341666666666666 0.726875 0.7291666666666667 0.753125 0.7224999999999999 0.77