0 0.66640625 0.4072164948453609 0.68515625 0.4123711340206186 0.69765625 0.3917525773195877 0.70390625 0.3883161512027492 0.70390625 0.37972508591065296 0.709375 0.3694158075601375 0.7140625 0.2869415807560137 0.68671875 0.281786941580756 0.66796875 0.30584192439862545 0.665625 0.3144329896907217 0.6625 0.3694158075601375 0.66171875 0.39862542955326463 0.66640625 0.4072164948453609
0 0.4671875 0.4965635738831615 0.465625 0.5687285223367697 0.46875 0.5876288659793815 0.46796875 0.6597938144329898 0.4734375 0.7268041237113403 0.47734375 0.7268041237113403 0.49453125 0.6993127147766324 0.49609375 0.6769759450171822 0.49375 0.6013745704467355 0.4953125 0.5515463917525774 0.4921875 0.5360824742268042 0.49453125 0.513745704467354 0.4921875 0.5034364261168386 0.49375 0.4553264604810997 0.4921875 0.4484536082474227 0.4875 0.4450171821305842 0.48125 0.4484536082474227 0.4625 0.4690721649484536 0.4671875 0.4965635738831615
0 0.4453125 0.7714776632302407 0.44921875 0.7749140893470792 0.46953125 0.7439862542955327 0.4734375 0.7302405498281788 0.47109375 0.7164948453608248 0.47109375 0.6821305841924399 0.46796875 0.6649484536082475 0.46875 0.6237113402061857 0.46640625 0.6082474226804124 0.45546875 0.6099656357388317 0.44921875 0.6202749140893471 0.4421875 0.6219931271477663 0.43828125 0.6323024054982819 0.44375 0.7611683848797252 0.4453125 0.7714776632302407
0 0.2546875 0.513745704467354 0.27109375 0.6116838487972509 0.296875 0.6460481099656358 0.3078125 0.6460481099656358 0.3078125 0.6305841924398626 0.30234375 0.6202749140893471 0.303125 0.5945017182130584 0.3 0.5807560137457045 0.303125 0.5790378006872853 0.303125 0.5738831615120275 0.29921875 0.5549828178694158 0.29609375 0.5103092783505155 0.30703125 0.5 0.30859375 0.4896907216494846 0.2859375 0.46563573883161513 0.27734375 0.46563573883161513 0.25625 0.48453608247422686 0.25390625 0.4896907216494846 0.2546875 0.513745704467354
0 0.25859375 0.5326460481099657 0.28984375 0.5498281786941581 0.29609375 0.5481099656357389 0.2953125 0.5103092783505155 0.3 0.5 0.30703125 0.4965635738831615 0.30703125 0.4896907216494846 0.2984375 0.47594501718213056 0.28359375 0.4639175257731959 0.2671875 0.4725085910652921 0.25390625 0.4896907216494846 0.2546875 0.5154639175257733 0.25859375 0.5326460481099657
0 0.2609375 0.8127147766323025 0.271875 0.8436426116838488 0.28984375 0.8762886597938145 0.29609375 0.8831615120274915 0.30390625 0.8762886597938145 0.30625 0.8659793814432991 0.30546875 0.8419243986254296 0.3015625 0.8281786941580757 0.3 0.79553264604811 0.296875 0.7852233676975946 0.2984375 0.7783505154639176 0.2859375 0.7491408934707905 0.28515625 0.7353951890034365 0.29296875 0.7336769759450172 0.30078125 0.7216494845360826 0.30390625 0.7061855670103093 0.30703125 0.711340206185567 0.31640625 0.7010309278350516 0.32109375 0.6924398625429553 0.31875 0.6890034364261168 0.32109375 0.6855670103092784 0.31484375 0.6890034364261168 0.30625 0.6804123711340206 0.3046875 0.6718213058419245 0.3 0.6666666666666667 0.3 0.6580756013745706 0.28671875 0.6460481099656358 0.28203125 0.6323024054982819 0.2671875 0.6151202749140894 0.253125 0.6219931271477663 0.2265625 0.6494845360824744 0.25078125 0.7938144329896908 0.2609375 0.8127147766323025
0 0.62265625 0.39862542955326463 0.62734375 0.32817869415807566 0.63203125 0.30584192439862545 0.6125 0.302405498281787 0.6015625 0.3178694158075602 0.6 0.33333333333333337 0.5984375 0.39003436426116844 0.62265625 0.39862542955326463
0 0.37265625 0.7371134020618557 0.37578125 0.7508591065292097 0.375 0.7886597938144331 0.3828125 0.8831615120274915 0.38984375 0.8762886597938145 0.41640625 0.8247422680412372 0.415625 0.8006872852233677 0.41015625 0.7749140893470792 0.41015625 0.7164948453608248 0.40703125 0.6890034364261168 0.40390625 0.6752577319587629 0.39375 0.6855670103092784 0.38125 0.725085910652921 0.37265625 0.7371134020618557
0 0.5359375 0.3934707903780069 0.534375 0.4072164948453609 0.5375 0.4295532646048111 0.53515625 0.43814432989690727 0.5375 0.44673539518900346 0.534375 0.4553264604810997 0.53515625 0.5360824742268042 0.53984375 0.5395189003436427 0.54609375 0.534364261168385 0.571875 0.4914089347079038 0.57265625 0.45704467353951894 0.575 0.4484536082474227 0.57578125 0.3264604810996564 0.56875 0.3264604810996564 0.52578125 0.36769759450171824 0.525 0.3814432989690722 0.5359375 0.3934707903780069
0 0.025 0.49312714776632305 0.0359375 0.4948453608247423 0.07734375 0.47938144329896915 0.075 0.44673539518900346 0.06875 0.4123711340206186 0.05 0.38487972508591073 0.0421875 0.38659793814432997 0.0421875 0.39518900343642616 0.0359375 0.40549828178694164 0.0125 0.41924398625429554 0.0125 0.4347079037800688 0.025 0.49312714776632305
0 0.49375 0.443298969072165 0.52421875 0.4037800687285224 0.5257486979166667 0.3903207331042383 0.52109375 0.38659793814432997 0.51875 0.3780068728522337 0.5046875 0.3883161512027492 0.484375 0.3780068728522337 0.4828125 0.38487972508591073 0.4765625 0.39003436426116844 0.4765625 0.41580756013745707 0.48359375 0.422680412371134 0.4859375 0.44158075601374575 0.49375 0.443298969072165
0 0.6578125 0.4639175257731959 0.671875 0.4690721649484536 0.67578125 0.46563573883161513 0.6859375 0.41924398625429554 0.66328125 0.4089347079037801 0.65703125 0.4123711340206186 0.6515625 0.422680412371134 0.65078125 0.45360824742268047 0.6578125 0.4639175257731959
0 0.5171875 0.3780068728522337 0.521875 0.3780068728522337 0.5296875 0.3556701030927835 0.52890625 0.3505154639175258 0.51953125 0.34536082474226804 0.4875 0.34536082474226804 0.48203125 0.3505154639175258 0.48515625 0.36769759450171824 0.5171875 0.3780068728522337
0 0 0.5068728522336771 0.02265625 0.4948453608247423 0.021875 0.47594501718213056 0.01171875 0.42439862542955326 0.00234375 0.4123711340206186 0 0.4123711340206186 0 0.5068728522336771
0 0.59296875 0.5034364261168386 0.5953125 0.5 0.59765625 0.42439862542955326 0.5953125 0.40034364261168387 0.58515625 0.40549828178694164 0.58125 0.39862542955326463 0.57578125 0.41580756013745707 0.57421875 0.4914089347079038 0.59296875 0.5034364261168386
0 0.6390625 0.24742268041237114 0.6625 0.24914089347079038 0.66484375 0.24398625429553267 0.66484375 0.2302405498281787 0.6625 0.22680412371134023 0.6390625 0.2302405498281787 0.63671875 0.23539518900343642 0.6390625 0.24742268041237114
0 0.125 0.4347079037800688 0.13515625 0.44158075601374575 0.140625 0.4518900343642612 0.15546875 0.4450171821305842 0.1546875 0.42783505154639184 0.14765625 0.4020618556701031 0.12578125 0.4037800687285224 0.11875 0.4089347079037801 0.125 0.4347079037800688
0 0.33125 0.8 0.00078125 0.0015625
0 0.3390625 0.7920962199312716 0.334375 0.7817869415807561 0.334375 0.79553264604811 0.3390625 0.7920962199312716
0 0.328125 0.77890625 0.0015625 0.0015625
0 0.3 0.77265625 0.0015625 0.0015625
0 0.3046875 0.7903780068728523 0.30078125 0.802405498281787 0.3015625 0.8281786941580757 0.30625 0.8556701030927837 0.30546875 0.8745704467353953 0.303125 0.879725085910653 0.3046875 0.9020618556701031 0.3140625 0.9243986254295533 0.33828125 0.963917525773196 0.34296875 0.9656357388316152 0.35546875 0.9450171821305842 0.38359375 0.8831615120274915 0.378125 0.8573883161512029 0.37578125 0.8298969072164949 0.378125 0.8178694158075602 0.3734375 0.7938144329896908 0.37265625 0.7577319587628867 0.36640625 0.7405498281786942 0.35546875 0.738831615120275 0.3484375 0.7439862542955327 0.3484375 0.752577319587629 0.3375 0.7646048109965636 0.3359375 0.7749140893470792 0.340625 0.7766323024054984 0.33984375 0.7817869415807561 0.34609375 0.7903780068728523 0.33515625 0.8058419243986255 0.32734375 0.8075601374570448 0.3109375 0.7852233676975946 0.3046875 0.7817869415807561 0.3015625 0.7869415807560138 0.3 0.7817869415807561 0.29921875 0.7852233676975946 0.3046875 0.7903780068728523
0 0.34140625 0.7336769759450172 0.33984375 0.7233676975945018 0.33671875 0.7216494845360826 0.33515625 0.7268041237113403 0.32890625 0.718213058419244 0.325 0.718213058419244 0.3234375 0.7285223367697595 0.31796875 0.731958762886598 0.3265625 0.7405498281786942 0.34140625 0.7336769759450172
0 0.3265625 0.7010309278350516 0.31796875 0.7079037800687286 0.32109375 0.7096219931271478 0.3265625 0.7010309278350516
0 0.3421875 0.6958762886597938 0.340625 0.6924398625429553 0.33828125 0.6958762886597938 0.3421875 0.6958762886597938
0 0.6640625 0.38671875 0.00078125 0.003125
0 0.66484375 0.3694158075601375 0.665625 0.3608247422680413 0.66484375 0.3556701030927835 0.66484375 0.3694158075601375
0 0.68515625 0.4261168384879725 0.6875 0.4312714776632303 0.6828125 0.4484536082474227 0.684375 0.45360824742268047 0.69609375 0.45704467353951894 0.70234375 0.4484536082474227 0.70625 0.4295532646048111 0.7125 0.32130584192439865 0.7 0.33333333333333337 0.68671875 0.3762886597938145 0.68828125 0.38659793814432997 0.68515625 0.4261168384879725
0 0.425 0.49828178694158076 0.40703125 0.5171821305841925 0.38984375 0.5240549828178694 0.39921875 0.5463917525773196 0.39765625 0.5618556701030928 0.403125 0.5927835051546392 0.403125 0.6185567010309279 0.40703125 0.6460481099656358 0.41640625 0.6391752577319588 0.43203125 0.6168384879725086 0.4328125 0.5945017182130584 0.4359375 0.5807560137457045 0.43359375 0.5292096219931273 0.43515625 0.5154639175257733 0.42734375 0.49312714776632305 0.43125 0.48797250859106533 0.43046875 0.47938144329896915 0.4234375 0.47594501718213056 0.42734375 0.4862542955326461 0.425 0.49828178694158076
0 0.38359375 0.46219931271477666 0.38359375 0.4553264604810997 0.38125 0.4553264604810997 0.38046875 0.4587628865979382 0.38359375 0.46219931271477666
0 0.3375 0.4810996563573884 0.34296875 0.4742268041237113 0.34375 0.4828178694158076 0.346875 0.4776632302405499 0.35078125 0.48453608247422686 0.35234375 0.4810996563573884 0.3578125 0.48797250859106533 0.359375 0.4828178694158076 0.36171875 0.48797250859106533 0.365625 0.4862542955326461 0.3671875 0.44158075601374575 0.3640625 0.4347079037800688 0.35963515625000003 0.4347079037800688 0.36484375 0.4175257731958763 0.36015625 0.4209621993127148 0.3453125 0.41065292096219935 0.34375 0.41924398625429554 0.3484375 0.42439862542955326 0.34453125 0.4347079037800688 0.340625 0.4347079037800688 0.334375 0.42439862542955326 0.32552109375 0.42439862542955326 0.3234375 0.4295532646048111 0.32109375 0.42439862542955326 0.3234375 0.4312714776632303 0.3203125 0.43642611683848803 0.31015625 0.43298969072164956 0.30703125 0.4261168384879725 0.29375 0.4398625429553265 0.296875 0.44673539518900346 0.30390625 0.4484536082474227 0.30078125 0.46735395189003437 0.29609375 0.4690721649484536 0.28046875 0.4587628865979382 0.31484375 0.48797250859106533 0.3375 0.4810996563573884
0 0.01953125 0.6065292096219932 0.028125 0.6271477663230242 0.05625 0.5996563573883162 0.0640625 0.6013745704467355 0.07421875 0.6151202749140894 0.090625 0.6013745704467355 0.08125 0.5738831615120275 0.07109375 0.5721649484536082 0.05703125 0.5532646048109966 0.03203125 0.5601374570446735 0.0015625 0.5790378006872853 0 0.6134020618556701 0.01953125 0.6065292096219932
0 0.334375 0.5670103092783505 0.35625 0.6013745704467355 0.3984375 0.5498281786941581 0.38359375 0.5223367697594502 0.3703125 0.513745704467354 0.35703125 0.5171821305841925 0.3359375 0.5429553264604812 0.33359375 0.5532646048109966 0.334375 0.5670103092783505
0 0.01875 0.7817869415807561 0.025 0.8058419243986255 0.03125 0.8144329896907218 0.040625 0.809278350515464 0.05390625 0.7886597938144331 0.06875 0.7783505154639176 0.08203125 0.7611683848797252 0.109375 0.7474226804123713 0.1171875 0.7405498281786942 0.11875 0.7336769759450172 0.10859375 0.718213058419244 0.0953125 0.6872852233676976 0.0875 0.6786941580756014 0.0171875 0.7405498281786942 0.0140625 0.7491408934707905 0.01875 0.7817869415807561
0 0.328125 0.6494845360824744 0.32734375 0.6563573883161513 0.33125 0.6580756013745706 0.32890625 0.668384879725086 0.325 0.668384879725086 0.321875 0.6563573883161513 0.31796875 0.6632302405498283 0.34140625 0.6821305841924399 0.37109375 0.7336769759450172 0.37578125 0.7542955326460482 0.37421875 0.7903780068728523 0.37890625 0.8230240549828179 0.37734375 0.8384879725085911 0.3796875 0.8642611683848799 0.3828125 0.8814432989690723 0.38671875 0.879725085910653 0.41484375 0.8281786941580757 0.40859375 0.7749140893470792 0.409375 0.711340206185567 0.4046875 0.6735395189003437 0.4015625 0.5910652920962199 0.39609375 0.5567010309278351 0.39765625 0.5446735395189004 0.37265625 0.5103092783505155 0.353125 0.520618556701031 0.33359375 0.5429553264604812 0.33125 0.5515463917525774 0.33203125 0.570446735395189 0.328125 0.584192439862543 0.3328125 0.5979381443298969 0.3328125 0.6185567010309279 0.31484375 0.6219931271477663 0.3171875 0.6426116838487973 0.328125 0.6494845360824744
0 0.1265625 0.6013745704467355 0.15078125 0.6013745704467355 0.1625 0.5859106529209622 0.16484375 0.5756013745704468 0.1609375 0.5549828178694158 0.15 0.5412371134020619 0.13671875 0.5446735395189004 0.121875 0.5567010309278351 0.11953125 0.5670103092783505 0.1265625 0.6013745704467355
0 0.15 0.7164948453608248 0.18203125 0.6907216494845361 0.18203125 0.6701030927835052 0.171875 0.6134020618556701 0.1671875 0.5670103092783505 0.1609375 0.5532646048109966 0.153125 0.5395189003436427 0.14765625 0.5378006872852235 0.1203125 0.5567010309278351 0.12265625 0.5910652920962199 0.15 0.7164948453608248
0 0.3984375 0.5618556701030928 0.403125 0.5893470790378007 0.4046875 0.6374570446735396 0.40703125 0.6460481099656358 0.41015625 0.6460481099656358 0.43203125 0.6219931271477663 0.434375 0.5945017182130584 0.44140625 0.5807560137457045 0.4375 0.577319587628866 0.43671875 0.570446735395189 0.434375 0.5120274914089348 0.42890625 0.5034364261168386 0.4078125 0.5189003436426117 0.409375 0.5309278350515465 0.4 0.5360824742268042 0.40078125 0.5498281786941581 0.3984375 0.5618556701030928
0 0.66875 0.5412371134020619 0.68515625 0.5 0.69375 0.4639175257731959 0.70234375 0.4450171821305842 0.703125 0.4312714776632303 0.6875 0.4175257731958763 0.6609375 0.41065292096219935 0.65390625 0.41924398625429554 0.65 0.4484536082474227 0.64609375 0.527491408934708 0.66875 0.5412371134020619
0 0.090625 0.993127147766323 0.0984375 0.9896907216494846 0.1234375 0.9948453608247423 0.1296875 0.9879725085910653 0.134375 0.993127147766323 0.13671875 0.9914089347079038 0.134375 0.9845360824742269 0.13671875 0.9810996563573884 0.1484375 0.993127147766323 0.178125 0.9982817869415808 0.1859375 0.9948453608247423 0.165625 0.8969072164948454 0.16171875 0.8917525773195877 0.146875 0.9037800687285223 0.14375 0.9123711340206186 0.134375 0.9209621993127148 0.1296875 0.9398625429553265 0.1109375 0.9450171821305842 0.10234375 0.9553264604810998 0.0984375 0.9725085910652922 0.0875 0.9759450171821307 0.08671875 0.9879725085910653 0.090625 0.993127147766323
0 0.58046875 0.359106529209622 0.58984375 0.359106529209622 0.5921875 0.365979381443299 0.58828125 0.3694158075601375 0.59453125 0.37972508591065296 0.59296875 0.38659793814432997 0.5953125 0.3883161512027492 0.60078125 0.32130584192439865 0.609375 0.302405498281787 0.5875 0.29553264604810997 0.57890625 0.3041237113402062 0.57890625 0.3539518900343643 0.58046875 0.359106529209622
0 0.51796875 0.29381443298969073 0.5421875 0.3041237113402062 0.57421875 0.3041237113402062 0.58125 0.29553264604810997 0.5953125 0.2920962199312715 0.628125 0.302405498281787 0.6484375 0.30068728522336774 0.66171875 0.30584192439862545 0.675 0.28350515463917525 0.6828125 0.27835051546391754 0.69453125 0.27491408934707906 0.71328125 0.281786941580756 0.7171875 0.26460481099656363 0.7140625 0.2577319587628866 0.678125 0.24914089347079038 0.659375 0.2508591065292097 0.6296875 0.24398625429553267 0.57109375 0.2457044673539519 0.55 0.2508591065292097 0.53671875 0.26975945017182135 0.5171875 0.281786941580756 0.51484375 0.288659793814433 0.51796875 0.29381443298969073
0 0.28203125 0.4604810996563574 0.30390625 0.47079037800687284 0.31015625 0.4553264604810997 0.328125 0.44673539518900346 0.33359375 0.43814432989690727 0.32734375 0.4261168384879725 0.309375 0.422680412371134 0.2953125 0.43814432989690727 0.2828125 0.443298969072165 0.2796875 0.45017182130584193 0.28203125 0.4604810996563574
0 0.6375 0.5257731958762888 0.63515625 0.5240549828178694 0.6328125 0.5240549828178694 0.6375 0.5257731958762888
0 0.64375 0.5 0.64765625 0.4810996563573884 0.64921875 0.4261168384879725 0.6265625 0.422680412371134 0.62265625 0.44158075601374575 0.62265625 0.49312714776632305 0.64375 0.5
0 0.43515625 0.7828125 0.0015625 0.0015625
0 0.43125 0.77734375 0.00234375 0.0015625
0 0.3796875 0.7835051546391754 0.3796875 0.7972508591065293 0.38515625 0.8058419243986255 0.3828125 0.8127147766323025 0.38671875 0.809278350515464 0.39296875 0.8178694158075602 0.38359375 0.8298969072164949 0.38203125 0.8384879725085911 0.38515625 0.8436426116838488 0.38359375 0.8608247422680414 0.38984375 0.8676975945017184 0.4 0.8470790378006873 0.40703125 0.8402061855670103 0.41171875 0.8247422680412372 0.4078125 0.8178694158075602 0.4078125 0.8041237113402062 0.40390625 0.8006872852233677 0.4078125 0.7886597938144331 0.39765625 0.7817869415807561 0.39453125 0.7731958762886599 0.4078125 0.7697594501718215 0.41015625 0.7646048109965636 0.403125 0.7577319587628867 0.403125 0.7646048109965636 0.40078125 0.7663230240549829 0.39453125 0.7560137457044674 0.38828125 0.7560137457044674 0.38359375 0.7680412371134021 0.3859375 0.7783505154639176 0.3796875 0.7835051546391754
0 0.39140625 0.745704467353952 0.39765625 0.745704467353952 0.4 0.7353951890034365 0.4046875 0.7336769759450172 0.4 0.731958762886598 0.39921875 0.7371134020618557 0.39609375 0.731958762886598 0.38828125 0.731958762886598 0.38671875 0.7371134020618557 0.39140625 0.745704467353952
0 0.3984375 0.7285223367697595 0.40078125 0.7199312714776632 0.40546875 0.7268041237113403 0.40546875 0.7164948453608248 0.39921875 0.7199312714776632 0.396875 0.7268041237113403 0.3984375 0.7285223367697595
0 0.36875 0.70546875 0.00234375 0.0015625
0 0.3828125 0.6984375 0.0015625 0.0015625
0 0.35546875 0.6975945017182131 0.36328125 0.6993127147766324 0.35859375 0.6907216494845361 0.35546875 0.6907216494845361 0.35546875 0.6975945017182131
0 0.35625 0.6786941580756014 0.35546875 0.6718213058419245 0.35390625 0.6769759450171822 0.35625 0.6786941580756014
0 0.35078125 0.6786941580756014 0.34765625 0.6718213058419245 0.34453125 0.6769759450171822 0.35078125 0.6786941580756014
0 0.3421875 0.6640625 0.00078125 0.0015625
0 0.35625 0.6649484536082475 0.35546875 0.6580756013745706 0.34765625 0.6546391752577321 0.3453125 0.6580756013745706 0.35625 0.6649484536082475
0 0.3546875 0.63671875 0.00234375 0.0015625
0 0.34375 0.6340206185567011 0.3515625 0.6340206185567011 0.3484375 0.6288659793814434 0.34453125 0.6323024054982819 0.34453125 0.6219931271477663 0.340625 0.6219931271477663 0.340625 0.6391752577319588 0.34375 0.6340206185567011
0 0.340625 0.609375 0.00078125 0.0015625
0 0.35546875 0.5953125 0.0015625 0.0015625
0 0.02265625 0.9828178694158076 0.01328125 0.9914089347079038 0.00546875 0.9914089347079038 0.021875 0.993127147766323 0.02265625 0.9828178694158076
0 0.009375 0.7302405498281788 0.00703125 0.7268041237113403 0.00390625 0.7302405498281788 0.009375 0.7302405498281788
0 0.0234375 0.7938144329896908 0.02421875 0.809278350515464 0.03125 0.8247422680412372 0.04140625 0.8659793814432991 0.0421875 0.8831615120274915 0.04765625 0.8986254295532646 0.04921875 0.9089347079037802 0.04609375 0.9175257731958764 0.04921875 0.9123711340206186 0.05234375 0.9192439862542956 0.059375 0.9450171821305842 0.05859375 0.9553264604810998 0.07109375 0.9879725085910653 0.078125 0.9914089347079038 0.09765625 0.9759450171821307 0.10546875 0.9793814432989691 0.1234375 0.963917525773196 0.13046875 0.9656357388316152 0.13203125 0.9604810996563575 0.140625 0.9673539518900345 0.14453125 0.9587628865979383 0.15390625 0.9553264604810998 0.15546875 0.9467353951890034 0.16015625 0.9415807560137457 0.15 0.9398625429553265 0.140625 0.9243986254295533 0.1453125 0.9192439862542956 0.1484375 0.9054982817869417 0.1546875 0.9054982817869417 0.1609375 0.8986254295532646 0.16171875 0.8917525773195877 0.15390625 0.8539518900343642 0.15078125 0.852233676975945 0.15078125 0.8384879725085911 0.146875 0.8230240549828179 0.1453125 0.8247422680412372 0.14375 0.8109965635738833 0.13671875 0.7938144329896908 0.1375 0.7869415807560138 0.1234375 0.752577319587629 0.11953125 0.7285223367697595 0.1125 0.7164948453608248 0.11328125 0.7130584192439863 0.10859375 0.711340206185567 0.10859375 0.7061855670103093 0.10546875 0.7061855670103093 0.09140625 0.6804123711340206 0.08046875 0.6804123711340206 0.06875 0.6632302405498283 0.06875 0.6718213058419245 0.06171875 0.6632302405498283 0.0640625 0.6752577319587629 0.0703125 0.6735395189003437 0.0765625 0.6838487972508591 0.0625 0.6975945017182131 0.04921875 0.7027491408934708 0.015625 0.738831615120275 0.0140625 0.7542955326460482 0.0234375 0.7938144329896908
0 0.3 0.570446735395189 0.2984375 0.5807560137457045 0.30234375 0.5893470790378007 0.30390625 0.604810996563574 0.31015625 0.6151202749140894 0.303125 0.6254295532646049 0.3078125 0.6288659793814434 0.3140625 0.6443298969072165 0.32109375 0.6357388316151203 0.31640625 0.6323024054982819 0.3140625 0.6237113402061857 0.33125 0.6202749140893471 0.3359375 0.6030927835051547 0.3359375 0.5962199312714777 0.3296875 0.5824742268041238 0.3375 0.563573883161512 0.33828125 0.5395189003436427 0.36953125 0.5085910652920963 0.359375 0.4896907216494846 0.3328125 0.4810996563573884 0.31328125 0.48797250859106533 0.2984375 0.5051546391752578 0.29609375 0.513745704467354 0.2953125 0.5378006872852235 0.3 0.570446735395189
0 0.66796875 0.5429553264604812 0.67265625 0.5360824742268042 0.68046875 0.5103092783505155 0.6734375 0.5068728522336771 0.66953125 0.4965635738831615 0.6515625 0.48453608247422686 0.646875 0.5017182130584193 0.646875 0.5326460481099657 0.66796875 0.5429553264604812
0 0.29921875 0.5223367697594502 0.3078125 0.5257731958762888 0.31015625 0.5326460481099657 0.321875 0.5412371134020619 0.36015625 0.5103092783505155 0.36328125 0.4948453608247423 0.35703125 0.48797250859106533 0.33515625 0.4810996563573884 0.3125 0.4896907216494846 0.3 0.5051546391752578 0.296875 0.5120274914089348 0.29921875 0.5223367697594502
0 0.43359375 0.48797250859106533 0.43046875 0.5017182130584193 0.43359375 0.5085910652920963 0.4375 0.570446735395189 0.4421875 0.5790378006872853 0.44765625 0.577319587628866 0.45234375 0.5670103092783505 0.45 0.5429553264604812 0.46328125 0.5378006872852235 0.46484375 0.5068728522336771 0.4625 0.4810996563573884 0.459375 0.4725085910652921 0.4453125 0.46563573883161513 0.43046875 0.4690721649484536 0.42890625 0.4725085910652921 0.43359375 0.48797250859106533
0 0.059375 0.3917525773195877 0.0703125 0.41065292096219935 0.07421875 0.4295532646048111 0.103125 0.4209621993127148 0.109375 0.41065292096219935 0.11640625 0.4072164948453609 0.1125 0.3762886597938145 0.103125 0.36426116838487976 0.07734375 0.36769759450171824 0.05859375 0.37972508591065296 0.05703125 0.38316151202749144 0.059375 0.3917525773195877
0 0.30703125 0.7886597938144331 0.303125 0.8075601374570448 0.303125 0.8230240549828179 0.30859375 0.845360824742268 0.30859375 0.8762886597938145 0.30546875 0.88659793814433 0.30703125 0.9020618556701031 0.3140625 0.9158075601374571 0.33828125 0.9037800687285223 0.346875 0.9158075601374571 0.34765625 0.9261168384879725 0.3515625 0.9329896907216495 0.35859375 0.9312714776632303 0.3625 0.9243986254295533 0.36171875 0.9192439862542956 0.3703125 0.9106529209621994 0.3828125 0.8831615120274915 0.38046875 0.8676975945017184 0.37578125 0.8625429553264606 0.37578125 0.8436426116838488 0.371875 0.8230240549828179 0.3765625 0.8127147766323025 0.37265625 0.8127147766323025 0.3703125 0.8058419243986255 0.371875 0.7714776632302407 0.36875 0.7611683848797252 0.3734375 0.7542955326460482 0.371875 0.7422680412371134 0.36171875 0.7285223367697595 0.3453125 0.6924398625429553 0.3375 0.6855670103092784 0.32890625 0.6855670103092784 0.290625 0.7405498281786942 0.2890625 0.7474226804123713 0.30703125 0.7886597938144331
0 0.58125 0.32817869415807566 0.59765625 0.33333333333333337 0.6 0.32130584192439865 0.609375 0.302405498281787 0.6015625 0.29553264604810997 0.58515625 0.29553264604810997 0.57734375 0.302405498281787 0.578125 0.3195876288659794 0.58125 0.32817869415807566
0 0.103125 0.6234375 0.00078125 0.003125
0 0.0484375 0.5498281786941581 0.059375 0.5532646048109966 0.06640625 0.563573883161512 0.07890625 0.5670103092783505 0.0875 0.5876288659793815 0.10234375 0.6082474226804124 0.10546875 0.6099656357388317 0.11171875 0.5962199312714777 0.11953125 0.5962199312714777 0.11953125 0.570446735395189 0.11015625 0.5360824742268042 0.10859375 0.520618556701031 0.0921875 0.4862542955326461 0.0734375 0.4896907216494846 0.05859375 0.5 0.04921875 0.4948453608247423 0.0375 0.5017182130584193 0.03828125 0.520618556701031 0.0484375 0.5498281786941581
0 0.4734375 0.69453125 0.00078125 0.003125
0 0.49609375 0.6529209621993128 0.49453125 0.6890034364261168 0.51640625 0.6477663230240551 0.51796875 0.577319587628866 0.51640625 0.5085910652920963 0.5140625 0.5 0.5140625 0.4347079037800688 0.51171875 0.42439862542955326 0.50859375 0.42439862542955326 0.49375 0.4398625429553265 0.49140625 0.49312714776632305 0.49609375 0.6529209621993128
0 0.6984375 0.37972508591065296 0.7 0.38659793814432997 0.68671875 0.41408934707903783 0.6953125 0.42783505154639184 0.69609375 0.45360824742268047 0.70234375 0.4484536082474227 0.70625 0.43298969072164956 0.71171875 0.3539518900343643 0.7109375 0.34192439862542956 0.70703125 0.34536082474226804 0.703125 0.3694158075601375 0.6984375 0.37972508591065296
0 0.0703125 0.41065292096219935 0.07421875 0.4295532646048111 0.10234375 0.4209621993127148 0.11640625 0.4072164948453609 0.1125 0.3762886597938145 0.103125 0.36426116838487976 0.0734375 0.3694158075601375 0.059375 0.37972508591065296 0.059375 0.3883161512027492 0.0703125 0.41065292096219935
0 0.346875 0.6872852233676976 0.37265625 0.7353951890034365 0.38984375 0.7130584192439863 0.40390625 0.6855670103092784 0.4015625 0.5893470790378007 0.396875 0.563573883161512 0.39375 0.5584192439862543 0.3859375 0.5618556701030928 0.3609375 0.5945017182130584 0.35625 0.5945017182130584 0.334375 0.5670103092783505 0.32734375 0.584192439862543 0.33125 0.5979381443298969 0.3296875 0.604810996563574 0.33203125 0.6134020618556701 0.32734375 0.6185567010309279 0.31328125 0.6168384879725086 0.3171875 0.6666666666666667 0.346875 0.6872852233676976
0 0.39375 0.5421875 0.0015625 0.0015625
0 0.38125 0.5421875 0.00546875 0.0015625
0 0.47265625 0.7216494845360826 0.4734375 0.7268041237113403 0.47734375 0.7268041237113403 0.49453125 0.7010309278350516 0.49609375 0.6872852233676976 0.50859375 0.6632302405498283 0.50703125 0.6563573883161513 0.5109375 0.6512027491408936 0.5078125 0.6460481099656358 0.509375 0.6357388316151203 0.50703125 0.6288659793814434 0.5125 0.6082474226804124 0.50390625 0.6065292096219932 0.4953125 0.5962199312714777 0.4875 0.5962199312714777 0.47265625 0.6082474226804124 0.4703125 0.6202749140893471 0.46953125 0.6701030927835052 0.47265625 0.7216494845360826
0 0.4984375 0.6786941580756014 0.5015625 0.6804123711340206 0.53203125 0.6254295532646049 0.534375 0.563573883161512 0.53203125 0.5360824742268042 0.52890625 0.5309278350515465 0.51796875 0.5292096219931273 0.51484375 0.5807560137457045 0.51171875 0.584192439862543 0.5109375 0.5996563573883162 0.50234375 0.6099656357388317 0.49921875 0.6357388316151203 0.5015625 0.6563573883161513 0.4984375 0.6786941580756014
0 0.04921875 0.9140893470790379 0.0625 0.9621993127147768 0.07421875 0.9914089347079038 0.08203125 0.9914089347079038 0.09296875 0.9759450171821307 0.1015625 0.970790378006873 0.1078125 0.9415807560137457 0.12890625 0.9381443298969072 0.1359375 0.9192439862542956 0.14296875 0.9175257731958764 0.146875 0.9054982817869417 0.16171875 0.8934707903780069 0.1453125 0.8058419243986255 0.11953125 0.745704467353952 0.09296875 0.7611683848797252 0.0328125 0.8195876288659795 0.03203125 0.8367697594501718 0.04921875 0.9140893470790379
0 0.41796875 0.5034364261168386 0.4109375 0.5 0.41015625 0.5085910652920963 0.41796875 0.5034364261168386
0 0.37109375 0.49828178694158076 0.36875 0.4896907216494846 0.36796875 0.4948453608247423 0.37109375 0.49828178694158076
0 0.37734375 0.42783505154639184 0.37578125 0.4347079037800688 0.39140625 0.4690721649484536 0.3875 0.4725085910652921 0.3890625 0.47594501718213056 0.40390625 0.4604810996563574 0.425 0.47079037800687284 0.43671875 0.4587628865979382 0.4359375 0.4484536082474227 0.42578125 0.4209621993127148 0.42265625 0.4037800687285224 0.409375 0.39518900343642616 0.39375 0.39518900343642616 0.384375 0.4089347079037801 0.3859375 0.4209621993127148 0.37734375 0.42783505154639184
0 0 0.577319587628866 0.01484375 0.5721649484536082 0.0453125 0.5498281786941581 0.03203125 0.5034364261168386 0.0140625 0.5034364261168386 0 0.5103092783505155 0 0.577319587628866
0 0.346875 0.47938144329896915 0.365625 0.4896907216494846 0.390625 0.46735395189003437 0.3828125 0.44673539518900346 0.375 0.4398625429553265 0.35078125 0.4398625429553265 0.3421875 0.44673539518900346 0.34140625 0.45704467353951894 0.346875 0.47938144329896915
0 0.23046875 0.6632302405498283 0.23671875 0.6958762886597938 0.2375 0.7164948453608248 0.24765625 0.7577319587628867 0.24765625 0.7749140893470792 0.253125 0.79553264604811 0.25859375 0.802405498281787 0.2625 0.7989690721649485 0.26484375 0.8058419243986255 0.26171875 0.8144329896907218 0.26484375 0.8178694158075602 0.26875 0.8350515463917526 0.28984375 0.8745704467353953 0.30234375 0.8883161512027492 0.3046875 0.8934707903780069 0.30390625 0.9003436426116839 0.32421875 0.9415807560137457 0.34296875 0.9656357388316152 0.3796875 0.8934707903780069 0.38203125 0.8814432989690723 0.37578125 0.8367697594501718 0.3765625 0.816151202749141 0.37265625 0.7886597938144331 0.371875 0.745704467353952 0.3453125 0.6924398625429553 0.31015625 0.6701030927835052 0.28359375 0.6426116838487973 0.275 0.6254295532646049 0.265625 0.6168384879725086 0.2515625 0.6237113402061857 0.22734375 0.6494845360824744 0.2265625 0.6546391752577321 0.23046875 0.6632302405498283
0 0.54375 0.4518900343642612 0.5453125 0.443298969072165 0.53984375 0.4398625429553265 0.5390625 0.4518900343642612 0.54375 0.4518900343642612
0 0.53515625 0.39518900343642616 0.5359375 0.41065292096219935 0.53984375 0.42439862542955326 0.54921875 0.42439862542955326 0.55625 0.4072164948453609 0.5609375 0.35223367697594504 0.55859375 0.34536082474226804 0.55234375 0.34536082474226804 0.53046875 0.35738831615120276 0.525 0.36769759450171824 0.52421875 0.38316151202749144 0.53515625 0.39518900343642616
0 0.0390625 0.5240549828178694 0.05078125 0.5532646048109966 0.04921875 0.563573883161512 0.06328125 0.5618556701030928 0.07421875 0.5790378006872853 0.0734375 0.5859106529209622 0.07890625 0.5910652920962199 0.07578125 0.6116838487972509 0.07890625 0.6288659793814434 0.08671875 0.6374570446735396 0.08828125 0.6563573883161513 0.0921875 0.668384879725086 0.09609375 0.6632302405498283 0.10703125 0.6735395189003437 0.1078125 0.6838487972508591 0.1140625 0.6890034364261168 0.12109375 0.711340206185567 0.1296875 0.7594501718213059 0.1359375 0.7714776632302407 0.15 0.7611683848797252 0.15234375 0.745704467353952 0.1484375 0.7302405498281788 0.146875 0.7061855670103093 0.11875 0.563573883161512 0.10625 0.513745704467354 0.0921875 0.4862542955326461 0.05703125 0.5 0.04921875 0.4948453608247423 0.0375 0.5017182130584193 0.03984375 0.5103092783505155 0.0390625 0.5240549828178694
0 0.0890625 0.47079037800687284 0.1078125 0.5120274914089348 0.11640625 0.5481099656357389 0.11953125 0.5515463917525774 0.1515625 0.5326460481099657 0.14453125 0.46735395189003437 0.134375 0.4450171821305842 0.121875 0.44158075601374575 0.0921875 0.4553264604810997 0.0890625 0.46219931271477666 0.0890625 0.47079037800687284
0 0.034375 0.5068728522336771 0.040625 0.5171821305841925 0.06171875 0.5 0.09140625 0.4862542955326461 0.0796875 0.48453608247422686 0.0796875 0.4896907216494846 0.075 0.4914089347079038 0.0755859375 0.48453608247422686 0.06328125 0.48453608247422686 0.034375 0.4965635738831615 0.03203125 0.49828178694158076 0.034375 0.5068728522336771
0 0.421875 0.4965635738831615 0.41796875 0.5068728522336771 0.39296875 0.5257731958762888 0.4 0.5446735395189004 0.4046875 0.6666666666666667 0.409375 0.7061855670103093 0.409375 0.7611683848797252 0.41796875 0.8213058419243987 0.425 0.8144329896907218 0.44453125 0.7766323024054984 0.440625 0.6907216494845361 0.4359375 0.6563573883161513 0.43515625 0.5945017182130584 0.43828125 0.5807560137457045 0.434375 0.534364261168385 0.4359375 0.5103092783505155 0.4296875 0.5 0.4328125 0.4810996563573884 0.4203125 0.4742268041237113 0.41953125 0.4914089347079038 0.421875 0.4965635738831615
0 0.47734375 0.32817869415807566 0.490625 0.3384879725085911 0.50703125 0.33161512027491413 0.51640625 0.33333333333333337 0.525 0.3230240549828179 0.52265625 0.31615120274914094 0.503125 0.30927835051546393 0.4765625 0.3178694158075602 0.475 0.32130584192439865 0.47734375 0.32817869415807566
0 0.3765625 0.5085910652920963 0.39140625 0.520618556701031 0.39921875 0.520618556701031 0.42890625 0.4948453608247423 0.43125 0.48453608247422686 0.425 0.4742268041237113 0.409375 0.46219931271477666 0.4015625 0.46219931271477666 0.3703125 0.4896907216494846 0.36875 0.49828178694158076 0.3765625 0.5085910652920963
0 0.575 0.4690721649484536 0.57734375 0.4948453608247423 0.63671875 0.527491408934708 0.64765625 0.5223367697594502 0.65 0.5309278350515465 0.66875 0.5395189003436427 0.68203125 0.5068728522336771 0.69375 0.46219931271477666 0.703125 0.443298969072165 0.709375 0.38487972508591073 0.71328125 0.28350515463917525 0.675 0.2800687285223368 0.66875 0.29381443298969073 0.6640625 0.29553264604810997 0.6625 0.3075601374570447 0.590625 0.29553264604810997 0.57890625 0.302405498281787 0.578125 0.31615120274914094 0.5796875 0.359106529209622 0.575 0.4690721649484536
0 0.60703125 0.2920962199312715 0.6140625 0.2920962199312715 0.6171875 0.2852233676975945 0.609375 0.27491408934707906 0.60625 0.281786941580756 0.60703125 0.2920962199312715
0 0.68125 0.2714776632302406 0.6796875 0.26975945017182135 0.678125 0.2714776632302406 0.68125 0.2714776632302406
0 0.6390625 0.4828178694158076 0.64453125 0.47938144329896915 0.64765625 0.46563573883161513 0.65078125 0.41924398625429554 0.65390625 0.41408934707903783 0.6515625 0.4175257731958763 0.6484375 0.4037800687285224 0.6265625 0.40034364261168387 0.62265625 0.4209621993127148 0.62265625 0.4776632302405499 0.6390625 0.4828178694158076
0 0.58671875 0.29037800687285226 0.609375 0.29553264604810997 0.6078125 0.288659793814433 0.6109375 0.2800687285223368 0.6109375 0.26975945017182135 0.6078125 0.2611683848797251 0.6015625 0.25945017182130586 0.58828125 0.2680412371134021 0.584375 0.2766323024054983 0.58671875 0.29037800687285226
0 0.0765625 0.4604810996563574 0.08203125 0.47938144329896915 0.090625 0.4776632302405499 0.08828125 0.4604810996563574 0.09296875 0.4518900343642612 0.125 0.4398625429553265 0.12265625 0.4261168384879725 0.1171875 0.4209621993127148 0.075 0.4295532646048111 0.0734375 0.4347079037800688 0.0765625 0.4604810996563574
0 0.51875 0.3470790378006873 0.54140625 0.3556701030927835 0.5515625 0.34536082474226804 0.5640625 0.3436426116838488 0.56328125 0.3384879725085911 0.56640625 0.33161512027491413 0.57578125 0.3230240549828179 0.57578125 0.31099656357388317 0.56484375 0.3041237113402062 0.52578125 0.31099656357388317 0.525 0.3247422680412372 0.51640625 0.3350515463917526 0.515625 0.34192439862542956 0.51875 0.3470790378006873
0 0.52421875 0.30584192439862545 0.52109375 0.3041237113402062 0.51953125 0.30584192439862545 0.52421875 0.30584192439862545
0 0.2515625 0.6993127147766324 0.26484375 0.7233676975945018 0.2765625 0.731958762886598 0.2828125 0.7439862542955327 0.29296875 0.7405498281786942 0.3 0.725085910652921 0.3203125 0.6993127147766324 0.325 0.6855670103092784 0.28671875 0.6443298969072165 0.24765625 0.6769759450171822 0.246875 0.6872852233676976 0.2515625 0.6993127147766324
0 0.55625 0.3814432989690722 0.55859375 0.3934707903780069 0.55625 0.40549828178694164 0.56015625 0.41408934707903783 0.559375 0.4312714776632303 0.5625 0.43814432989690727 0.55703125 0.44673539518900346 0.56484375 0.4604810996563574 0.56484375 0.46563573883161513 0.5703125 0.46735395189003437 0.57421875 0.4398625429553265 0.57734375 0.33161512027491413 0.5734375 0.3247422680412372 0.5578125 0.34536082474226804 0.559375 0.3556701030927835 0.55625 0.3814432989690722
0 0.58046875 0.39518900343642616 0.5953125 0.39518900343642616 0.59921875 0.38316151202749144 0.59921875 0.3230240549828179 0.58828125 0.3230240549828179 0.58125 0.31271477663230246 0.57890625 0.3264604810996564 0.578125 0.39003436426116844 0.58046875 0.39518900343642616
0 0.5984375 0.5085910652920963 0.61796875 0.5154639175257733 0.6234375 0.4037800687285224 0.61015625 0.39518900343642616 0.5984375 0.39518900343642616 0.596875 0.4518900343642612 0.59609375 0.5034364261168386 0.5984375 0.5085910652920963
0 0.4453125 0.4587628865979382 0.45390625 0.46563573883161513 0.46796875 0.4604810996563574 0.48828125 0.43642611683848803 0.48828125 0.42783505154639184 0.484375 0.4209621993127148 0.46484375 0.4089347079037801 0.4359375 0.41408934707903783 0.4359375 0.44158075601374575 0.4453125 0.4587628865979382
0 0.28984375 0.745704467353952 0.30078125 0.7697594501718215 0.31953125 0.7869415807560138 0.3203125 0.8006872852233677 0.3375 0.8041237113402062 0.37265625 0.7542955326460482 0.36953125 0.7371134020618557 0.36171875 0.7302405498281788 0.34140625 0.6890034364261168 0.3265625 0.6890034364261168 0.31171875 0.7061855670103093 0.28984375 0.7405498281786942 0.28984375 0.745704467353952
0 0.6078125 0.2920962199312715 0.62890625 0.30584192439862545 0.6421875 0.29896907216494845 0.646875 0.28350515463917525 0.646875 0.27491408934707906 0.64296875 0.2680412371134021 0.61953125 0.26632302405498287 0.6125 0.27491408934707906 0.6078125 0.2852233676975945 0.6078125 0.2920962199312715
0 0.43828125 0.4089347079037801 0.4640625 0.3934707903780069 0.453125 0.37457044673539525 0.4453125 0.3694158075601375 0.42578125 0.372852233676976 0.41953125 0.37972508591065296 0.41953125 0.3969072164948454 0.43828125 0.4089347079037801
0 0.41015625 0.7061855670103093 0.4109375 0.7749140893470792 0.4171875 0.8178694158075602 0.42109375 0.8195876288659795 0.4453125 0.7766323024054984 0.4421875 0.6993127147766324 0.434375 0.6288659793814434 0.4265625 0.6323024054982819 0.4078125 0.6563573883161513 0.40703125 0.6872852233676976 0.41015625 0.7061855670103093
0 0.31015625 0.4810996563573884 0.31953125 0.4862542955326461 0.33984375 0.4810996563573884 0.3609375 0.48797250859106533 0.3671875 0.4948453608247423 0.4 0.4587628865979382 0.4125 0.4553264604810997 0.41484375 0.4604810996563574 0.42421875 0.44158075601374575 0.41640625 0.4347079037800688 0.4171875 0.42783505154639184 0.415625 0.4312714776632303 0.41171875 0.4175257731958763 0.40078125 0.4123711340206186 0.40078125 0.40034364261168387 0.396875 0.3934707903780069 0.38984375 0.38659793814432997 0.3890625 0.3934707903780069 0.38359375 0.38659793814432997 0.38671875 0.39518900343642616 0.37421875 0.41408934707903783 0.34453125 0.4089347079037801 0.32734375 0.42439862542955326 0.3328125 0.43814432989690727 0.33203125 0.443298969072165 0.3171875 0.44673539518900346 0.30859375 0.45704467353951894 0.30546875 0.4742268041237113 0.31015625 0.4810996563573884
0 0.1046875 0.6609375 0.00078125 0.00546875
0 0.00859375 0.6924398625429553 0 0.6993127147766324 0 0.7302405498281788 0.009375 0.738831615120275 0.01953125 0.7371134020618557 0.0515625 0.7044673539518901 0.08046875 0.6821305841924399 0.0890625 0.668384879725086 0.0859375 0.6460481099656358 0.06796875 0.6082474226804124 0.06015625 0.6013745704467355 0.0484375 0.604810996563574 0.0328125 0.6202749140893471 0.02578125 0.6185567010309279 0.01328125 0.6460481099656358 0.0078125 0.6821305841924399 0.00859375 0.6924398625429553
0 0.51953125 0.29381443298969073 0.54296875 0.302405498281787 0.55625 0.2972508591065292 0.5765625 0.3041237113402062 0.5796875 0.2972508591065292 0.58984375 0.2920962199312715 0.6609375 0.30584192439862545 0.684375 0.27835051546391754 0.71328125 0.281786941580756 0.715625 0.27835051546391754 0.71640625 0.2611683848797251 0.67734375 0.24914089347079038 0.6484375 0.2508591065292097 0.62734375 0.24398625429553267 0.571875 0.2457044673539519 0.54609375 0.25429553264604815 0.53828125 0.26975945017182135 0.52578125 0.27491408934707906 0.51640625 0.2852233676975945 0.515625 0.288659793814433 0.51953125 0.29381443298969073
0 0 0.39862542955326463 0.0046875 0.4037800687285224 0.00625 0.41408934707903783 0.025 0.41065292096219935 0.040625 0.40034364261168387 0.03984375 0.3814432989690722 0.03203125 0.3470790378006873 0.003125 0.3505154639175258 0 0.35223367697594504 0 0.39862542955326463
0 0.55390625 0.5120274914089348 0.55078125 0.5103092783505155 0.55 0.513745704467354 0.55390625 0.5120274914089348
0 0.5609375 0.5 0.55546875 0.4965635738831615 0.55 0.5017182130584193 0.5609375 0.5
0 0.5625 0.4776632302405499 0.5625 0.4948453608247423 0.5671875 0.5017182130584193 0.57109375 0.4948453608247423 0.571875 0.4639175257731959 0.5703125 0.45704467353951894 0.56328125 0.4587628865979382 0.55859375 0.4725085910652921 0.5625 0.4776632302405499
0 0.5171875 0.5807560137457045 0.51484375 0.5979381443298969 0.5171875 0.6065292096219932 0.51640625 0.6477663230240551 0.51953125 0.6477663230240551 0.5328125 0.6219931271477663 0.53125 0.5996563573883162 0.534375 0.5670103092783505 0.53359375 0.527491408934708 0.53671875 0.5034364261168386 0.534375 0.49312714776632305 0.5359375 0.4725085910652921 0.53359375 0.44673539518900346 0.5359375 0.39862542955326463 0.5140625 0.41924398625429554 0.5140625 0.570446735395189 0.5171875 0.5807560137457045
0 0.62265625 0.43298969072164956 0.62421875 0.43814432989690727 0.634375 0.44158075601374575 0.646875 0.43814432989690727 0.65078125 0.4209621993127148 0.6578125 0.4072164948453609 0.653125 0.4020618556701031 0.6515625 0.3934707903780069 0.64609375 0.39862542955326463 0.625 0.40034364261168387 0.62265625 0.4072164948453609 0.62265625 0.43298969072164956
0 0.6578125 0.3890625 0.00078125 0.00546875
0 0.32578125 0.9381443298969072 0.3234375 0.9278350515463918 0.31875 0.9226804123711341 0.3171875 0.9278350515463918 0.32578125 0.9381443298969072
0 0.27890625 0.7766323024054984 0.278125 0.7663230240549829 0.27578125 0.7697594501718215 0.27890625 0.7766323024054984
0 0.63125 0.5189003436426117 0.63671875 0.520618556701031 0.63515625 0.5068728522336771 0.6390625 0.5068728522336771 0.64140625 0.4948453608247423 0.63671875 0.4896907216494846 0.63359375 0.4965635738831615 0.63359375 0.513745704467354 0.63125 0.5189003436426117
0 0.6390625 0.32421875 0.00234375 0.0015625
0 0.66015625 0.31328125 0.0015625 0.0015625
0 0.584375 0.288659793814433 0.58125 0.2852233676975945 0.58046875 0.2920962199312715 0.584375 0.288659793814433
0 0.2578125 0.5051546391752578 0.25859375 0.520618556701031 0.26171875 0.5257731958762888 0.26171875 0.5481099656357389 0.2640625 0.5498281786941581 0.26875 0.5979381443298969 0.271875 0.604810996563574 0.29140625 0.6168384879725086 0.29375 0.6237113402061857 0.2890625 0.6323024054982819 0.2921875 0.6408934707903781 0.31328125 0.6666666666666667 0.3421875 0.6838487972508591 0.37109375 0.7336769759450172 0.375 0.7646048109965636 0.371875 0.7886597938144331 0.375 0.79553264604811 0.375 0.8384879725085911 0.37734375 0.8436426116838488 0.378125 0.8659793814432991 0.38359375 0.8814432989690723 0.425 0.8127147766323025 0.4421875 0.7766323024054984 0.45234375 0.7697594501718215 0.4703125 0.738831615120275 0.475 0.7233676975945018 0.49453125 0.6975945017182131 0.49765625 0.6821305841924399 0.52890625 0.6288659793814434 0.5328125 0.6099656357388317 0.54296875 0.6013745704467355 0.54609375 0.5893470790378007 0.54296875 0.5807560137457045 0.5328125 0.570446735395189 0.53125 0.5412371134020619 0.5390625 0.5309278350515465 0.54609375 0.5292096219931273 0.57109375 0.49312714776632305 0.575 0.4828178694158076 0.5734375 0.4776632302405499 0.5796875 0.47079037800687284 0.578125 0.45704467353951894 0.58125 0.443298969072165 0.58515625 0.44158075601374575 0.590625 0.4484536082474227 0.5921875 0.4810996563573884 0.5953125 0.4896907216494846 0.596875 0.47079037800687284 0.59296875 0.4604810996563574 0.596875 0.4587628865979382 0.60234375 0.4398625429553265 0.60546875 0.4587628865979382 0.60546875 0.47938144329896915 0.61015625 0.47938144329896915 0.6171875 0.5 0.6203125 0.5017182130584193 0.6375 0.4776632302405499 0.63515625 0.4690721649484536 0.64453125 0.4450171821305842 0.64296875 0.4347079037800688 0.6390625 0.4312714776632303 0.6375 0.4175257731958763 0.6421875 0.40549828178694164 0.65390625 0.39518900343642616 0.6546875 0.3762886597938145 0.6609375 0.3762886597938145 0.66171875 0.36769759450171824 0.65546875 0.3694158075601375 0.6546875 0.3608247422680413 0.6578125 0.3556701030927835 0.6546875 0.3436426116838488 0.65234375 0.3505154639175258 0.6453125 0.3505154639175258 0.64140625 0.34192439862542956 0.64453125 0.3298969072164949 0.6421875 0.3350515463917526 0.6390625 0.32817869415807566 0.63203125 0.32817869415807566 0.6328125 0.3144329896907217 0.640625 0.30584192439862545 0.6359375 0.2972508591065292 0.6359375 0.288659793814433 0.640625 0.281786941580756 0.63125 0.2731958762886598 0.61484375 0.2731958762886598 0.6125 0.26632302405498287 0.60859375 0.26632302405498287 0.60234375 0.2766323024054983 0.59765625 0.27491408934707906 0.59375 0.2869415807560137 0.5921875 0.281786941580756 0.58984375 0.2852233676975945 0.59375 0.30584192439862545 0.5890625 0.3144329896907217 0.56171875 0.3041237113402062 0.5375 0.30927835051546393 0.515625 0.30068728522336774 0.49453125 0.30927835051546393 0.48515625 0.3195876288659794 0.44921875 0.33333333333333337 0.43515625 0.34536082474226804 0.43125 0.3556701030927835 0.40390625 0.3711340206185567 0.38828125 0.38659793814432997 0.371875 0.38316151202749144 0.35234375 0.3934707903780069 0.34296875 0.41408934707903783 0.3265625 0.42439862542955326 0.325 0.4295532646048111 0.3140625 0.42783505154639184 0.3 0.4347079037800688 0.29453125 0.44673539518900346 0.28671875 0.45017182130584193 0.2828125 0.4587628865979382 0.28203125 0.4639175257731959 0.2875 0.47079037800687284 0.28541640625000003 0.47594501718213056 0.2765625 0.47594501718213056 0.26015625 0.4914089347079038 0.26171875 0.5 0.2578125 0.5051546391752578
0 0.63828125 0.2628865979381444 0.6359375 0.25945017182130586 0.6328125 0.2611683848797251 0.63828125 0.2628865979381444
0 0.60234375 0.25 0.0015625 0.0015625
0 0.615625 0.2560137457044674 0.6109375 0.24742268041237114 0.60703125 0.24742268041237114 0.60703125 0.25429553264604815 0.615625 0.25945017182130586 0.61875 0.25429553264604815 0.62578125 0.2577319587628866 0.62421875 0.24742268041237114 0.6203125 0.24742268041237114 0.615625 0.2560137457044674
0 0.57734375 0.4948453608247423 0.5953125 0.5034364261168386 0.6 0.3230240549828179 0.60859375 0.302405498281787 0.584375 0.2972508591065292 0.5796875 0.302405498281787 0.578125 0.3195876288659794 0.575 0.48797250859106533 0.57734375 0.4948453608247423
0 0 0.8831615120274915 0.003125 0.88659793814433 0 0.8951890034364262 0 0.9158075601374571 0.0046875 0.9278350515463918 0.00390625 0.9381443298969072 0.00703125 0.9501718213058419 0.00625 0.9587628865979383 0 0.9673539518900345 0 0.9914089347079038 0.021875 0.993127147766323 0.025 0.9810996563573884 0.02890625 0.9810996563573884 0.03515625 0.993127147766323 0.05546875 0.993127147766323 0.05546875 0.970790378006873 0.04609375 0.9518900343642611 0.0421875 0.936426116838488 0.04140625 0.9278350515463918 0.04609375 0.9175257731958764 0.04453125 0.9020618556701031 0.0359375 0.8625429553264606 0.02578125 0.8333333333333334 0.02578125 0.8178694158075602 0.0171875 0.7869415807560138 0.01875 0.7749140893470792 0.01015625 0.7474226804123713 0.00390625 0.745704467353952 0 0.7474226804123713 0 0.8831615120274915
0 0.6546875 0.3041237113402062 0.65703125 0.29896907216494845 0.6609375 0.30584192439862545 0.6625 0.2972508591065292 0.671875 0.29553264604810997 0.6765625 0.2852233676975945 0.690625 0.2714776632302406 0.690625 0.25945017182130586 0.68984375 0.25429553264604815 0.68515625 0.2525773195876289 0.6671875 0.2525773195876289 0.65625 0.2560137457044674 0.65390625 0.2611683848797251 0.65234375 0.2577319587628866 0.646875 0.2714776632302406 0.64921875 0.2852233676975945 0.64453125 0.29037800687285226 0.64375 0.29896907216494845 0.6546875 0.3041237113402062
0 0.5140625 0.4347079037800688 0.51484375 0.47079037800687284 0.5171875 0.4742268041237113 0.515625 0.4828178694158076 0.5203125 0.48453608247422686 0.51796875 0.48797250859106533 0.51875 0.4965635738831615 0.52890625 0.4828178694158076 0.5328125 0.4862542955326461 0.53359375 0.43814432989690727 0.5390625 0.4037800687285224 0.5359375 0.39518900343642616 0.52578125 0.3969072164948454 0.5234375 0.40549828178694164 0.5140625 0.41580756013745707 0.51171875 0.42783505154639184 0.5140625 0.4347079037800688
0 0.4328125 0.5017182130584193 0.4375 0.5567010309278351 0.4359375 0.5687285223367697 0.4390625 0.5807560137457045 0.43515625 0.5927835051546392 0.43515625 0.6494845360824744 0.44140625 0.6941580756013745 0.44296875 0.7628865979381444 0.44765625 0.7749140893470792 0.46640625 0.7474226804123713 0.471875 0.7336769759450172 0.4703125 0.6855670103092784 0.4671875 0.6666666666666667 0.46875 0.5962199312714777 0.465625 0.5652920962199313 0.465625 0.4914089347079038 0.46015625 0.4742268041237113 0.4421875 0.46735395189003437 0.43203125 0.47079037800687284 0.434375 0.4828178694158076 0.4328125 0.5017182130584193
0 0.46640625 0.4347079037800688 0.46328125 0.43814432989690727 0.46328125 0.4484536082474227 0.475 0.44158075601374575 0.46875 0.443298969072165 0.46640625 0.4347079037800688
0 0.45625 0.4484536082474227 0.46328125 0.43814432989690727 0.45703125 0.4450171821305842 0.45625 0.4484536082474227
0 0.44375 0.4359375 0.00234375 0.0015625
0 0.44765625 0.41408934707903783 0.44453125 0.41065292096219935 0.44375 0.41408934707903783 0.44765625 0.41408934707903783
0 0.4546875 0.3969072164948454 0.44921875 0.39003436426116844 0.4484375 0.39862542955326463 0.4546875 0.3969072164948454
0 0.23359375 0.6752577319587629 0.24296875 0.6821305841924399 0.2828125 0.6460481099656358 0.28515625 0.6374570446735396 0.26875 0.6151202749140894 0.26171875 0.6134020618556701 0.2265625 0.6477663230240551 0.225 0.6563573883161513 0.23359375 0.6752577319587629
0 0.59765625 0.5085910652920963 0.615625 0.5171821305841925 0.61875 0.513745704467354 0.61875 0.4828178694158076 0.5984375 0.4742268041237113 0.59609375 0.4862542955326461 0.5953125 0.5051546391752578 0.59765625 0.5085910652920963
0 0.34765625 0.4072164948453609 0.37265625 0.4123711340206186 0.3828125 0.4037800687285224 0.390625 0.39003436426116844 0.38046875 0.38316151202749144 0.36171875 0.3814432989690722 0.3484375 0.3934707903780069 0.3453125 0.40034364261168387 0.34765625 0.4072164948453609
0 0.46328125 0.7371134020618557 0.46328125 0.7268041237113403 0.459375 0.7268041237113403 0.45859375 0.7371134020618557 0.46328125 0.7371134020618557
0 0.44453125 0.6838487972508591 0.44453125 0.7130584192439863 0.44609375 0.725085910652921 0.4484375 0.725085910652921 0.453125 0.7164948453608248 0.45 0.7096219931271478 0.453125 0.7027491408934708 0.46328125 0.7044673539518901 0.46484375 0.6941580756013745 0.459375 0.6735395189003437 0.44921875 0.661512027491409 0.446875 0.6666666666666667 0.44921875 0.6735395189003437 0.44453125 0.6838487972508591
0 0.52578125 0.5463917525773196 0.521875 0.5446735395189004 0.52265625 0.5549828178694158 0.52578125 0.5463917525773196
0 0.52578125 0.5257731958762888 0.521875 0.5240549828178694 0.52578125 0.5395189003436427 0.52890625 0.5103092783505155 0.521875 0.5068728522336771 0.52734375 0.5154639175257733 0.52578125 0.5257731958762888
0 0.52578125 0.48453608247422686 0.5296875 0.47079037800687284 0.52421875 0.47594501718213056 0.5234375 0.4828178694158076 0.52578125 0.48453608247422686
0 0.52578125 0.43814432989690727 0.521875 0.43642611683848803 0.5203125 0.43814432989690727 0.52578125 0.43814432989690727
0 0.46796875 0.5807560137457045 0.4671875 0.5945017182130584 0.46328125 0.6013745704467355 0.4546875 0.5979381443298969 0.45 0.6065292096219932 0.446875 0.6065292096219932 0.44921875 0.5996563573883162 0.44765625 0.5979381443298969 0.44140625 0.6185567010309279 0.44375 0.6323024054982819 0.4421875 0.6391752577319588 0.44921875 0.6494845360824744 0.453125 0.6443298969072165 0.45859375 0.6546391752577321 0.465625 0.6529209621993128 0.46796875 0.6580756013745706 0.47265625 0.7233676975945018 0.4765625 0.725085910652921 0.49296875 0.7010309278350516 0.49609375 0.6821305841924399 0.51171875 0.6563573883161513 0.51875 0.6323024054982819 0.515625 0.6254295532646049 0.51875 0.6237113402061857 0.515625 0.6116838487972509 0.51640625 0.6013745704467355 0.5109375 0.5859106529209622 0.50625 0.5824742268041238 0.50859375 0.5721649484536082 0.51484375 0.5738831615120275 0.5125 0.570446735395189 0.51640625 0.5549828178694158 0.51640625 0.5051546391752578 0.51328125 0.5 0.51640625 0.4690721649484536 0.51328125 0.45360824742268047 0.5140625 0.44158075601374575 0.5277594610091743 0.4042844982502601 0.525 0.40549828178694164 0.5234375 0.3969072164948454 0.5125 0.4072164948453609 0.5 0.4072164948453609 0.49296875 0.4209621993127148 0.49375 0.43298969072164956 0.490625 0.443298969072165 0.47734375 0.45017182130584193 0.4609375 0.47079037800687284 0.4625 0.4896907216494846 0.46640625 0.49828178694158076 0.46484375 0.570446735395189 0.46796875 0.5807560137457045
0 0.08046875 0.4690721649484536 0.08203125 0.47594501718213056 0.0875 0.47594501718213056 0.084375 0.46735395189003437 0.0828125 0.4742268041237113 0.08046875 0.4690721649484536
0 0.115625 0.42439862542955326 0.11328125 0.4209621993127148 0.11015625 0.4209621993127148 0.115625 0.42439862542955326
0 0 0.4347079037800688 0.0078125 0.45017182130584193 0.01171875 0.443298969072165 0.01796875 0.46563573883161513 0.015625 0.4828178694158076 0.0171875 0.4862542955326461 0.01484375 0.4914089347079038 0.0015625 0.4914089347079038 0.00625 0.4948453608247423 0.0078125 0.5017182130584193 0.021875 0.49312714776632305 0.03671875 0.4965635738831615 0.04609375 0.48797250859106533 0.078125 0.4810996563573884 0.078125 0.46563573883161513 0.0734375 0.4518900343642612 0.07421875 0.43298969072164956 0.09609375 0.422680412371134 0.1078125 0.422680412371134 0.10859375 0.41580756013745707 0.115625 0.41065292096219935 0.1125 0.3814432989690722 0.10234375 0.365979381443299 0.07421875 0.3694158075601375 0.0578125 0.3814432989690722 0.0421875 0.38487972508591073 0.03828125 0.37972508591065296 0.03046875 0.3470790378006873 0.0046875 0.35223367697594504 0 0.3539518900343643 0 0.4347079037800688
0 0.49453125 0.49828178694158076 0.49609375 0.4896907216494846 0.49921875 0.4896907216494846 0.5015625 0.49828178694158076 0.5046875 0.49828178694158076 0.5046875 0.4914089347079038 0.50859375 0.4862542955326461 0.515625 0.4914089347079038 0.51796875 0.47079037800687284 0.5328125 0.4604810996563574 0.5328125 0.43814432989690727 0.53671875 0.42783505154639184 0.5359375 0.41408934707903783 0.53828125 0.41065292096219935 0.5375 0.3969072164948454 0.53046875 0.39003436426116844 0.51953125 0.3934707903780069 0.515625 0.40549828178694164 0.50703125 0.4123711340206186 0.49296875 0.4398625429553265 0.49140625 0.47594501718213056 0.49453125 0.49828178694158076
0 0.634375 0.527491408934708 0.64375 0.527491408934708 0.6453125 0.4828178694158076 0.6234375 0.4776632302405499 0.62109375 0.48797250859106533 0.61953125 0.5171821305841925 0.634375 0.527491408934708
0 0.6234375 0.4734375 0.00078125 0.0015625
0 0.64375 0.4742268041237113 0.6421875 0.47079037800687284 0.6390625 0.4725085910652921 0.64375 0.4742268041237113
0 0.6015625 0.34879725085910657 0.5984375 0.3917525773195877 0.62265625 0.39862542955326463 0.625 0.3814432989690722 0.62265625 0.3402061855670103 0.6203125 0.3505154639175258 0.61171875 0.3505154639175258 0.61015625 0.33676975945017185 0.6078125 0.34192439862542956 0.60234375 0.33676975945017185 0.6046875 0.3436426116838488 0.6015625 0.34879725085910657
0 0.51875 0.3075601374570447 0.525 0.32130584192439865 0.51328125 0.34192439862542956 0.52890625 0.3556701030927835 0.54453125 0.3539518900343643 0.57578125 0.3195876288659794 0.57421875 0.3075601374570447 0.56640625 0.3041237113402062 0.5359375 0.30927835051546393 0.52109375 0.30068728522336774 0.5203125 0.3075601374570447 0.5140625 0.30068728522336774 0.50859375 0.3041237113402062 0.51875 0.3075601374570447
0 0.63046875 0.40034364261168387 0.6296875 0.4072164948453609 0.634375 0.41065292096219935 0.640625 0.41065292096219935 0.640625 0.4037800687285224 0.64453125 0.40549828178694164 0.64609375 0.4209621993127148 0.65078125 0.4175257731958763 0.659375 0.3969072164948454 0.66484375 0.3178694158075602 0.65859375 0.30927835051546393 0.63671875 0.3075601374570447 0.6296875 0.3178694158075602 0.62734375 0.34536082474226804 0.625 0.3969072164948454 0.63046875 0.40034364261168387
0 0.6015625 0.46563573883161513 0.603125 0.4639175257731959 0.60859375 0.4690721649484536 0.61875 0.46735395189003437 0.6234375 0.42783505154639184 0.6234375 0.40034364261168387 0.5984375 0.3934707903780069 0.59765625 0.4553264604810997 0.6015625 0.46563573883161513
0 0.47265625 0.725085910652921 0.47578125 0.7285223367697595 0.4953125 0.6993127147766324 0.49609375 0.6512027491408936 0.49453125 0.6271477663230242 0.49140625 0.6219931271477663 0.4734375 0.6323024054982819 0.47109375 0.6408934707903781 0.47109375 0.7079037800687286 0.47265625 0.725085910652921
0 0.6609375 0.3917525773195877 0.6640625 0.40549828178694164 0.68671875 0.4123711340206186 0.70703125 0.39003436426116844 0.71015625 0.3505154639175258 0.70859375 0.3436426116838488 0.70234375 0.3384879725085911 0.6890625 0.3608247422680413 0.68203125 0.365979381443299 0.6703125 0.3711340206185567 0.66484375 0.3608247422680413 0.6640625 0.365979381443299 0.6671875 0.36769759450171824 0.6609375 0.3917525773195877
0 0.25703125 0.5034364261168386 0.2578125 0.5189003436426117 0.2609375 0.5257731958762888 0.265625 0.5807560137457045 0.271875 0.6065292096219932 0.2828125 0.6254295532646049 0.28515625 0.6219931271477663 0.2859375 0.6288659793814434 0.296875 0.6460481099656358 0.33359375 0.6769759450171822 0.3375 0.6752577319587629 0.3359375 0.661512027491409 0.33984375 0.6512027491408936 0.3234375 0.6305841924398626 0.32265625 0.6237113402061857 0.33125 0.6237113402061857 0.33125 0.6151202749140894 0.3359375 0.6065292096219932 0.35625 0.6082474226804124 0.36328125 0.6030927835051547 0.36015625 0.5979381443298969 0.3625 0.5893470790378007 0.36875 0.5962199312714777 0.37578125 0.5893470790378007 0.3734375 0.5824742268041238 0.3765625 0.5756013745704468 0.396875 0.5498281786941581 0.3828125 0.5223367697594502 0.36328125 0.5034364261168386 0.36015625 0.49312714776632305 0.35546875 0.4896907216494846 0.33984375 0.4828178694158076 0.30859375 0.4862542955326461 0.29296875 0.4742268041237113 0.2859375 0.4742268041237113 0.284375 0.4828178694158076 0.2796875 0.47938144329896915 0.28046875 0.4725085910652921 0.2734375 0.47594501718213056 0.2703125 0.48453608247422686 0.265625 0.47938144329896915 0.26171875 0.4914089347079038 0.2578125 0.48797250859106533 0.26015625 0.4948453608247423 0.25703125 0.5034364261168386
0 0.44296875 0.3625429553264605 0.4609375 0.3711340206185567 0.46796875 0.3694158075601375 0.48046875 0.3470790378006873 0.47734375 0.3384879725085911 0.46640625 0.3350515463917526 0.44453125 0.33676975945017185 0.434375 0.34536082474226804 0.434375 0.3505154639175258 0.44296875 0.3625429553264605
0 0.3078125 0.8436426116838488 0.30703125 0.8762886597938145 0.30390625 0.879725085910653 0.30546875 0.9054982817869417 0.3125 0.9158075601374571 0.3140625 0.9261168384879725 0.340625 0.9673539518900345 0.3453125 0.9656357388316152 0.35546875 0.9467353951890034 0.384375 0.8814432989690723 0.378125 0.8573883161512029 0.3765625 0.8075601374570448 0.37109375 0.7783505154639176 0.36796875 0.7731958762886599 0.3703125 0.7646048109965636 0.365625 0.7663230240549829 0.3578125 0.7817869415807561 0.3328125 0.8127147766323025 0.3109375 0.7972508591065293 0.303125 0.8041237113402062 0.303125 0.8247422680412372 0.3078125 0.8436426116838488
0 0.64296875 0.5292096219931273 0.65 0.4209621993127148 0.6578125 0.40549828178694164 0.659375 0.39518900343642616 0.6640625 0.3230240549828179 0.6625 0.31271477663230246 0.6390625 0.30584192439862545 0.6296875 0.3178694158075602 0.621875 0.46219931271477666 0.62109375 0.5171821305841925 0.64296875 0.5292096219931273
0 0.53671875 0.6168384879725086 0.54921875 0.5945017182130584 0.54921875 0.5790378006872853 0.54609375 0.570446735395189 0.53984375 0.5670103092783505 0.5359375 0.5687285223367697 0.534375 0.5756013745704468 0.53359375 0.6116838487972509 0.53671875 0.6168384879725086
0 0.25078125 0.79553264604811 0.271875 0.845360824742268 0.28984375 0.8780068728522338 0.2984375 0.8831615120274915 0.30390625 0.8762886597938145 0.30390625 0.8402061855670103 0.3 0.8316151202749141 0.3 0.8075601374570448 0.29140625 0.7938144329896908 0.29296875 0.7817869415807561 0.2890625 0.7714776632302407 0.2890625 0.7628865979381444 0.27890625 0.752577319587629 0.275 0.7336769759450172 0.2671875 0.7302405498281788 0.246875 0.6958762886597938 0.24140625 0.6804123711340206 0.234375 0.668384879725086 0.23203125 0.6701030927835052 0.234375 0.7027491408934708 0.25078125 0.79553264604811
0 0.26875 0.61796875 0.00078125 0.0015625