0 0.8487972508591065 0.55546875 0.852233676975945 0.56015625 0.8694158075601376 0.5609375 0.879725085910653 0.5640625 0.8814432989690723 0.56171875 0.8728522336769761 0.55859375 0.8831615120274915 0.55390625 0.8848797250859107 0.55546875 0.8883161512027492 0.5375 0.9003436426116839 0.528125 0.8883161512027492 0.525 0.8642611683848799 0.525 0.8316151202749141 0.5296875 0.8350515463917526 0.55625 0.8487972508591065 0.55546875
0 0.4209621993127148 0.615625 0.4209621993127148 0.61953125 0.42783505154639184 0.6234375 0.422680412371134 0.64140625 0.42783505154639184 0.66640625 0.4295532646048111 0.75546875 0.4347079037800688 0.78046875 0.443298969072165 0.78984375 0.5068728522336771 0.76875 0.5154639175257733 0.76171875 0.5085910652920963 0.753125 0.5085910652920963 0.6921875 0.5 0.6421875 0.5017182130584193 0.61875 0.4965635738831615 0.61015625 0.5034364261168386 0.6015625 0.4948453608247423 0.5953125 0.46563573883161513 0.59375 0.4587628865979382 0.59609375 0.4553264604810997 0.5921875 0.4398625429553265 0.5921875 0.4261168384879725 0.603125 0.4312714776632303 0.6125 0.4209621993127148 0.615625
0 0.5154639175257733 0.7640625 0.5240549828178694 0.765625 0.5807560137457045 0.74609375 0.5876288659793815 0.740625 0.577319587628866 0.69921875 0.5670103092783505 0.69921875 0.5618556701030928 0.70234375 0.563573883161512 0.70625 0.5584192439862543 0.7125 0.5515463917525774 0.71328125 0.5532646048109966 0.7171875 0.513745704467354 0.7203125 0.5103092783505155 0.75390625 0.5154639175257733 0.7640625
0 0.527491408934708 0.73046875 0.5395189003436427 0.72421875 0.5567010309278351 0.72109375 0.577319587628866 0.72578125 0.5807560137457045 0.67421875 0.5738831615120275 0.66484375 0.5532646048109966 0.66484375 0.5481099656357389 0.66953125 0.5395189003436427 0.66953125 0.5292096219931273 0.67890625 0.5120274914089348 0.67734375 0.5120274914089348 0.7296875 0.527491408934708 0.73046875
0 0.19759450171821308 0.68203125 0.20790378006872853 0.68203125 0.23367697594501718 0.69453125 0.2714776632302406 0.6953125 0.26975945017182135 0.684375 0.25945017182130586 0.68046875 0.2405498281786942 0.65390625 0.22680412371134023 0.65546875 0.21477663230240554 0.65234375 0.2061855670103093 0.6546875 0.20103092783505155 0.66171875 0.20274914089347082 0.67265625 0.19759450171821308 0.68203125
0 0.14375 0.6125 0.0015625 0.00234375
0 0.12542955326460484 0.6546875 0.15635738831615123 0.66953125 0.19587628865979384 0.6828125 0.21477663230240554 0.6859375 0.2302405498281787 0.6921875 0.2508591065292097 0.690625 0.23711340206185566 0.6765625 0.22852233676975947 0.675 0.2216494845360825 0.66875 0.21993127147766325 0.6609375 0.211340206185567 0.65390625 0.20790378006872853 0.615625 0.20103092783505155 0.615625 0.20274914089347082 0.61328125 0.1632302405498282 0.61640625 0.15463917525773196 0.6125 0.15463917525773196 0.61953125 0.1357388316151203 0.62265625 0.1288659793814433 0.61328125 0.12199312714776633 0.6140625 0.11683848797250859 0.6078125 0.11683848797250859 0.63671875 0.12542955326460484 0.6546875
0 0.6254295532646049 0.5671875 0.6288659793814434 0.58125 0.6333177132146204 0.5825994318181819 0.6426116838487973 0.5765625 0.6529209621993128 0.57890625 0.6701030927835052 0.57421875 0.6821305841924399 0.57421875 0.6958762886597938 0.56796875 0.7044673539518901 0.5671875 0.7130584192439863 0.5609375 0.7130584192439863 0.5484375 0.7061855670103093 0.5453125 0.6786941580756014 0.54609375 0.6752577319587629 0.54296875 0.6701030927835052 0.54375 0.6701030927835052 0.553125 0.6529209621993128 0.55234375 0.6494845360824744 0.5453125 0.6219931271477663 0.54296875 0.6082474226804124 0.553125 0.5962199312714777 0.553125 0.5859106529209622 0.5578125 0.5859106529209622 0.5609375 0.5962199312714777 0.56484375 0.6254295532646049 0.5671875
0 0.28350515463917525 0.67890625 0.29381443298969073 0.68046875 0.29381443298969073 0.6890625 0.288659793814433 0.6921875 0.29896907216494845 0.69375 0.3041237113402062 0.68828125 0.30927835051546393 0.68984375 0.30927835051546393 0.69921875 0.3195876288659794 0.70546875 0.32130584192439865 0.71171875 0.33676975945017185 0.71953125 0.34536082474226804 0.73125 0.3402061855670103 0.74765625 0.3402061855670103 0.821875 0.34879725085910657 0.825 0.38487972508591073 0.81015625 0.41924398625429554 0.8 0.43642611683848803 0.790625 0.4209621993127148 0.646875 0.42439862542955326 0.62109375 0.37972508591065296 0.609375 0.359106529209622 0.60703125 0.35738831615120276 0.61015625 0.3711340206185567 0.62109375 0.37972508591065296 0.621875 0.3883161512027492 0.628125 0.3780068728522337 0.63515625 0.35738831615120276 0.64140625 0.32130584192439865 0.646875 0.31099656357388317 0.6390625 0.29037800687285226 0.6359375 0.2852233676975945 0.6328125 0.27491408934707906 0.64140625 0.27491408934707906 0.66484375 0.28350515463917525 0.67890625
0 0.7302405498281788 0.59453125 0.7233676975945018 0.5921875 0.7268041237113403 0.60703125 0.7302405498281788 0.59453125
0 0.6374570446735396 0.665625 0.6460481099656358 0.71171875 0.6494845360824744 0.715625 0.6563573883161513 0.715625 0.6958762886597938 0.6984375 0.6872852233676976 0.58046875 0.7044673539518901 0.5671875 0.7010309278350516 0.56640625 0.6975945017182131 0.56953125 0.6890034364261168 0.5671875 0.6718213058419245 0.578125 0.6632302405498283 0.578125 0.6323024054982819 0.58671875 0.6391752577319588 0.63671875 0.6374570446735396 0.665625
0 0.8814432989690723 0.6296875 0.88659793814433 0.6265625 0.88659793814433 0.5828125 0.8728522336769761 0.5828125 0.8676975945017184 0.5859375 0.8436426116838488 0.58828125 0.8316151202749141 0.5984375 0.8316151202749141 0.6234375 0.8814432989690723 0.6296875
0 0.5807560137457045 0.6546875 0.5979381443298969 0.65546875 0.604810996563574 0.6515625 0.6185567010309279 0.65078125 0.6323024054982819 0.65859375 0.6374570446735396 0.64453125 0.6323024054982819 0.60703125 0.6116838487972509 0.60625 0.6013745704467355 0.61328125 0.5790378006872853 0.6140625 0.5756013745704468 0.61640625 0.5738831615120275 0.6359375 0.5807560137457045 0.6546875
0 0.12542955326460484 0.65546875 0.19759450171821308 0.68203125 0.20274914089347082 0.67890625 0.19931271477663232 0.66015625 0.20446735395189006 0.65078125 0.20103092783505155 0.59140625 0.16666666666666669 0.58515625 0.14604810996563575 0.590625 0.1202749140893471 0.59296875 0.11168384879725086 0.596875 0.11855670103092783 0.6421875 0.12542955326460484 0.65546875
0 0.5103092783505155 0.665625 0.527491408934708 0.665625 0.5360824742268042 0.66015625 0.5584192439862543 0.659375 0.5670103092783505 0.65625 0.5738831615120275 0.65859375 0.5738831615120275 0.62734375 0.5670103092783505 0.615625 0.5567010309278351 0.621875 0.5446735395189004 0.61953125 0.5360824742268042 0.63046875 0.5051546391752578 0.63046875 0.5034364261168386 0.65546875 0.5103092783505155 0.665625
0 0.365979381443299 0.60546875 0.4209621993127148 0.6171875 0.43298969072164956 0.615625 0.43642611683848803 0.62109375 0.44158075601374575 0.61953125 0.44158075601374575 0.61484375 0.4725085910652921 0.61328125 0.4810996563573884 0.6078125 0.4948453608247423 0.60625 0.5017182130584193 0.60234375 0.49828178694158076 0.59609375 0.4484536082474227 0.5875 0.41408934707903783 0.58984375 0.36426116838487976 0.59921875 0.3608247422680413 0.60234375 0.365979381443299 0.60546875
0 0.7027491408934708 0.7 0.7405498281786942 0.6859375 0.7336769759450172 0.64296875 0.7233676975945018 0.64921875 0.6975945017182131 0.65234375 0.6975945017182131 0.69609375 0.7027491408934708 0.7
0 0.5103092783505155 0.546875 0.5429553264604812 0.55390625 0.5738831615120275 0.55546875 0.6065292096219932 0.54921875 0.6116838487972509 0.54375 0.6099656357388317 0.53984375 0.5962199312714777 0.534375 0.5171821305841925 0.5390625 0.5017182130584193 0.54296875 0.5017182130584193 0.54765625 0.5103092783505155 0.546875
0 0.6477663230240551 0.68984375 0.6494845360824744 0.7140625 0.6563573883161513 0.71484375 0.6804123711340206 0.70234375 0.6821305841924399 0.68828125 0.6855670103092784 0.68359375 0.6941580756013745 0.68359375 0.6941580756013745 0.6786460937500001 0.6890034364261168 0.6765625 0.6941580756013745 0.67369765625 0.6855670103092784 0.6734375 0.6941580756013745 0.66875 0.6890034364261168 0.59140625 0.6838487972508591 0.58046875 0.6374570446735396 0.5890625 0.6374570446735396 0.66328125 0.6477663230240551 0.68984375
0 0.6993127147766324 0.69765625 0.7044673539518901 0.69921875 0.7405498281786942 0.68515625 0.7336769759450172 0.6109375 0.7353951890034365 0.56875 0.731958762886598 0.56640625 0.7199312714776632 0.5671875 0.6907216494845361 0.57734375 0.6975945017182131 0.6859375 0.6993127147766324 0.69765625
0 0.24742268041237114 0.790625 0.2508591065292097 0.78984375 0.24742268041237114 0.7859375 0.24742268041237114 0.790625
0 0.14948453608247422 0.73046875 0.17010309278350516 0.74375 0.19587628865979384 0.7515625 0.19931271477663232 0.75859375 0.22852233676975947 0.76640625 0.27835051546391754 0.7578125 0.2920962199312715 0.7609375 0.29381443298969073 0.753125 0.3384879725085911 0.73828125 0.3402061855670103 0.734375 0.33333333333333337 0.72734375 0.3144329896907217 0.71953125 0.2972508591065292 0.70625 0.26975945017182135 0.6984375 0.23711340206185566 0.69765625 0.1941580756013746 0.7109375 0.1597938144329897 0.7171875 0.14604810996563575 0.72421875 0.14948453608247422 0.73046875
0 0.7336769759450172 0.56171875 0.7405498281786942 0.565625 0.7405498281786942 0.6390625 0.752577319587629 0.64375 0.8247422680412372 0.62265625 0.8281786941580757 0.540625 0.8247422680412372 0.5375 0.8058419243986255 0.5375 0.7783505154639176 0.54453125 0.7611683848797252 0.5453125 0.745704467353952 0.55078125 0.7199312714776632 0.55234375 0.7164948453608248 0.55859375 0.7336769759450172 0.56171875
0 0.5189003436426117 0.765625 0.5292096219931273 0.76484375 0.5756013745704468 0.7484375 0.5876288659793815 0.74140625 0.577319587628866 0.72109375 0.5807560137457045 0.7171875 0.5756013745704468 0.71953125 0.5687285223367697 0.7171875 0.5395189003436427 0.72265625 0.5120274914089348 0.7328125 0.5103092783505155 0.7546875 0.5189003436426117 0.765625
0 0.9415807560137457 0.63671875 0.9965635738831615 0.64140625 0.993127147766323 0.6078125 0.9982817869415808 0.58671875 0.993127147766323 0.58046875 0.9982817869415808 0.565625 0.9914089347079038 0.56328125 0.9982817869415808 0.56171875 0.993127147766323 0.56015625 0.9982817869415808 0.5578125 0.9862542955326461 0.56015625 0.9845360824742269 0.5515625 0.993127147766323 0.54453125 0.9845360824742269 0.53984375 0.9879725085910653 0.5328125 0.9553264604810998 0.53359375 0.9501718213058419 0.52890625 0.9278350515463918 0.52734375 0.9020618556701031 0.53125 0.88659793814433 0.5265625 0.8419243986254296 0.528125 0.8333333333333334 0.53203125 0.8333333333333334 0.621875 0.9415807560137457 0.63671875
0 0.27491408934707906 0.68984375 0.28350515463917525 0.6984375 0.3041237113402062 0.70546875 0.3230240549828179 0.71953125 0.3470790378006873 0.73125 0.3762886597938145 0.73203125 0.39003436426116844 0.72265625 0.4037800687285224 0.72421875 0.41580756013745707 0.72109375 0.42439862542955326 0.7140625 0.42439862542955326 0.678125 0.4175257731958763 0.6609375 0.3934707903780069 0.6578125 0.3814432989690722 0.6625 0.3556701030927835 0.66171875 0.3470790378006873 0.66484375 0.3436426116838488 0.67109375 0.33333333333333337 0.67265625 0.32130584192439865 0.66796875 0.3144329896907217 0.66953125 0.31271477663230246 0.66328125 0.2920962199312715 0.6546875 0.27491408934707906 0.65703125 0.27491408934707906 0.68984375
0 0.3402061855670103 0.825 0.3470790378006873 0.82578125 0.43642611683848803 0.79296875 0.4398625429553265 0.7890625 0.4312714776632303 0.7625 0.4209621993127148 0.759375 0.39862542955326463 0.7625 0.39003436426116844 0.75625 0.3762886597938145 0.75625 0.365979381443299 0.76328125 0.3556701030927835 0.76484375 0.3625429553264605 0.76796875 0.34536082474226804 0.77421875 0.34192439862542956 0.78828125 0.3384879725085911 0.821875 0.3402061855670103 0.825
0 0.6494845360824744 0.6265625 0.661512027491409 0.6125 0.6718213058419245 0.61171875 0.6752577319587629 0.6046875 0.6872852233676976 0.60078125 0.6890034364261168 0.571875 0.6323024054982819 0.58515625 0.6426116838487973 0.62578125 0.6494845360824744 0.6265625
0 0.029209621993127148 0.6828125 0.044673539518900345 0.6875 0.06529209621993128 0.68828125 0.0859106529209622 0.68203125 0.14604810996563575 0.6734375 0.1512027491408935 0.6703125 0.13402061855670105 0.6609375 0.10824742268041239 0.65703125 0.02405498281786942 0.67109375 0.018900343642611686 0.6765625 0.029209621993127148 0.6828125
0 0.26975945017182135 0.63203125 0.3298969072164949 0.64765625 0.3694158075601375 0.6390625 0.4072164948453609 0.6359375 0.422680412371134 0.62734375 0.41065292096219935 0.6171875 0.359106529209622 0.60546875 0.34536082474226804 0.60546875 0.3350515463917526 0.609375 0.2920962199312715 0.6140625 0.27491408934707906 0.61953125 0.2680412371134021 0.62578125 0.26975945017182135 0.63203125
0 0.08247422680412372 0.70703125 0.13917525773195877 0.72421875 0.1632302405498282 0.7140625 0.20962199312714777 0.70625 0.22680412371134023 0.69921875 0.22680412371134023 0.69609375 0.21305841924398625 0.6890625 0.15635738831615123 0.671875 0.09450171821305843 0.68046875 0.06872852233676977 0.6890625 0.06701030927835053 0.6921875 0.08247422680412372 0.70703125
0 0.2852233676975945 0.6125 0.27835051546391754 0.6109375 0.2766323024054983 0.6125 0.2852233676975945 0.6125
0 0.20103092783505155 0.58984375 0.20962199312714777 0.60546875 0.21821305841924402 0.60625 0.23367697594501718 0.60078125 0.23367697594501718 0.60859375 0.23711340206185566 0.5984375 0.2508591065292097 0.59453125 0.26632302405498287 0.5984375 0.2680412371134021 0.603125 0.27835051546391754 0.6078125 0.288659793814433 0.60546875 0.29381443298969073 0.61015625 0.3247422680412372 0.60546875 0.32817869415807566 0.5984375 0.33676975945017185 0.59765625 0.34192439862542956 0.60078125 0.36769759450171824 0.59296875 0.39003436426116844 0.5921875 0.39862542955326463 0.58828125 0.37972508591065296 0.5703125 0.3556701030927835 0.56640625 0.3144329896907217 0.56484375 0.27835051546391754 0.57109375 0.23195876288659795 0.5703125 0.20446735395189006 0.57578125 0.1941580756013746 0.575 0.1752577319587629 0.578125 0.1718213058419244 0.5828125 0.20103092783505155 0.58984375
0 0.12542955326460484 0.6546875 0.1718213058419244 0.675 0.1941580756013746 0.68203125 0.20446735395189006 0.68203125 0.211340206185567 0.67734375 0.20446735395189006 0.67109375 0.20103092783505155 0.6421875 0.19587628865979384 0.63984375 0.1718213058419244 0.64140625 0.16494845360824745 0.6359375 0.1443298969072165 0.63203125 0.13745704467353953 0.63359375 0.12199312714776633 0.6296875 0.11855670103092783 0.63515625 0.12542955326460484 0.6546875
0 0.12542955326460484 0.65390625 0.1941580756013746 0.68203125 0.2302405498281787 0.690625 0.26460481099656363 0.69296875 0.2525773195876289 0.68203125 0.2525773195876289 0.63203125 0.25945017182130586 0.63046875 0.25945017182130586 0.625 0.24742268041237114 0.61953125 0.21993127147766325 0.615625 0.20962199312714777 0.609375 0.21649484536082478 0.59921875 0.21305841924398625 0.5921875 0.1718213058419244 0.58203125 0.1597938144329897 0.5875 0.11512027491408935 0.59453125 0.11168384879725086 0.609375 0.12542955326460484 0.65390625
0 0.513745704467354 0.76015625 0.5223367697594502 0.7640625 0.584192439862543 0.7421875 0.5807560137457045 0.66953125 0.5670103092783505 0.62265625 0.5532646048109966 0.628125 0.5498281786941581 0.61796875 0.5429553264604812 0.615625 0.5360824742268042 0.61953125 0.5446735395189004 0.6296875 0.5360824742268042 0.63203125 0.5189003436426117 0.63046875 0.5068728522336771 0.63359375 0.5103092783505155 0.7453125 0.513745704467354 0.76015625
0 0.6632302405498283 0.65 0.6804123711340206 0.6515625 0.6924398625429553 0.6421875 0.6872852233676976 0.5953125 0.6494845360824744 0.61328125 0.6408934707903781 0.6109375 0.6408934707903781 0.653125 0.6632302405498283 0.65
0 0.4261168384879725 0.6546875 0.4261168384879725 0.68125 0.43298969072164956 0.70234375 0.4484536082474227 0.70078125 0.4810996563573884 0.690625 0.49828178694158076 0.68984375 0.5017182130584193 0.6875 0.5017182130584193 0.64921875 0.5 0.64375 0.48797250859106533 0.63984375 0.49828178694158076 0.637890625 0.49312714776632305 0.634375 0.49828178694158076 0.6328125 0.4965635738831615 0.628125 0.48453608247422686 0.63984375 0.4776632302405499 0.63984375 0.4776632302405499 0.63671875 0.4639175257731959 0.646875 0.4312714776632303 0.64609375 0.4347079037800688 0.65078125 0.4261168384879725 0.6546875
0 0.9965635738831615 0.6421875 0.9948453608247423 0.5328125 0.9759450171821307 0.53046875 0.9553264604810998 0.53359375 0.9518900343642611 0.52890625 0.9312714776632303 0.52578125 0.9037800687285223 0.53046875 0.88659793814433 0.52578125 0.845360824742268 0.52734375 0.8316151202749141 0.5328125 0.8333333333333334 0.621875 0.9965635738831615 0.6421875
0 0.6460481099656358 0.71015625 0.6494845360824744 0.715625 0.6546391752577321 0.71640625 0.6958762886597938 0.6984375 0.6941580756013745 0.6515625 0.6838487972508591 0.65078125 0.6924398625429553 0.64609375 0.6494845360824744 0.653125 0.6426116838487973 0.65625 0.6391752577319588 0.675 0.6460481099656358 0.71015625
0 0.5807560137457045 0.646875 0.5979381443298969 0.6453125 0.6185567010309279 0.63515625 0.6254295532646049 0.63671875 0.6254295532646049 0.64140625 0.6323024054982819 0.640625 0.6357388316151203 0.60859375 0.6288659793814434 0.58671875 0.6134020618556701 0.58359375 0.5910652920962199 0.5875 0.570446735395189 0.5953125 0.5738831615120275 0.63203125 0.5807560137457045 0.646875
0 0.4948453608247423 0.56796875 0.5223367697594502 0.56875 0.5687285223367697 0.565625 0.577319587628866 0.5640625 0.5790378006872853 0.5609375 0.5721649484536082 0.55546875 0.5326460481099657 0.553125 0.5 0.546875 0.47938144329896915 0.55546875 0.47594501718213056 0.5640625 0.4948453608247423 0.56796875
0 0.661512027491409 0.64921875 0.6804123711340206 0.64921875 0.6907216494845361 0.64296875 0.6907216494845361 0.609375 0.6855670103092784 0.59453125 0.6769759450171822 0.5953125 0.6786941580756014 0.5984375 0.6529209621993128 0.609375 0.6426116838487973 0.60625 0.6391752577319588 0.609375 0.6408934707903781 0.653125 0.661512027491409 0.64921875
0 0.19243986254295536 0.58828125 0.21477663230240554 0.5921875 0.2508591065292097 0.5921875 0.2611683848797251 0.59140625 0.28350515463917525 0.578125 0.2852233676975945 0.57265625 0.27835051546391754 0.5703125 0.23367697594501718 0.56875 0.17353951890034364 0.578125 0.1718213058419244 0.5828125 0.19243986254295536 0.58828125
0 0.302405498281787 0.70234375 0.35223367697594504 0.7375 0.36426116838487976 0.7375 0.40034364261168387 0.72734375 0.42439862542955326 0.7265625 0.4261168384879725 0.70703125 0.4209621993127148 0.69375 0.365979381443299 0.7015625 0.34879725085910657 0.7078125 0.3298969072164949 0.70703125 0.31615120274914094 0.69921875 0.3075601374570447 0.6984375 0.302405498281787 0.69921875 0.302405498281787 0.70234375
0 0.38203125 0.5875 0.0015625 0.00234375
0 0.20962199312714777 0.6078125 0.2061855670103093 0.63515625 0.211340206185567 0.66796875 0.23367697594501718 0.675 0.2405498281786942 0.6890625 0.2611683848797251 0.69375 0.2766323024054983 0.69296875 0.27835051546391754 0.68515625 0.2680412371134021 0.66796875 0.2731958762886598 0.6359375 0.2852233676975945 0.63515625 0.3144329896907217 0.64453125 0.33161512027491413 0.64609375 0.365979381443299 0.640625 0.39003436426116844 0.63125 0.4037800687285224 0.63125 0.40549828178694164 0.628125 0.39862542955326463 0.62265625 0.39003436426116844 0.6234375 0.38316151202749144 0.61796875 0.365979381443299 0.62109375 0.3608247422680413 0.61953125 0.35738831615120276 0.60859375 0.3402061855670103 0.5953125 0.34879725085910657 0.590625 0.34879725085910657 0.58671875 0.3384879725085911 0.584375 0.3350515463917526 0.576171875 0.32817869415807566 0.5765625 0.33333333333333337 0.5703125 0.3264604810996564 0.57109375 0.3264604810996564 0.57890625 0.3195876288659794 0.5859375 0.288659793814433 0.57265625 0.25945017182130586 0.59375 0.24914089347079038 0.59609375 0.2302405498281787 0.59453125 0.211340206185567 0.6 0.20274914089347082 0.60546875 0.20962199312714777 0.6078125
0 0.3125 0.5703125 0.003125 0.00078125
0 0.6975945017182131 0.69765625 0.7061855670103093 0.7 0.7371134020618557 0.68984375 0.7405498281786942 0.67734375 0.7371134020618557 0.66796875 0.725085910652921 0.6671875 0.7268041237113403 0.6640625 0.7233676975945018 0.66796875 0.6993127147766324 0.6734375 0.7027491408934708 0.675 0.6975945017182131 0.69765625
0 0.4518900343642612 0.7 0.5034364261168386 0.68671875 0.5051546391752578 0.66875 0.49828178694158076 0.6578125 0.4518900343642612 0.66015625 0.4261168384879725 0.66484375 0.4312714776632303 0.70234375 0.4518900343642612 0.7
0 0.2972508591065292 0.69921875 0.29381443298969073 0.696875 0.2920962199312715 0.69921875 0.2972508591065292 0.69921875
0 0.27491408934707906 0.6859375 0.29896907216494845 0.68828125 0.3041237113402062 0.69453125 0.31271477663230246 0.69453125 0.33161512027491413 0.703125 0.3384879725085911 0.6953125 0.3556701030927835 0.68828125 0.3694158075601375 0.6890625 0.372852233676976 0.69296875 0.3814432989690722 0.684375 0.4209621993127148 0.67578125 0.4209621993127148 0.64921875 0.41580756013745707 0.640625 0.4072164948453609 0.63671875 0.3934707903780069 0.6359375 0.3814432989690722 0.63984375 0.32817869415807566 0.646875 0.3195876288659794 0.64609375 0.30584192439862545 0.63984375 0.281786941580756 0.6359375 0.2680412371134021 0.6453125 0.2680412371134021 0.675 0.27491408934707906 0.6859375
0 0.9656357388316152 0.63984375 0.9982817869415808 0.64296875 0.9982817869415808 0.53203125 0.9810996563573884 0.53125 0.963917525773196 0.534375 0.9553264604810998 0.54453125 0.9536082474226806 0.6359375 0.9656357388316152 0.63984375
0 0.14776632302405499 0.728125 0.16838487972508592 0.74765625 0.16494845360824745 0.8015625 0.17353951890034364 0.8203125 0.1718213058419244 0.828125 0.18900343642611686 0.82890625 0.19759450171821308 0.82421875 0.20446735395189006 0.82421875 0.22508591065292097 0.8328125 0.2405498281786942 0.83046875 0.2508591065292097 0.83203125 0.2525773195876289 0.81953125 0.27491408934707906 0.8125 0.2852233676975945 0.8171875 0.281786941580756 0.8140625 0.2852233676975945 0.81484375 0.2920962199312715 0.8078125 0.30068728522336774 0.8125 0.30927835051546393 0.81015625 0.33161512027491413 0.8140625 0.3264604810996564 0.80859375 0.33161512027491413 0.8078125 0.32817869415807566 0.8015625 0.3350515463917526 0.796875 0.33676975945017185 0.77734375 0.33333333333333337 0.76796875 0.3264604810996564 0.76484375 0.3384879725085911 0.7328125 0.33333333333333337 0.72734375 0.31615120274914094 0.721875 0.30068728522336774 0.709375 0.2714776632302406 0.69921875 0.24742268041237114 0.69765625 0.15635738831615123 0.71953125 0.14776632302405499 0.7234375 0.14776632302405499 0.728125
0 0.604810996563574 0.53828125 0.6151202749140894 0.5453125 0.6168384879725086 0.5421875 0.6237113402061857 0.5421875 0.6305841924398626 0.54609375 0.6477663230240551 0.54296875 0.6872852233676976 0.54296875 0.6941580756013745 0.53828125 0.7010309278350516 0.5390625 0.7079037800687286 0.5359375 0.7130584192439863 0.52890625 0.6924398625429553 0.52734375 0.6855670103092784 0.52421875 0.6718213058419245 0.528125 0.6185567010309279 0.5296875 0.5996563573883162 0.5328125 0.5945017182130584 0.5359375 0.604810996563574 0.53828125
0 0.6958762886597938 0.54296875 0.7130584192439863 0.54765625 0.7164948453608248 0.55546875 0.7508591065292097 0.55234375 0.7714776632302407 0.5578125 0.7972508591065293 0.55703125 0.8058419243986255 0.55234375 0.8178694158075602 0.55390625 0.8264604810996564 0.54921875 0.8281786941580757 0.53671875 0.8230240549828179 0.53359375 0.7852233676975946 0.53046875 0.7697594501718215 0.53046875 0.7628865979381444 0.5328125 0.7302405498281788 0.5296875 0.7164948453608248 0.53125 0.7044673539518901 0.540625 0.6958762886597938 0.54296875
0 0.8298969072164949 0.60859375 0.8350515463917526 0.62265625 0.9415807560137457 0.63671875 0.9965635738831615 0.64140625 0.993127147766323 0.6078125 0.9982817869415808 0.58671875 0.993127147766323 0.58125 0.9982817869415808 0.55625 0.9948453608247423 0.54296875 0.9862542955326461 0.5390625 0.993127147766323 0.5328125 0.9793814432989691 0.53046875 0.9621993127147768 0.53203125 0.9553264604810998 0.52578125 0.9278350515463918 0.52421875 0.9209621993127148 0.52734375 0.9106529209621994 0.5265625 0.9037800687285223 0.52890625 0.88659793814433 0.525 0.8831615120274915 0.52734375 0.852233676975945 0.5265625 0.8402061855670103 0.528125 0.8316151202749141 0.5328125 0.8350515463917526 0.55703125 0.8298969072164949 0.60859375
0 0.43814432989690727 0.78515625 0.4450171821305842 0.7875 0.4553264604810997 0.7859375 0.4862542955326461 0.77265625 0.49828178694158076 0.771875 0.5120274914089348 0.76484375 0.5068728522336771 0.7421875 0.5085910652920963 0.6921875 0.5017182130584193 0.6609375 0.4965635738831615 0.6578125 0.4518900343642612 0.66328125 0.4295532646048111 0.66953125 0.4295532646048111 0.7546875 0.43814432989690727 0.78515625
0 0.9072164948453609 0.6328125 0.9484536082474226 0.63671875 0.9518900343642611 0.5796875 0.9261168384879725 0.57421875 0.8900343642611684 0.57421875 0.8883161512027492 0.628125 0.9072164948453609 0.6328125
0 0.5927835051546392 0.55390625 0.5876288659793815 0.55703125 0.5893470790378007 0.5609375 0.5979381443298969 0.56171875 0.6082474226804124 0.55546875 0.6185567010309279 0.5578125 0.6254295532646049 0.55546875 0.6460481099656358 0.559375 0.6494845360824744 0.5640625 0.6597938144329898 0.56484375 0.6666666666666667 0.559375 0.6718213058419245 0.559375 0.6752577319587629 0.56328125 0.6907216494845361 0.5640625 0.7027491408934708 0.5640625 0.7096219931271478 0.56015625 0.7147766323024055 0.54609375 0.7027491408934708 0.5296875 0.6890034364261168 0.53125 0.6838487972508591 0.52890625 0.6769759450171822 0.5328125 0.6735395189003437 0.52890625 0.668384879725086 0.5375 0.6477663230240551 0.53984375 0.6408934707903781 0.53828125 0.6357388316151203 0.5421875 0.6288659793814434 0.5390625 0.6357388316151203 0.5328125 0.6151202749140894 0.5375 0.6185567010309279 0.53203125 0.6151202749140894 0.5328125 0.6116838487972509 0.54765625 0.5927835051546392 0.55390625
0 0.9982817869415808 0.64375 0.993127147766323 0.61171875 0.9879725085910653 0.6109375 0.9828178694158076 0.603125 0.9673539518900345 0.60078125 0.9621993127147768 0.60234375 0.9536082474226806 0.6171875 0.9518900343642611 0.63671875 0.9982817869415808 0.64375
0 0.2869415807560137 0.684375 0.27835051546391754 0.68828125 0.2800687285223368 0.69609375 0.3075601374570447 0.70703125 0.3178694158075602 0.71640625 0.3505154639175258 0.73359375 0.372852233676976 0.734375 0.40034364261168387 0.72578125 0.422680412371134 0.7234375 0.42439862542955326 0.68046875 0.4209621993127148 0.67109375 0.41065292096219935 0.67265625 0.4037800687285224 0.66328125 0.3969072164948454 0.66484375 0.3934707903780069 0.6625 0.3934707903780069 0.67578125 0.38316151202749144 0.68125 0.35738831615120276 0.68203125 0.3470790378006873 0.675 0.33161512027491413 0.67578125 0.3195876288659794 0.68203125 0.288659793814433 0.6734375 0.2800687285223368 0.67734375 0.2800687285223368 0.68125 0.2869415807560137 0.684375
0 0.4347079037800688 0.78046875 0.44158075601374575 0.78984375 0.48797250859106533 0.7734375 0.5 0.771875 0.513745704467354 0.76484375 0.5068728522336771 0.73984375 0.5068728522336771 0.69921875 0.49828178694158076 0.67421875 0.4828178694158076 0.675 0.4828178694158076 0.684375 0.47079037800687284 0.69296875 0.45360824742268047 0.696875 0.43814432989690727 0.6953125 0.4312714776632303 0.6984375 0.4295532646048111 0.7546875 0.4347079037800688 0.78046875
0 0.5807560137457045 0.65859375 0.5824742268041238 0.7265625 0.5910652920962199 0.7390625 0.6426116838487973 0.72421875 0.6460481099656358 0.71796875 0.6374570446735396 0.6671875 0.6254295532646049 0.6546875 0.604810996563574 0.653125 0.5979381443298969 0.6578125 0.5807560137457045 0.65859375
0 0.029209621993127148 0.68125 0.0429553264604811 0.7515625 0.07903780068728523 0.7828125 0.12542955326460484 0.8109375 0.13745704467353953 0.81640625 0.14604810996563575 0.8140625 0.15463917525773196 0.825 0.15807560137457047 0.8171875 0.14948453608247422 0.81328125 0.1597938144329897 0.8109375 0.1597938144329897 0.76171875 0.15463917525773196 0.75234375 0.15635738831615123 0.73984375 0.14604810996563575 0.725 0.16494845360824745 0.71484375 0.21477663230240554 0.7046875 0.22680412371134023 0.69921875 0.22508591065292097 0.6953125 0.18556701030927836 0.68046875 0.14948453608247422 0.67109375 0.14604810996563575 0.6671875 0.12542955326460484 0.66015625 0.10824742268041239 0.659375 0.09450171821305843 0.66328125 0.08419243986254296 0.6625 0.03264604810996564 0.67109375 0.02405498281786942 0.675 0.029209621993127148 0.68125
0 0.2628865979381444 0.59140625 0.27835051546391754 0.59609375 0.2920962199312715 0.590625 0.30584192439862545 0.590625 0.31615120274914094 0.596875 0.33676975945017185 0.596875 0.34879725085910657 0.6015625 0.365979381443299 0.59609375 0.39518900343642616 0.59296875 0.4037800687285224 0.5890625 0.39003436426116844 0.578125 0.3917525773195877 0.5671875 0.3608247422680413 0.56875 0.31099656357388317 0.56640625 0.288659793814433 0.57109375 0.2869415807560137 0.57734375 0.2628865979381444 0.59140625
0 0.211340206185567 0.609375 0.2508591065292097 0.6203125 0.2680412371134021 0.61953125 0.281786941580756 0.61484375 0.34536082474226804 0.6046875 0.34536082474226804 0.59921875 0.3402061855670103 0.596875 0.32130584192439865 0.59453125 0.3075601374570447 0.58828125 0.29037800687285226 0.58984375 0.281786941580756 0.5875 0.27491408934707906 0.59140625 0.22852233676975947 0.5953125 0.2061855670103093 0.60078125 0.20446735395189006 0.60625 0.211340206185567 0.609375
0 0.15807560137457047 0.73984375 0.16151202749140894 0.796875 0.1512027491408935 0.809375 0.15807560137457047 0.82734375 0.1752577319587629 0.8453125 0.22508591065292097 0.86953125 0.23883161512027495 0.86953125 0.2766323024054983 0.85234375 0.32817869415807566 0.834375 0.33676975945017185 0.82734375 0.3402061855670103 0.78671875 0.33333333333333337 0.7421875 0.3384879725085911 0.7328125 0.28350515463917525 0.70234375 0.25429553264604815 0.69765625 0.23711340206185566 0.6984375 0.1907216494845361 0.71171875 0.16151202749140894 0.71640625 0.14604810996563575 0.72265625 0.1443298969072165 0.72734375 0.15807560137457047 0.73984375
0 0.2731958762886598 0.6890625 0.2800687285223368 0.6953125 0.30927835051546393 0.70625 0.3195876288659794 0.71640625 0.3350515463917526 0.721875 0.34879725085910657 0.73203125 0.359106529209622 0.73046875 0.372852233676976 0.7328125 0.37972508591065296 0.73046875 0.3780068728522337 0.72578125 0.38659793814432997 0.7265625 0.38316151202749144 0.72265625 0.39003436426116844 0.721875 0.3969072164948454 0.725 0.4123711340206186 0.7234375 0.42439862542955326 0.7125 0.422680412371134 0.6515625 0.4175257731958763 0.64375 0.42439862542955326 0.62734375 0.4209621993127148 0.62265625 0.41065292096219935 0.61796875 0.35223367697594504 0.60546875 0.33333333333333337 0.6109375 0.29037800687285226 0.61640625 0.27491408934707906 0.62265625 0.2680412371134021 0.6296875 0.26632302405498287 0.66875 0.2731958762886598 0.6890625
0 0.7817869415807561 0.5859375 0.7938144329896908 0.58359375 0.8041237113402062 0.57421875 0.8127147766323025 0.57578125 0.8264604810996564 0.56875 0.8316151202749141 0.55390625 0.8281786941580757 0.5375 0.8230240549828179 0.5359375 0.802405498281787 0.5390625 0.7646048109965636 0.54921875 0.7749140893470792 0.58359375 0.7817869415807561 0.5859375
0 0.7027491408934708 0.52421875 0.7079037800687286 0.521875 0.7010309278350516 0.5203125 0.6975945017182131 0.521875 0.7027491408934708 0.52421875
0 0.8728522336769761 0.521875 0.8694158075601376 0.51640625 0.8659793814432991 0.521875 0.8728522336769761 0.521875
0 0.86875 0.5125 0.0015625 0.0015625
0 0.7164948453608248 0.52578125 0.7233676975945018 0.52734375 0.7285223367697595 0.5265625 0.731958762886598 0.5203125 0.7405498281786942 0.5234375 0.7439862542955327 0.52890625 0.7508591065292097 0.52890625 0.7542955326460482 0.52578125 0.7577319587628867 0.5296875 0.7663230240549829 0.5296875 0.7714776632302407 0.5265625 0.8144329896907218 0.5328125 0.8367697594501718 0.52578125 0.8487972508591065 0.525 0.8539518900343642 0.51953125 0.8470790378006873 0.5125 0.8178694158075602 0.5078125 0.7886597938144331 0.51015625 0.7542955326460482 0.50859375 0.7336769759450172 0.5203125 0.7233676975945018 0.5171875 0.7164948453608248 0.52265625 0.7164948453608248 0.52578125
0 0.738831615120275 0.5609375 0.7405498281786942 0.56484375 0.7405498281786942 0.6375 0.7508591065292097 0.64296875 0.7646048109965636 0.640625 0.7714776632302407 0.63125 0.7680412371134021 0.56640625 0.7663230240549829 0.5609375 0.7542955326460482 0.559375 0.7508591065292097 0.55390625 0.7405498281786942 0.553125 0.7285223367697595 0.55703125 0.738831615120275 0.5609375
0 0.45703125 0.5875 0.003125 0.00078125
0 0.4020618556701031 0.5671875 0.4037800687285224 0.5703125 0.4175257731958763 0.56640625 0.4312714776632303 0.5671875 0.44158075601374575 0.571875 0.4484536082474227 0.56640625 0.47079037800687284 0.56484375 0.47938144329896915 0.55546875 0.4965635738831615 0.546875 0.44158075601374575 0.55078125 0.4123711340206186 0.55625 0.41065292096219935 0.56484375 0.4020618556701031 0.5671875
0 0.3178694158075602 0.60625 0.3178694158075602 0.6015625 0.31271477663230246 0.6015625 0.3178694158075602 0.60625
0 0.11855670103092783 0.61171875 0.11855670103092783 0.63671875 0.1288659793814433 0.65390625 0.15807560137457047 0.66796875 0.19759450171821308 0.68203125 0.24742268041237114 0.69296875 0.26460481099656363 0.69375 0.2680412371134021 0.6890625 0.25945017182130586 0.665625 0.2628865979381444 0.628125 0.2714776632302406 0.6203125 0.26975945017182135 0.615625 0.2800687285223368 0.615625 0.2852233676975945 0.61171875 0.2920962199312715 0.6125 0.30068728522336774 0.60546875 0.2920962199312715 0.60625 0.288659793814433 0.60234375 0.2800687285223368 0.60859375 0.27491408934707906 0.60546875 0.27835051546391754 0.60234375 0.2714776632302406 0.603125 0.2714776632302406 0.5984375 0.25945017182130586 0.5953125 0.24398625429553267 0.5953125 0.23367697594501718 0.5984375 0.20274914089347082 0.58984375 0.18041237113402064 0.58828125 0.17353951890034364 0.584375 0.15463917525773196 0.59140625 0.14261168384879724 0.59140625 0.1357388316151203 0.5953125 0.11683848797250859 0.5953125 0.11340206185567012 0.60234375 0.11855670103092783 0.61171875
0 0.029209621993127148 0.69296875 0.04639175257731959 0.7546875 0.07903780068728523 0.7828125 0.1357388316151203 0.81640625 0.14776632302405499 0.81796875 0.15292096219931273 0.82734375 0.16494845360824745 0.8328125 0.1752577319587629 0.84453125 0.22680412371134023 0.86953125 0.23711340206185566 0.86953125 0.2577319587628866 0.8625 0.2800687285223368 0.85 0.3264604810996564 0.834375 0.3350515463917526 0.828125 0.3384879725085911 0.778125 0.3298969072164949 0.74609375 0.33676975945017185 0.7359375 0.3350515463917526 0.73046875 0.31271477663230246 0.7234375 0.281786941580756 0.70234375 0.24742268041237114 0.6984375 0.23367697594501718 0.7 0.18213058419243988 0.6796875 0.15292096219931273 0.671875 0.13745704467353953 0.67265625 0.12542955326460484 0.6609375 0.10309278350515465 0.6609375 0.09450171821305843 0.66875 0.09278350515463918 0.66484375 0.08247422680412372 0.6640625 0.07388316151202749 0.6703125 0.07216494845360825 0.6671875 0.06357388316151204 0.6671875 0.04810996563573884 0.671875 0.03264604810996564 0.671875 0.027491408934707907 0.6765625 0.029209621993127148 0.69296875
0 0.4261168384879725 0.62421875 0.4209621993127148 0.64375 0.4312714776632303 0.66796875 0.43814432989690727 0.66796875 0.4604810996563574 0.66015625 0.4948453608247423 0.659375 0.5017182130584193 0.653125 0.5017182130584193 0.61875 0.4948453608247423 0.609375 0.49828178694158076 0.60078125 0.4587628865979382 0.61171875 0.4209621993127148 0.615625 0.41924398625429554 0.61953125 0.4261168384879725 0.62421875
0 0.8333333333333334 0.6234375 0.8831615120274915 0.62890625 0.88659793814433 0.54140625 0.8951890034364262 0.52890625 0.88659793814433 0.5265625 0.8487972508591065 0.52734375 0.8350515463917526 0.52890625 0.8316151202749141 0.53203125 0.8298969072164949 0.61953125 0.8333333333333334 0.6234375
0 0.6391752577319588 0.6484375 0.6460481099656358 0.65078125 0.6890034364261168 0.64296875 0.6890034364261168 0.58984375 0.6838487972508591 0.58046875 0.6563573883161513 0.5875 0.6529209621993128 0.59140625 0.6460481099656358 0.5875 0.6374570446735396 0.58828125 0.6374570446735396 0.6390625 0.6391752577319588 0.6484375
0 0.7027491408934708 0.534375 0.7061855670103093 0.53125 0.6993127147766324 0.52890625 0.6941580756013745 0.5328125 0.7027491408934708 0.534375
0 0.6099656357388317 0.54140625 0.6374570446735396 0.54375 0.6752577319587629 0.53984375 0.6872852233676976 0.534375 0.6872852233676976 0.53125 0.6666666666666667 0.528125 0.6426116838487973 0.528125 0.604810996563574 0.53125 0.5876288659793815 0.53515625 0.5876288659793815 0.5375 0.6099656357388317 0.54140625
0 0.6065292096219932 0.5703125 0.6151202749140894 0.56796875 0.6254295532646049 0.56953125 0.6323024054982819 0.584375 0.6426116838487973 0.5765625 0.6580756013745706 0.578125 0.7027491408934708 0.5671875 0.7130584192439863 0.54921875 0.7061855670103093 0.5453125 0.6924398625429553 0.5453125 0.6838487972508591 0.5375 0.6701030927835052 0.54140625 0.6408934707903781 0.54375 0.6254295532646049 0.5421875 0.6254295532646049 0.53359375 0.6323024054982819 0.5328125 0.6254295532646049 0.53203125 0.6202749140893471 0.5328125 0.6219931271477663 0.53984375 0.6116838487972509 0.54765625 0.5807560137457045 0.55703125 0.584192439862543 0.56484375 0.6065292096219932 0.5703125
0 0.22336769759450173 0.678125 0.22508591065292097 0.68515625 0.23367697594501718 0.6890625 0.24742268041237114 0.69296875 0.26460481099656363 0.69375 0.2680412371134021 0.68203125 0.2628865979381444 0.64765625 0.2680412371134021 0.6203125 0.24742268041237114 0.6203125 0.21649484536082478 0.6109375 0.20790378006872853 0.6125 0.20446735395189006 0.6203125 0.2061855670103093 0.67578125 0.22336769759450173 0.678125
0 0.23539518900343642 0.76171875 0.2405498281786942 0.75859375 0.24742268041237114 0.76171875 0.2508591065292097 0.75546875 0.23883161512027495 0.7578125 0.23367697594501718 0.74921875 0.22680412371134023 0.75078125 0.22336769759450173 0.7546875 0.23539518900343642 0.76171875
0 0.1632302405498282 0.7375 0.2061855670103093 0.75234375 0.21821305841924402 0.75234375 0.22508591065292097 0.746875 0.2302405498281787 0.74765625 0.2611683848797251 0.7390625 0.26460481099656363 0.740625 0.2525773195876289 0.75234375 0.2577319587628866 0.75625 0.26632302405498287 0.75703125 0.2714776632302406 0.75078125 0.2800687285223368 0.75234375 0.3075601374570447 0.74453125 0.3041237113402062 0.73515625 0.29896907216494845 0.734375 0.29553264604810997 0.73671875 0.29037800687285226 0.7328125 0.302405498281787 0.72578125 0.31271477663230246 0.72421875 0.3144329896907217 0.71953125 0.29553264604810997 0.70625 0.2714776632302406 0.69921875 0.23367697594501718 0.69921875 0.14776632302405499 0.72265625 0.14604810996563575 0.7265625 0.1632302405498282 0.7375
0 0.5051546391752578 0.63515625 0.5120274914089348 0.63671875 0.5360824742268042 0.63125 0.5549828178694158 0.63046875 0.563573883161512 0.6265625 0.570446735395189 0.62734375 0.5670103092783505 0.59765625 0.5360824742268042 0.5921875 0.5171821305841925 0.5921875 0.5034364261168386 0.596875 0.49828178694158076 0.61015625 0.5051546391752578 0.63515625
0 0.7027491408934708 0.61484375 0.711340206185567 0.609375 0.7336769759450172 0.6109375 0.7302405498281788 0.6015625 0.7371134020618557 0.59296875 0.7353951890034365 0.5671875 0.7199312714776632 0.56484375 0.6890034364261168 0.57578125 0.6924398625429553 0.6140625 0.7027491408934708 0.61484375
0 0.7817869415807561 0.54765625 0.7714776632302407 0.55 0.7766323024054984 0.55234375 0.7749140893470792 0.55625 0.7800687285223369 0.55390625 0.7903780068728523 0.55625 0.7972508591065293 0.56953125 0.8247422680412372 0.56953125 0.8316151202749141 0.55625 0.8264604810996564 0.53515625 0.7920962199312716 0.54296875 0.7852233676975946 0.55 0.7817869415807561 0.54765625
0 0.6752577319587629 0.53359375 0.668384879725086 0.52890625 0.661512027491409 0.53046875 0.6752577319587629 0.53359375
0 0.7972508591065293 0.5296875 0.8006872852233677 0.52578125 0.7920962199312716 0.525 0.7903780068728523 0.52890625 0.7972508591065293 0.5296875
0 0.84765625 0.521875 0.0015625 0.00078125
0 0.6855670103092784 0.534375 0.6975945017182131 0.53046875 0.7079037800687286 0.53203125 0.7199312714776632 0.52890625 0.7474226804123713 0.5328125 0.7542955326460482 0.5296875 0.7714776632302407 0.53125 0.7817869415807561 0.52890625 0.7800687285223369 0.521875 0.7869415807560138 0.5171875 0.7680412371134021 0.515625 0.7749140893470792 0.51171875 0.7714776632302407 0.509375 0.7628865979381444 0.51640625 0.7542955326460482 0.509375 0.7371134020618557 0.51484375 0.7044673539518901 0.51640625 0.6855670103092784 0.521875 0.6804123711340206 0.52578125 0.6855670103092784 0.534375
0 0.6323024054982819 0.55078125 0.6340206185567011 0.5546875 0.6408934707903781 0.55625 0.668384879725086 0.55625 0.6993127147766324 0.56015625 0.7079037800687286 0.5578125 0.7044673539518901 0.546875 0.6872852233676976 0.54375 0.6838487972508591 0.53984375 0.6460481099656358 0.5421875 0.6391752577319588 0.5453125 0.6305841924398626 0.5453125 0.6254295532646049 0.54921875 0.6185567010309279 0.54609375 0.6151202749140894 0.553125 0.6323024054982819 0.55078125
0 0.24398625429553267 0.5734375 0.24742268041237114 0.57109375 0.23711340206185566 0.57109375 0.24398625429553267 0.5734375
0 0.1941580756013746 0.5890625 0.20103092783505155 0.59375 0.20274914089347082 0.60703125 0.22680412371134023 0.609375 0.23539518900343642 0.61484375 0.25429553264604815 0.61796875 0.26975945017182135 0.6171875 0.2766323024054983 0.6140625 0.34192439862542956 0.603125 0.3556701030927835 0.5921875 0.3625429553264605 0.5921875 0.36769759450171824 0.5875 0.372852233676976 0.59140625 0.38316151202749144 0.5890625 0.39003436426116844 0.59140625 0.3934707903780069 0.58828125 0.3762886597938145 0.571875 0.3144329896907217 0.56640625 0.2680412371134021 0.57421875 0.2611683848797251 0.5734375 0.25429553264604815 0.578125 0.23711340206185566 0.57734375 0.22680412371134023 0.58359375 0.21993127147766325 0.5734375 0.21305841924398625 0.57421875 0.211340206185567 0.580078125 0.1941580756013746 0.57578125 0.1752577319587629 0.578125 0.1718213058419244 0.58359375 0.1941580756013746 0.5890625
0 0.4261168384879725 0.60859375 0.4175257731958763 0.6078125 0.4209621993127148 0.6125 0.4261168384879725 0.60859375
0 0.36015625 0.5984375 0.0015625 0.00078125
0 0.3814432989690722 0.5953125 0.3711340206185567 0.5921875 0.3694158075601375 0.5953125 0.3814432989690722 0.5953125
0 0.3883161512027492 0.57734375 0.40034364261168387 0.5890625 0.41065292096219935 0.59140625 0.45704467353951894 0.5890625 0.46563573883161513 0.59375 0.4896907216494846 0.59375 0.5103092783505155 0.58828125 0.5154639175257733 0.57109375 0.5085910652920963 0.5671875 0.4776632302405499 0.56484375 0.46563573883161513 0.55703125 0.47079037800687284 0.553125 0.4553264604810997 0.55234375 0.422680412371134 0.55625 0.41065292096219935 0.565625 0.3917525773195877 0.56875 0.38659793814432997 0.57109375 0.3883161512027492 0.57734375
0 0.3436426116838488 0.772265625 0.3505154639175258 0.775 0.3436426116838488 0.7765625 0.34536082474226804 0.7796875 0.35223367697594504 0.775 0.35738831615120276 0.778125 0.42439862542955326 0.759375 0.4261168384879725 0.72734375 0.39518900343642616 0.728125 0.3711340206185567 0.73515625 0.34536082474226804 0.734375 0.3384879725085911 0.74296875 0.3384879725085911 0.76015625 0.3436426116838488 0.772265625
0 0.43298969072164956 0.7375 0.4587628865979382 0.73515625 0.46735395189003437 0.72890625 0.49312714776632305 0.72265625 0.5034364261168386 0.725 0.5068728522336771 0.7234375 0.5068728522336771 0.7015625 0.5017182130584193 0.69453125 0.49312714776632305 0.69140625 0.4810996563573884 0.69140625 0.4347079037800688 0.70234375 0.4295532646048111 0.7078125 0.4261168384879725 0.72578125 0.43298969072164956 0.7375
0 0.9965635738831615 0.64296875 0.9965635738831615 0.5328125 0.9759450171821307 0.53046875 0.9553264604810998 0.53359375 0.9518900343642611 0.5296875 0.9312714776632303 0.5265625 0.9037800687285223 0.53125 0.88659793814433 0.5265625 0.845360824742268 0.52734375 0.8316151202749141 0.5328125 0.8333333333333334 0.62265625 0.9965635738831615 0.64296875
0 0.029209621993127148 0.68203125 0.03264604810996564 0.6953125 0.0429553264604811 0.69296875 0.05326460481099656 0.696875 0.06357388316151204 0.696875 0.07388316151202749 0.7078125 0.08934707903780069 0.71328125 0.10137457044673541 0.7234375 0.10652920962199312 0.72109375 0.1202749140893471 0.72109375 0.13917525773195877 0.72421875 0.16151202749140894 0.71484375 0.21305841924398625 0.7046875 0.22680412371134023 0.69921875 0.22680412371134023 0.69609375 0.211340206185567 0.6890625 0.15807560137457047 0.67265625 0.12371134020618557 0.65859375 0.10824742268041239 0.6578125 0.027491408934707907 0.671875 0.02061855670103093 0.675 0.029209621993127148 0.68203125
0 0.15635738831615123 0.828125 0.15292096219931273 0.81640625 0.1512027491408935 0.825 0.15635738831615123 0.828125
0 0.04123711340206186 0.7515625 0.061855670103092786 0.76640625 0.070446735395189 0.778125 0.13917525773195877 0.81875 0.15807560137457047 0.8 0.15635738831615123 0.7578125 0.14948453608247422 0.7375 0.13402061855670105 0.73203125 0.11855670103092783 0.71953125 0.08247422680412372 0.7078125 0.07216494845360825 0.7015625 0.070446735395189 0.6953125 0.06357388316151204 0.6921875 0.05498281786941581 0.69375 0.03264604810996564 0.684375 0.029209621993127148 0.69609375 0.04123711340206186 0.7515625
0 0.8350515463917526 0.55859375 0.8573883161512029 0.56328125 0.8728522336769761 0.5625 0.8831615120274915 0.56484375 0.8883161512027492 0.53828125 0.9003436426116839 0.52890625 0.8883161512027492 0.52578125 0.852233676975945 0.52578125 0.8333333333333334 0.52890625 0.8298969072164949 0.5359375 0.8350515463917526 0.55859375
0 0.9501718213058419 0.5765625 0.957044673539519 0.5296875 0.9501718213058419 0.52734375 0.9140893470790379 0.528125 0.8934707903780069 0.534375 0.8883161512027492 0.5421875 0.8883161512027492 0.57109375 0.9501718213058419 0.5765625
0 0.513745704467354 0.68359375 0.5171821305841925 0.67890625 0.527491408934708 0.68046875 0.5412371134020619 0.675 0.534364261168385 0.6734375 0.5360824742268042 0.66953125 0.5446735395189004 0.67109375 0.5532646048109966 0.665625 0.5567010309278351 0.67109375 0.5618556701030928 0.67109375 0.5567010309278351 0.66796875 0.563573883161512 0.665625 0.5652920962199313 0.66796875 0.5738831615120275 0.66796875 0.5738831615120275 0.615625 0.5652920962199313 0.596875 0.5154639175257733 0.59375 0.5085910652920963 0.5953125 0.5 0.6078125 0.5034364261168386 0.659375 0.513745704467354 0.68359375
0 0.7439862542955327 0.64453125 0.7508591065292097 0.6453125 0.816151202749141 0.62734375 0.8264604810996564 0.621875 0.8247422680412372 0.59765625 0.8230240549828179 0.59609375 0.8058419243986255 0.6046875 0.79553264604811 0.6046875 0.7886597938144331 0.596875 0.7817869415807561 0.60625 0.7680412371134021 0.60390625 0.7611683848797252 0.60859375 0.7405498281786942 0.61328125 0.7405498281786942 0.640625 0.7439862542955327 0.64453125
0 0.7096219931271478 0.63671875 0.7010309278350516 0.63671875 0.7027491408934708 0.653125 0.7096219931271478 0.63671875
0 0.703125 0.6234375 0.003125 0.00078125
0 0.59375 0.5875 0.00546875 0.00078125
0 0.7061855670103093 0.5546875 0.7079037800687286 0.553125 0.7061855670103093 0.5515625 0.7061855670103093 0.5546875
0 0.570446735395189 0.59453125 0.5962199312714777 0.5890625 0.604810996563574 0.590625 0.6168384879725086 0.58671875 0.6323024054982819 0.5875 0.6649484536082475 0.58046875 0.7079037800687286 0.56796875 0.7079037800687286 0.5640625 0.7044673539518901 0.559375 0.6597938144329898 0.55546875 0.6443298969072165 0.55625 0.6391752577319588 0.55390625 0.6408934707903781 0.546875 0.6219931271477663 0.54453125 0.6082474226804124 0.55234375 0.5996563573883162 0.55078125 0.5807560137457045 0.5578125 0.5807560137457045 0.56484375 0.5652920962199313 0.57109375 0.5515463917525774 0.59140625 0.570446735395189 0.59453125
0 0.5807560137457045 0.6640625 0.5824742268041238 0.7296875 0.5876288659793815 0.73828125 0.5945017182130584 0.7390625 0.6443298969072165 0.72265625 0.6357388316151203 0.665625 0.6357388316151203 0.60703125 0.6254295532646049 0.58515625 0.6134020618556701 0.584375 0.5738831615120275 0.59375 0.570446735395189 0.60625 0.5807560137457045 0.6640625
0 0.5034364261168386 0.6546875 0.5085910652920963 0.665625 0.5257731958762888 0.675 0.5326460481099657 0.66640625 0.5446735395189004 0.66953125 0.5515463917525774 0.66328125 0.5567010309278351 0.66484375 0.563573883161512 0.66171875 0.5738831615120275 0.66171875 0.5738831615120275 0.6171875 0.5652920962199313 0.59765625 0.5463917525773196 0.59765625 0.5395189003436427 0.5953125 0.5378006872852235 0.6 0.5257731958762888 0.60390625 0.5103092783505155 0.6015625 0.5223367697594502 0.5953125 0.5120274914089348 0.5953125 0.5 0.61328125 0.5034364261168386 0.6546875
0 0.9810996563573884 0.5734375 0.9948453608247423 0.57734375 0.9982817869415808 0.58125 0.9982817869415808 0.57734375 0.993127147766323 0.5765625 0.9982817869415808 0.5734375 0.9982817869415808 0.53046875 0.9810996563573884 0.5296875 0.963917525773196 0.53359375 0.957044673539519 0.53828125 0.9587628865979383 0.5703125 0.9810996563573884 0.5734375
0 0.745704467353952 0.684375 0.7749140893470792 0.675 0.7783505154639176 0.67109375 0.7731958762886599 0.659375 0.7542955326460482 0.65625 0.7422680412371134 0.65703125 0.7405498281786942 0.67578125 0.745704467353952 0.684375
0 0.678125 0.5765625 0.0015625 0.0015625
0 0.6237113402061857 0.58203125 0.6134020618556701 0.58046875 0.5945017182130584 0.5828125 0.5893470790378007 0.5859375 0.5601374570446735 0.59140625 0.570446735395189 0.59609375 0.577319587628866 0.61640625 0.5962199312714777 0.6125 0.6013745704467355 0.60625 0.6065292096219932 0.60859375 0.6288659793814434 0.60703125 0.6340206185567011 0.6109375 0.6305841924398626 0.6078125 0.6357388316151203 0.60234375 0.6357388316151203 0.5875 0.6460481099656358 0.58203125 0.6529209621993128 0.5828125 0.6735395189003437 0.57734375 0.668384879725086 0.57421875 0.6597938144329898 0.57734375 0.6460481099656358 0.5765625 0.6357388316151203 0.575 0.6357388316151203 0.571875 0.6340206185567011 0.578125 0.6237113402061857 0.58203125
0 0.8625429553264606 0.5640625 0.8728522336769761 0.5625 0.879725085910653 0.565625 0.88659793814433 0.55703125 0.8883161512027492 0.5375 0.8986254295532646 0.528125 0.8883161512027492 0.52578125 0.8539518900343642 0.52578125 0.8316151202749141 0.5296875 0.8350515463917526 0.55859375 0.8625429553264606 0.5640625
0 0.5738831615120275 0.6296875 0.577319587628866 0.6578125 0.584192439862543 0.6703125 0.6099656357388317 0.659375 0.6323024054982819 0.66328125 0.6357388316151203 0.66171875 0.6374570446735396 0.6328125 0.6340206185567011 0.615625 0.6271477663230242 0.60859375 0.6082474226804124 0.61015625 0.6082474226804124 0.62265625 0.6030927835051547 0.625 0.5927835051546392 0.62109375 0.5927835051546392 0.61796875 0.5824742268041238 0.61953125 0.5945017182130584 0.625 0.5738831615120275 0.6296875
0 0.41065292096219935 0.61484375 0.4261168384879725 0.62578125 0.41924398625429554 0.6421875 0.4261168384879725 0.6640625 0.4295532646048111 0.759375 0.4347079037800688 0.78203125 0.44158075601374575 0.78984375 0.5120274914089348 0.76484375 0.5051546391752578 0.73828125 0.5068728522336771 0.696875 0.4965635738831615 0.61328125 0.5017182130584193 0.59921875 0.4914089347079038 0.59453125 0.43814432989690727 0.5875 0.3969072164948454 0.59765625 0.372852233676976 0.6 0.3694158075601375 0.60234375 0.41065292096219935 0.61484375
0 0.9072164948453609 0.5140625 0.9072164948453609 0.5265625 0.9553264604810998 0.5265625 0.9621993127147768 0.53125 0.9982817869415808 0.52890625 0.993127147766323 0.50703125 0.9587628865979383 0.509375 0.9243986254295533 0.50703125 0.9192439862542956 0.51015625 0.9089347079037802 0.50859375 0.9140893470790379 0.51171875 0.9072164948453609 0.5140625
0 0.422680412371134 0.64765625 0.4295532646048111 0.6890625 0.4347079037800688 0.69609375 0.44673539518900346 0.6984375 0.4725085910652921 0.6921875 0.46563573883161513 0.6828125 0.4725085910652921 0.67734375 0.48797250859106533 0.6765625 0.49312714776632305 0.684375 0.5 0.68203125 0.5 0.61796875 0.4914089347079038 0.60703125 0.45360824742268047 0.61484375 0.42439862542955326 0.6171875 0.42783505154639184 0.62890625 0.422680412371134 0.64765625
0 0.6958762886597938 0.53125 0.7010309278350516 0.52890625 0.6941580756013745 0.5265625 0.6872852233676976 0.52890625 0.6855670103092784 0.52578125 0.6838487972508591 0.5296875 0.6958762886597938 0.53125
0 0.6975945017182131 0.54296875 0.7164948453608248 0.54921875 0.7474226804123713 0.55078125 0.8195876288659795 0.5375 0.8144329896907218 0.53203125 0.7938144329896908 0.52734375 0.7731958762886599 0.528125 0.7439862542955327 0.5234375 0.7371134020618557 0.52578125 0.725085910652921 0.52421875 0.7096219931271478 0.52890625 0.7079037800687286 0.53671875 0.6975945017182131 0.54296875
0 0.4347079037800688 0.76796875 0.4347079037800688 0.77890625 0.443298969072165 0.7875 0.46219931271477666 0.7828125 0.4725085910652921 0.77578125 0.46735395189003437 0.77265625 0.46735395189003437 0.76484375 0.4948453608247423 0.76328125 0.49828178694158076 0.7609375 0.5 0.765625 0.4948453608247423 0.76875 0.5017182130584193 0.76875 0.5051546391752578 0.765625 0.5051546391752578 0.69765625 0.49828178694158076 0.6765625 0.48797250859106533 0.66953125 0.49312714776632305 0.66875 0.49312714776632305 0.6640625 0.4810996563573884 0.66484375 0.4862542955326461 0.67265625 0.46563573883161513 0.67734375 0.4725085910652921 0.684375 0.46219931271477666 0.684375 0.45704467353951894 0.68984375 0.4518900343642612 0.6859375 0.43814432989690727 0.68671875 0.42783505154639184 0.6953125 0.42783505154639184 0.7578125 0.4347079037800688 0.76796875
0 0.1202749140893471 0.6140625 0.1357388316151203 0.61953125 0.1597938144329897 0.62109375 0.16494845360824745 0.62734375 0.18213058419243988 0.6296875 0.17869415807560138 0.62265625 0.19243986254295536 0.62109375 0.20103092783505155 0.6140625 0.20446735395189006 0.59140625 0.17010309278350516 0.5828125 0.13917525773195877 0.590625 0.1202749140893471 0.5921875 0.11168384879725086 0.596875 0.11512027491408935 0.615625 0.1202749140893471 0.6140625
0 0.5876288659793815 0.73671875 0.5945017182130584 0.73828125 0.6082474226804124 0.73359375 0.6065292096219932 0.73125 0.6202749140893471 0.73046875 0.6426116838487973 0.7234375 0.6477663230240551 0.71640625 0.6443298969072165 0.6875 0.6357388316151203 0.665625 0.6237113402061857 0.66328125 0.6185567010309279 0.6578125 0.604810996563574 0.6578125 0.5945017182130584 0.66640625 0.5876288659793815 0.665625 0.5824742268041238 0.6703125 0.5824742268041238 0.7234375 0.5876288659793815 0.73671875
0 0.615625 0.5609375 0.0015625 0.0015625
0 0.6323024054982819 0.56640625 0.6271477663230242 0.58125 0.6305841924398626 0.58671875 0.6941580756013745 0.575 0.711340206185567 0.56875 0.711340206185567 0.56171875 0.7061855670103093 0.559375 0.6786941580756014 0.55625 0.6305841924398626 0.55703125 0.6254295532646049 0.56015625 0.6323024054982819 0.56640625
0 0.5893470790378007 0.74140625 0.6460481099656358 0.7234375 0.6426116838487973 0.7125 0.6271477663230242 0.7046875 0.604810996563574 0.709375 0.5910652920962199 0.715625 0.584192439862543 0.71484375 0.584192439862543 0.73515625 0.5893470790378007 0.74140625
0 0.5240549828178694 0.58828125 0.5670103092783505 0.5953125 0.5945017182130584 0.5890625 0.6237113402061857 0.5875 0.6408934707903781 0.578125 0.6374570446735396 0.56015625 0.6116838487972509 0.559375 0.5996563573883162 0.5640625 0.5189003436426117 0.56953125 0.5154639175257733 0.578125 0.5240549828178694 0.58828125
0 0.7233676975945018 0.60625 0.7285223367697595 0.60234375 0.7268041237113403 0.5953125 0.7233676975945018 0.59453125 0.7233676975945018 0.60625
0 0.6460481099656358 0.71015625 0.6494845360824744 0.715625 0.6546391752577321 0.71640625 0.6958762886597938 0.69921875 0.6855670103092784 0.5796875 0.6357388316151203 0.58828125 0.6374570446735396 0.6640625 0.6460481099656358 0.71015625
0 0.16666666666666669 0.83828125 0.2216494845360825 0.86640625 0.23711340206185566 0.86875 0.2577319587628866 0.8625 0.2628865979381444 0.85859375 0.2611683848797251 0.85390625 0.2714776632302406 0.8546875 0.29037800687285226 0.8484375 0.33161512027491413 0.8328125 0.3384879725085911 0.82578125 0.3384879725085911 0.7703125 0.3264604810996564 0.74609375 0.32130584192439865 0.74375 0.29553264604810997 0.75 0.26460481099656363 0.76171875 0.25429553264604815 0.759375 0.24914089347079038 0.7625 0.23711340206185566 0.76328125 0.22680412371134023 0.76953125 0.21649484536082478 0.7625 0.19243986254295536 0.7578125 0.17869415807560138 0.746875 0.16838487972508592 0.74609375 0.16494845360824745 0.765625 0.16151202749140894 0.82734375 0.16666666666666669 0.83828125
0 0.24914089347079038 0.75078125 0.2508591065292097 0.7453125 0.24742268041237114 0.74375 0.2405498281786942 0.74609375 0.2405498281786942 0.753125 0.24914089347079038 0.75078125
0 0.28203125 0.740625 0.00703125 0.00078125
0 0.281786941580756 0.73515625 0.2766323024054983 0.734375 0.27491408934707906 0.7375 0.281786941580756 0.73515625
0 0.3195876288659794 0.7359375 0.3195876288659794 0.73203125 0.31271477663230246 0.73046875 0.31099656357388317 0.734375 0.3195876288659794 0.7359375
0 0.3041237113402062 0.7296875 0.30068728522336774 0.72734375 0.2972508591065292 0.73125 0.3041237113402062 0.7296875
0 0.7714776632302407 0.584375 0.7680412371134021 0.61484375 0.7405498281786942 0.61875 0.7474226804123713 0.61875 0.7405498281786942 0.625 0.745704467353952 0.62421875 0.7508591065292097 0.62734375 0.745704467353952 0.63046875 0.7405498281786942 0.62890625 0.7405498281786942 0.63671875 0.7474226804123713 0.64296875 0.7697594501718215 0.63984375 0.8178694158075602 0.6265625 0.8264604810996564 0.6203125 0.8264604810996564 0.56875 0.8144329896907218 0.56640625 0.8144329896907218 0.56328125 0.8247422680412372 0.5609375 0.8178694158075602 0.56015625 0.8058419243986255 0.56640625 0.7938144329896908 0.56484375 0.7835051546391754 0.5703125 0.7852233676975946 0.58125 0.7714776632302407 0.584375
0 0.7130584192439863 0.621875 0.7216494845360826 0.61875 0.7302405498281788 0.62265625 0.7353951890034365 0.615625 0.7371134020618557 0.59375 0.731958762886598 0.5671875 0.7268041237113403 0.56640625 0.7216494845360826 0.571875 0.711340206185567 0.575 0.7010309278350516 0.57421875 0.6907216494845361 0.578125 0.6924398625429553 0.61953125 0.7130584192439863 0.621875
0 0.43642611683848803 0.78984375 0.44158075601374575 0.79140625 0.5 0.77265625 0.5154639175257733 0.765625 0.5154639175257733 0.7609375 0.5034364261168386 0.73828125 0.4862542955326461 0.73828125 0.4776632302405499 0.7421875 0.4639175257731959 0.7421875 0.4518900343642612 0.74765625 0.4398625429553265 0.74375 0.4347079037800688 0.746875 0.43298969072164956 0.7734375 0.43642611683848803 0.78984375
0 0.3762886597938145 0.721875 0.3762886597938145 0.71953125 0.3711340206185567 0.72109375 0.3762886597938145 0.721875
0 0.3671875 0.7140625 0.0015625 0.00234375
0 0.33828125 0.70625 0.003125 0.00078125
0 0.2828125 0.6921875 0.0015625 0.0015625
0 0.38316151202749144 0.69609375 0.39003436426116844 0.6921875 0.39862542955326463 0.6921875 0.3814432989690722 0.68984375 0.3780068728522337 0.6921875 0.38316151202749144 0.69609375
0 0.30584192439862545 0.69765625 0.31271477663230246 0.69765625 0.3230240549828179 0.6921875 0.3144329896907217 0.6890625 0.30584192439862545 0.69140625 0.29896907216494845 0.68984375 0.29381443298969073 0.69453125 0.30584192439862545 0.69765625
0 0.2515625 0.6890625 0.0015625 0.00078125
0 0.2680412371134021 0.6921875 0.2680412371134021 0.67890625 0.2628865979381444 0.6875 0.2680412371134021 0.6921875
0 0.3 0.67109375 0.0015625 0.003125
0 0.48453608247422686 0.653125 0.4914089347079038 0.65078125 0.4862542955326461 0.646875 0.4810996563573884 0.64921875 0.48453608247422686 0.653125
0 0.4734375 0.64375 0.0015625 0.00078125
0 0.32130584192439865 0.6375 0.3144329896907217 0.6359375 0.30927835051546393 0.63671875 0.32130584192439865 0.6375
0 0.27890625 0.62578125 0.0015625 0.0015625
0 0.5876288659793815 0.63671875 0.5979381443298969 0.63671875 0.5996563573883162 0.6421875 0.5927835051546392 0.65 0.5962199312714777 0.65234375 0.6082474226804124 0.64921875 0.6134020618556701 0.6375 0.6099656357388317 0.6328125 0.6185567010309279 0.63125 0.604810996563574 0.6234375 0.5979381443298969 0.62578125 0.5979381443298969 0.6328125 0.5876288659793815 0.63671875
0 0.45704467353951894 0.62265625 0.45017182130584193 0.621875 0.4518900343642612 0.6265625 0.45704467353951894 0.62265625
0 0.443298969072165 0.65078125 0.4347079037800688 0.6546875 0.44158075601374575 0.65703125 0.4518900343642612 0.65390625 0.4587628865979382 0.65703125 0.46735395189003437 0.64765625 0.46735395189003437 0.63125 0.47938144329896915 0.62734375 0.4742268041237113 0.62421875 0.47938144329896915 0.621875 0.4639175257731959 0.62109375 0.4604810996563574 0.62421875 0.46563573883161513 0.6265625 0.4553264604810997 0.62890625 0.45360824742268047 0.63515625 0.44158075601374575 0.6359375 0.44673539518900346 0.64453125 0.443298969072165 0.65078125
0 0.2577319587628866 0.62734375 0.2577319587628866 0.61796875 0.2508591065292097 0.62265625 0.24226804123711343 0.61875 0.2405498281786942 0.6265625 0.2577319587628866 0.62734375
0 0.27835051546391754 0.61875 0.281786941580756 0.615625 0.27835051546391754 0.61484375 0.27835051546391754 0.61875
0 0.2577319587628866 0.609375 0.27491408934707906 0.60859375 0.281786941580756 0.6109375 0.2852233676975945 0.60546875 0.27835051546391754 0.6046875 0.2766323024054983 0.6078125 0.2577319587628866 0.609375
0 0.4312714776632303 0.6078125 0.44158075601374575 0.61171875 0.4261168384879725 0.61640625 0.4261168384879725 0.6203125 0.43642611683848803 0.6203125 0.443298969072165 0.615625 0.4484536082474227 0.6171875 0.4553264604810997 0.6140625 0.46219931271477666 0.61640625 0.4776632302405499 0.61484375 0.47938144329896915 0.6125 0.46563573883161513 0.60390625 0.4810996563573884 0.60390625 0.47938144329896915 0.5984375 0.47079037800687284 0.60078125 0.4690721649484536 0.5953125 0.45704467353951894 0.59375 0.41924398625429554 0.59453125 0.4209621993127148 0.60859375 0.4312714776632303 0.6078125
0 0.30584192439862545 0.69765625 0.31271477663230246 0.69296875 0.32130584192439865 0.6921875 0.29896907216494845 0.690625 0.29896907216494845 0.69609375 0.30584192439862545 0.69765625
0 0.3875 0.67734375 0.0015625 0.0015625
0 0.23367697594501718 0.675 0.23367697594501718 0.68515625 0.2508591065292097 0.6921875 0.281786941580756 0.6953125 0.28350515463917525 0.6890625 0.29553264604810997 0.68515625 0.29381443298969073 0.67734375 0.29896907216494845 0.67578125 0.30584192439862545 0.67890625 0.31099656357388317 0.6765625 0.3230240549828179 0.6828125 0.3247422680412372 0.6734375 0.33676975945017185 0.67109375 0.3350515463917526 0.66796875 0.34536082474226804 0.6578125 0.3505154639175258 0.66171875 0.3608247422680413 0.65859375 0.3780068728522337 0.65859375 0.38659793814432997 0.6546875 0.40034364261168387 0.65546875 0.4037800687285224 0.659375 0.41065292096219935 0.65859375 0.4037800687285224 0.64765625 0.41924398625429554 0.6296875 0.4175257731958763 0.62265625 0.40034364261168387 0.61640625 0.3711340206185567 0.61171875 0.3384879725085911 0.6 0.3264604810996564 0.60234375 0.3247422680412372 0.60703125 0.3195876288659794 0.60625 0.3041237113402062 0.61171875 0.2972508591065292 0.6109375 0.2972508591065292 0.60546875 0.29037800687285226 0.60625 0.2920962199312715 0.603125 0.27491408934707906 0.603125 0.2680412371134021 0.6 0.26632302405498287 0.60546875 0.2560137457044674 0.60859375 0.2577319587628866 0.6140625 0.2508591065292097 0.615625 0.24398625429553267 0.61328125 0.23367697594501718 0.61484375 0.23195876288659795 0.60859375 0.22680412371134023 0.60703125 0.20790378006872853 0.61328125 0.20962199312714777 0.66640625 0.23367697594501718 0.675
0 0.3264604810996564 0.56796875 0.38316151202749144 0.56875 0.41065292096219935 0.5625 0.41580756013745707 0.55625 0.34192439862542956 0.553125 0.3144329896907217 0.56171875 0.3144329896907217 0.565625 0.3264604810996564 0.56796875
0 0.16494845360824745 0.746875 0.16666666666666669 0.8390625 0.22336769759450173 0.86875 0.23883161512027495 0.86953125 0.3195876288659794 0.83828125 0.3384879725085911 0.8265625 0.3402061855670103 0.78203125 0.33161512027491413 0.74921875 0.3350515463917526 0.73046875 0.3195876288659794 0.72421875 0.31271477663230246 0.72734375 0.30068728522336774 0.7265625 0.29381443298969073 0.73046875 0.27835051546391754 0.73125 0.2611683848797251 0.74140625 0.24742268041237114 0.74140625 0.23367697594501718 0.74765625 0.23367697594501718 0.75078125 0.16494845360824745 0.740625 0.1752577319587629 0.74375 0.16494845360824745 0.746875
0 0.9896907216494846 0.5984375 0.9759450171821307 0.5953125 0.9747995418098512 0.59375 0.9742268041237114 0.59609375 0.9621993127147768 0.59609375 0.9553264604810998 0.59921875 0.9518900343642611 0.63671875 0.9982817869415808 0.64375 0.993127147766323 0.609375 0.9982817869415808 0.5953125 0.9896907216494846 0.5984375
0 0.31615120274914094 0.5953125 0.33676975945017185 0.596875 0.34879725085910657 0.60234375 0.372852233676976 0.5953125 0.4020618556701031 0.59140625 0.4037800687285224 0.5890625 0.37972508591065296 0.571875 0.372852233676976 0.57109375 0.3505154639175258 0.571875 0.33161512027491413 0.56953125 0.3264604810996564 0.5703125 0.32130584192439865 0.57890625 0.302405498281787 0.5796875 0.302405498281787 0.584375 0.31615120274914094 0.5953125
0 0.6993127147766324 0.65234375 0.7164948453608248 0.6453125 0.7268041237113403 0.64765625 0.7336769759450172 0.64453125 0.7353951890034365 0.6140625 0.7302405498281788 0.6015625 0.718213058419244 0.6046875 0.6993127147766324 0.6046875 0.6958762886597938 0.6015625 0.6924398625429553 0.60234375 0.6907216494845361 0.63515625 0.6993127147766324 0.65234375
0 0.6546391752577321 0.7171875 0.6975945017182131 0.69921875 0.6958762886597938 0.66953125 0.6872852233676976 0.6609375 0.6597938144329898 0.66875 0.6529209621993128 0.6734375 0.6460481099656358 0.67265625 0.6460481099656358 0.7125 0.6546391752577321 0.7171875
0 0.34536082474226804 0.82578125 0.4175257731958763 0.80078125 0.43642611683848803 0.790625 0.42783505154639184 0.71640625 0.41408934707903783 0.7109375 0.4175257731958763 0.7078125 0.42439862542955326 0.70859375 0.4209621993127148 0.6984375 0.40034364261168387 0.715625 0.3969072164948454 0.71484375 0.3934707903780069 0.71796875 0.38316151202749144 0.71640625 0.37972508591065296 0.72109375 0.372852233676976 0.71875 0.35223367697594504 0.7265625 0.3402061855670103 0.74140625 0.3402061855670103 0.82421875 0.34536082474226804 0.82578125