0 0.8333333333333333 0.21015625 0.840625 0.225 0.928125 0.37890625 0.9322916666666666 0.4015625 0.9447916666666666 0.396875 0.9802083333333332 0.3671875 0.9989583333333332 0.36171875 0.9989583333333332 0.19296875 0.9802083333333332 0.1921875 0.9447916666666666 0.196875 0.9104166666666667 0.19375 0.8958333333333333 0.19765625 0.8625 0.1984375 0.8364583333333332 0.20390625 0.8333333333333333 0.20546875 0.8333333333333333 0.21015625
0 0.5854166666666666 0.57421875 0.5927083333333333 0.6015625 0.5927083333333333 0.61953125 0.6125 0.73125 0.6197916666666666 0.753125 0.6260416666666666 0.75390625 0.63125 0.75078125 0.646875 0.75390625 0.6572916666666666 0.746875 0.6677083333333333 0.75390625 0.6708333333333333 0.7515625 0.6885416666666666 0.75078125 0.6947916666666666 0.74765625 0.709375 0.7484375 0.7125 0.74609375 0.7270833333333333 0.74453125 0.775 0.74453125 0.7958333333333333 0.7421875 0.8385416666666666 0.74375 0.85 0.7390625 0.8854166666666666 0.73671875 0.890625 0.73984375 0.89375 0.73671875 0.9052083333333332 0.734375 0.9135416666666666 0.73671875 0.9458333333333332 0.7375 0.98125 0.7375 0.9989583333333332 0.734375 0.9989583333333332 0.61328125 0.9958333333333332 0.60625 0.9989583333333332 0.59765625 0.9989583333333332 0.5875 0.9958333333333332 0.58359375 0.9989583333333332 0.56640625 0.9958333333333332 0.5578125 0.9989583333333332 0.55078125 0.9989583333333332 0.51796875 0.9958333333333332 0.503125 0.9958333333333332 0.4703125 0.9833333333333332 0.42734375 0.978125 0.42109375 0.8572916666666666 0.42265625 0.840625 0.428125 0.7979166666666666 0.42890625 0.7770833333333333 0.43203125 0.7427083333333333 0.43046875 0.728125 0.43203125 0.7239583333333333 0.43515625 0.703125 0.42890625 0.6572916666666666 0.43203125 0.59375 0.43125 0.578125 0.434375 0.5739583333333333 0.4390625 0.571875 0.47421875 0.5854166666666666 0.57421875
0 0.084375 0.834375 0.09166666666666666 0.83671875 0.25 0.82734375 0.3083333333333333 0.8171875 0.31979166666666664 0.81796875 0.428125 0.80625 0.4447916666666666 0.8109375 0.459375 0.8109375 0.5166666666666666 0.8046875 0.6125 0.7984375 0.6166666666666666 0.79296875 0.6166666666666666 0.77578125 0.5989583333333333 0.6875 0.5947916666666666 0.6515625 0.5854166666666666 0.6203125 0.58125 0.57734375 0.559375 0.46796875 0.559375 0.45625 0.553125 0.43984375 0.5354166666666667 0.43828125 0.4541666666666666 0.4453125 0.4145833333333333 0.44609375 0.4 0.453125 0.3552083333333333 0.45625 0.34791666666666665 0.46328125 0.328125 0.459375 0.3020833333333333 0.459375 0.265625 0.46328125 0.246875 0.459375 0.23229166666666665 0.459375 0.16770833333333332 0.46328125 0.159375 0.465625 0.11979166666666666 0.46640625 0.09583333333333333 0.4703125 0.090625 0.4984375 0.09166666666666666 0.53359375 0.08854166666666666 0.54609375 0.0875 0.640625 0.08229166666666667 0.7125 0.08125 0.82890625 0.084375 0.834375
0 0.9270833333333333 0.41484375 0.9302083333333332 0.41640625 0.9697916666666666 0.41640625 0.984375 0.42109375 0.9989583333333332 0.4625 0.9989583333333332 0.36640625 0.9802083333333332 0.36953125 0.9666666666666666 0.37890625 0.9552083333333332 0.39140625 0.9322916666666666 0.40390625 0.9270833333333333 0.4078125 0.9270833333333333 0.41484375
0 0.6177083333333333 0.75625 0.621875 0.76875 0.6635416666666666 0.7625 0.7260416666666666 0.765625 0.7333333333333333 0.76328125 0.7572916666666666 0.7640625 0.8239583333333332 0.759375 0.89375 0.74921875 0.9322916666666666 0.7484375 0.95 0.74453125 0.9520833333333332 0.740625 0.909375 0.73828125 0.890625 0.74140625 0.8541666666666666 0.740625 0.8385416666666666 0.7453125 0.7635416666666666 0.74609375 0.734375 0.75 0.671875 0.753125 0.6677083333333333 0.759375 0.6541666666666666 0.75234375 0.6447916666666667 0.75546875 0.61875 0.7515625 0.6229166666666666 0.7546875 0.6177083333333333 0.75625
0 0.16354166666666664 0.45 0.16770833333333332 0.4578125 0.1875 0.4578125 0.19895833333333332 0.4546875 0.27604166666666663 0.4546875 0.28229166666666666 0.45703125 0.31666666666666665 0.45546875 0.39166666666666666 0.44921875 0.41666666666666663 0.44140625 0.55 0.43203125 0.55 0.41328125 0.540625 0.38984375 0.5364583333333333 0.3625 0.5260416666666666 0.3359375 0.49479166666666663 0.22421875 0.4854166666666666 0.20234375 0.453125 0.2015625 0.4145833333333333 0.209375 0.39375 0.20859375 0.3583333333333333 0.221875 0.3395833333333333 0.22265625 0.2645833333333333 0.234375 0.23125 0.23125 0.21875 0.23671875 0.2052083333333333 0.2390625 0.17604166666666665 0.2390625 0.146875 0.25 0.146875 0.2828125 0.16354166666666664 0.45
0 0.5114583333333333 0.259375 0.5260416666666666 0.30078125 0.5291666666666666 0.321875 0.5333333333333333 0.325 0.540625 0.34765625 0.5447916666666666 0.35234375 0.5427083333333333 0.35859375 0.5520833333333333 0.3734375 0.5604166666666666 0.41484375 0.56875 0.4265625 0.5916666666666666 0.428125 0.6239583333333333 0.425 0.6447916666666667 0.42734375 0.678125 0.4234375 0.715625 0.42578125 0.771875 0.425 0.7822916666666666 0.421875 0.8125 0.421875 0.83125 0.41796875 0.8416666666666666 0.42109375 0.8583333333333332 0.415625 0.89375 0.415625 0.9041666666666666 0.41328125 0.925 0.39609375 0.925 0.3796875 0.884375 0.30703125 0.8739583333333332 0.29375 0.828125 0.20546875 0.8166666666666667 0.18984375 0.7927083333333333 0.18828125 0.7666666666666666 0.1953125 0.7395833333333333 0.1953125 0.7020833333333333 0.2078125 0.6260416666666666 0.21796875 0.5916666666666666 0.215625 0.578125 0.22109375 0.5552083333333333 0.22421875 0.5416666666666666 0.22265625 0.5104166666666666 0.23046875 0.5083333333333333 0.24296875 0.5114583333333333 0.259375
0 0.61875 0.765625 0.6229166666666666 0.76875 0.6583333333333333 0.7625 0.725 0.76484375 0.7916666666666666 0.76171875 0.89375 0.74921875 0.9302083333333332 0.7484375 0.95 0.74453125 0.9552083333333332 0.740625 0.946875 0.73515625 0.91875 0.7375 0.9020833333333332 0.73046875 0.890625 0.7359375 0.8697916666666666 0.7390625 0.8479166666666667 0.7359375 0.840625 0.740625 0.8302083333333332 0.7421875 0.76875 0.74375 0.7635416666666666 0.74140625 0.7479166666666666 0.74609375 0.7364583333333333 0.74296875 0.7125 0.7453125 0.709375 0.74765625 0.6947916666666666 0.746875 0.68125 0.74921875 0.6604166666666667 0.7453125 0.6416666666666666 0.74921875 0.61875 0.7484375 0.6166666666666666 0.7578125 0.61875 0.765625
0 0.9791666666666666 0.740625 0.9947916666666666 0.7375 0.9864583333333332 0.7296875 0.9791666666666666 0.7328125 0.9635416666666666 0.734375 0.9625 0.740625 0.9791666666666666 0.740625
0 0.978125 0.740625 0.9916666666666666 0.7375 0.9885416666666667 0.734375 0.965625 0.734375 0.9635416666666666 0.740625 0.978125 0.740625
0 0.6197916666666666 0.76796875 0.6270833333333333 0.76875 0.65625 0.76328125 0.6947916666666666 0.7625 0.7229166666666667 0.765625 0.7302083333333333 0.76328125 0.7927083333333333 0.76171875 0.896875 0.74921875 0.93125 0.7484375 0.9510416666666666 0.74453125 0.9541666666666666 0.740625 0.9458333333333332 0.7359375 0.9166666666666666 0.7375 0.9020833333333332 0.73203125 0.8916666666666666 0.73671875 0.8739583333333332 0.7390625 0.8479166666666667 0.7375 0.8416666666666666 0.74140625 0.8270833333333332 0.74296875 0.8135416666666666 0.74140625 0.7708333333333333 0.74453125 0.7614583333333333 0.7421875 0.753125 0.7453125 0.7364583333333333 0.74296875 0.7135416666666666 0.7453125 0.709375 0.74765625 0.6822916666666666 0.7484375 0.6708333333333333 0.7484375 0.659375 0.74453125 0.6416666666666666 0.74921875 0.61875 0.7484375 0.61875 0.765625 0.6197916666666666 0.76796875
0 0.6229166666666666 0.76875 0.6583333333333333 0.7625 0.725 0.76484375 0.7916666666666666 0.76171875 0.89375 0.74921875 0.9291666666666666 0.7484375 0.95 0.74453125 0.9552083333333332 0.740625 0.95 0.73515625 0.915625 0.73671875 0.9010416666666666 0.72890625 0.890625 0.73515625 0.8708333333333332 0.73828125 0.8583333333333332 0.73828125 0.8479166666666667 0.73359375 0.8291666666666666 0.74140625 0.821875 0.740625 0.8229166666666666 0.73671875 0.828125 0.734375 0.8208333333333332 0.73203125 0.8177083333333333 0.7390625 0.8104166666666666 0.7359375 0.796875 0.74140625 0.7708333333333333 0.74296875 0.7604166666666666 0.740625 0.7489583333333333 0.74453125 0.7270833333333333 0.7421875 0.7104166666666666 0.74609375 0.6822916666666666 0.74765625 0.6541666666666666 0.74375 0.6375 0.7484375 0.6166666666666666 0.7484375 0.61875 0.765625 0.6229166666666666 0.76875
0 0.9677083333333332 0.74140625 0.990625 0.7390625 0.9958333333333332 0.7375 0.996875 0.73359375 0.9875 0.72734375 0.9822916666666666 0.72734375 0.9791666666666666 0.73125 0.9666666666666666 0.73203125 0.9625 0.73515625 0.9614583333333332 0.740625 0.9677083333333332 0.74140625
0 0.9572916666666667 0.41484375 0.9770833333333332 0.4171875 0.984375 0.42109375 0.9989583333333332 0.4625 0.9989583333333332 0.3671875 0.9833333333333332 0.36875 0.9729166666666667 0.3765625 0.9739583333333333 0.38359375 0.9697916666666666 0.38515625 0.9677083333333332 0.38203125 0.965625 0.3828125 0.9677083333333332 0.38984375 0.9635416666666666 0.3921875 0.959375 0.40234375 0.9604166666666666 0.41171875 0.9572916666666667 0.41484375