0 0.01882845188284519 0.9647058823529411 0 0.9552941176470588 0 0.9811764705882353 0.016736401673640166 0.9988235294117647 0.06276150627615062 0.9988235294117647 0.06694560669456066 0.9952941176470589 0.08786610878661087 0.9988235294117647 0.15481171548117154 0.9988235294117647 0.1799163179916318 0.9952941176470589 0.18619246861924685 0.9988235294117647 0.24686192468619245 0.9988235294117647 0.2907949790794979 0.9941176470588236 0.301255230125523 0.9988235294117647 0.36610878661087864 0.9988235294117647 0.3807531380753138 0.9941176470588236 0.37656903765690375 0.9788235294117648 0.3577405857740586 0.9635294117647059 0.32426778242677823 0.9635294117647059 0.299163179916318 0.976470588235294 0.28870292887029286 0.9752941176470588 0.2635983263598326 0.9611764705882353 0.2301255230125523 0.9611764705882353 0.21548117154811716 0.9705882352941175 0.202928870292887 0.9705882352941175 0.1903765690376569 0.9658823529411764 0.18200836820083682 0.9564705882352941 0.1631799163179916 0.9541176470588235 0.12133891213389121 0.968235294117647 0.1108786610878661 0.968235294117647 0.09205020920502091 0.951764705882353 0.07322175732217573 0.9505882352941176 0.03556485355648535 0.9658823529411764 0.01882845188284519 0.9647058823529411
0 0.4351464435146443 0.7211764705882353 0.4393305439330543 0.8694117647058823 0.4518828451882845 0.8788235294117648 0.4623430962343096 0.876470588235294 0.4560669456066945 0.8717647058823529 0.4644351464435147 0.8694117647058823 0.47907949790794974 0.8423529411764706 0.47907949790794974 0.8305882352941177 0.48953974895397484 0.8141176470588235 0.48953974895397484 0.788235294117647 0.5 0.7658823529411765 0.4937238493723849 0.7576470588235293 0.47698744769874474 0.7541176470588236 0.4707112970711297 0.7482352941176471 0.48326359832635984 0.7376470588235293 0.4958158995815899 0.7376470588235293 0.4937238493723849 0.7341176470588235 0.502092050209205 0.7305882352941176 0.50418410041841 0.7188235294117648 0.4958158995815899 0.7058823529411764 0.5083682008368201 0.7035294117647058 0.5083682008368201 0.691764705882353 0.4958158995815899 0.6811764705882353 0.48326359832635984 0.6823529411764706 0.47698744769874474 0.691764705882353 0.4602510460251046 0.691764705882353 0.4560669456066945 0.7058823529411764 0.4351464435146443 0.7211764705882353
0 0.50703125 0.6609375 0.00234375 0.0015625
0 0.5627615062761506 0.6058823529411764 0.5753138075313807 0.6070588235294118 0.5941422594142259 0.6141176470588234 0.604602510460251 0.6070588235294118 0.6213389121338911 0.6105882352941177 0.6276150627615062 0.608235294117647 0.6359832635983264 0.6129411764705882 0.6485355648535565 0.608235294117647 0.6673640167364017 0.6211764705882353 0.6715481171548117 0.6176470588235294 0.7092050209205021 0.6176470588235294 0.7112970711297071 0.6141176470588234 0.7217573221757322 0.6176470588235294 0.7552301255230125 0.6176470588235294 0.7698744769874477 0.6141176470588234 0.7824267782426778 0.62 0.809623430962343 0.6105882352941177 0.8368200836820083 0.6176470588235294 0.8472803347280335 0.6164705882352941 0.8577405857740585 0.6047058823529412 0.8577405857740585 0.5764705882352941 0.8410041841004183 0.5529411764705883 0.8347280334728033 0.5517647058823529 0.8368200836820083 0.5623529411764705 0.8305439330543933 0.5658823529411765 0.8200836820083681 0.5611764705882353 0.8158995815899581 0.5647058823529412 0.799163179916318 0.5611764705882353 0.805439330543933 0.5494117647058824 0.7761506276150627 0.5458823529411765 0.7677824267782427 0.536470588235294 0.7489539748953975 0.5305882352941176 0.7343096234309623 0.5388235294117647 0.7238493723849372 0.5352941176470588 0.7133891213389121 0.5411764705882354 0.702928870292887 0.5388235294117647 0.700836820083682 0.5329411764705883 0.6820083682008369 0.5317647058823529 0.6820083682008369 0.536470588235294 0.6506276150627615 0.54 0.6297071129707112 0.5376470588235294 0.612970711297071 0.5447058823529412 0.600418410041841 0.5388235294117647 0.5899581589958158 0.5423529411764706 0.5878661087866108 0.5388235294117647 0.5815899581589958 0.5458823529411765 0.5564853556485355 0.5458823529411765 0.5481171548117155 0.5588235294117647 0.5523012552301255 0.6094117647058823 0.5627615062761506 0.6058823529411764
0 0.53125 0.575 0.00390625 0.0015625
0 0.4581589958158996 0.3611764705882353 0.4456066945606694 0.39294117647058824 0.4539748953974895 0.49058823529411766 0.4602510460251046 0.5035294117647059 0.4539748953974895 0.5258823529411765 0.4560669456066945 0.5341176470588235 0.4665271966527197 0.54 0.4665271966527197 0.5541176470588235 0.4602510460251046 0.5599999999999999 0.4665271966527197 0.5752941176470588 0.4623430962343096 0.5894117647058823 0.47489539748953974 0.5894117647058823 0.4644351464435147 0.5964705882352941 0.4707112970711297 0.5988235294117648 0.47698744769874474 0.5870588235294117 0.48953974895397484 0.5870588235294117 0.48953974895397484 0.5741176470588235 0.47907949790794974 0.5670588235294118 0.5 0.5552941176470588 0.502092050209205 0.5435294117647059 0.5209205020920502 0.5458823529411765 0.5355648535564853 0.5376470588235294 0.5251046025104602 0.5317647058823529 0.5355648535564853 0.5294117647058824 0.5355648535564853 0.4964705882352941 0.5271966527196652 0.491764705882353 0.5313807531380753 0.48470588235294115 0.5355648535564853 0.49058823529411766 0.5334728033472803 0.4564705882352941 0.5251046025104602 0.4447058823529412 0.5313807531380753 0.43882352941176467 0.5376569037656903 0.36941176470588233 0.5460251046025104 0.3552941176470588 0.5460251046025104 0.32 0.5355648535564853 0.3164705882352941 0.5292887029288702 0.3247058823529412 0.5104602510460251 0.32588235294117646 0.50418410041841 0.3176470588235294 0.4937238493723849 0.3235294117647059 0.48326359832635984 0.3188235294117647 0.47907949790794974 0.32823529411764707 0.48744769874476984 0.3341176470588235 0.4728033472803347 0.34352941176470586 0.4560669456066945 0.3423529411764706 0.4497907949790795 0.3517647058823529 0.4497907949790795 0.3588235294117647 0.4581589958158996 0.3611764705882353
0 0.5209205020920502 0.31176470588235294 0.5146443514644352 0.30823529411764705 0.5146443514644352 0.3141176470588235 0.5209205020920502 0.31176470588235294
0 0.48744769874476984 0.29647058823529415 0.50418410041841 0.2835294117647059 0.50418410041841 0.2752941176470588 0.497907949790795 0.27176470588235296 0.4937238493723849 0.2741176470588235 0.48326359832635984 0.2858823529411765 0.48744769874476984 0.29647058823529415
0 0.5188284518828452 0.6164705882352941 0.5146443514644352 0.608235294117647 0.5125523012552301 0.62 0.5188284518828452 0.6164705882352941
0 0.50234375 0.584375 0.00390625 0.0015625
0 0.4435146443514644 0.40352941176470586 0.4497907949790795 0.4141176470588235 0.4456066945606694 0.4258823529411765 0.4560669456066945 0.5011764705882353 0.4497907949790795 0.5517647058823529 0.4665271966527197 0.62 0.48535564853556484 0.6070588235294118 0.48117154811715485 0.5941176470588235 0.4937238493723849 0.591764705882353 0.4958158995815899 0.58 0.502092050209205 0.5776470588235294 0.5 0.5705882352941176 0.4916317991631799 0.5694117647058824 0.4958158995815899 0.556470588235294 0.5083682008368201 0.5458823529411765 0.5209205020920502 0.5470588235294118 0.5355648535564853 0.5352941176470588 0.5355648535564853 0.491764705882353 0.5271966527196652 0.48235294117647054 0.5313807531380753 0.4564705882352941 0.5230125523012552 0.4423529411764706 0.5292887029288702 0.44000000000000006 0.5334728033472803 0.42000000000000004 0.5355648535564853 0.36941176470588233 0.5460251046025104 0.3517647058823529 0.5376569037656903 0.3411764705882353 0.5460251046025104 0.33999999999999997 0.5460251046025104 0.32 0.5355648535564853 0.3164705882352941 0.5251046025104602 0.3247058823529412 0.5104602510460251 0.32588235294117646 0.50418410041841 0.3164705882352941 0.4937238493723849 0.3211764705882353 0.4937238493723849 0.3164705882352941 0.48744769874476984 0.3188235294117647 0.48326359832635984 0.31529411764705884 0.47907949790794974 0.32823529411764707 0.48744769874476984 0.3341176470588235 0.4644351464435147 0.3376470588235294 0.4602510460251046 0.3423529411764706 0.4560669456066945 0.33999999999999997 0.4476987447698745 0.3517647058823529 0.4539748953974895 0.3729411764705882 0.4435146443514644 0.40352941176470586
0 0.5188284518828452 0.3141176470588235 0.5209205020920502 0.30823529411764705 0.5146443514644352 0.3070588235294117 0.5125523012552301 0.3141176470588235 0.5188284518828452 0.3141176470588235
0 0.5188284518828452 0.28705882352941176 0.5188284518828452 0.28117647058823525 0.5146443514644352 0.2776470588235294 0.5188284518828452 0.28705882352941176
0 0.48744769874476984 0.2988235294117647 0.5146443514644352 0.27294117647058824 0.4958158995815899 0.27176470588235296 0.48326359832635984 0.2847058823529412 0.48744769874476984 0.2988235294117647
0 0.7803347280334727 0.8094117647058823 0.7761506276150627 0.808235294117647 0.7740585774058577 0.8105882352941176 0.7803347280334727 0.8094117647058823
0 0.5585774058577406 0.7788235294117647 0.5941422594142259 0.7788235294117647 0.608786610878661 0.7870588235294117 0.6213389121338911 0.7811764705882352 0.6485355648535565 0.7870588235294117 0.6966527196652719 0.7858823529411765 0.705020920502092 0.7894117647058823 0.7154811715481172 0.7870588235294117 0.7196652719665272 0.7905882352941177 0.7301255230125523 0.7858823529411765 0.7573221757322175 0.7870588235294117 0.7719665271966527 0.7917647058823529 0.7761506276150627 0.8 0.7824267782426778 0.788235294117647 0.8368200836820083 0.7870588235294117 0.8451882845188283 0.8047058823529412 0.8702928870292886 0.7870588235294117 0.9414225941422594 0.7847058823529411 0.9435146443514644 0.7682352941176471 0.9330543933054394 0.7552941176470588 0.8912133891213389 0.7564705882352941 0.8744769874476986 0.7482352941176471 0.8661087866108786 0.7552941176470588 0.8493723849372385 0.7576470588235293 0.7761506276150627 0.7529411764705882 0.6861924686192469 0.7529411764705882 0.6464435146443515 0.7447058823529412 0.6234309623430961 0.7458823529411764 0.6150627615062761 0.7341176470588235 0.600418410041841 0.7270588235294118 0.5460251046025104 0.7282352941176471 0.5292887029288702 0.7317647058823529 0.5251046025104602 0.7388235294117647 0.5230125523012552 0.7717647058823529 0.5585774058577406 0.7788235294117647
0 0.8234375 0.58515625 0.00234375 0.0015625
0 0.5481171548117155 0.6352941176470588 0.6359832635983264 0.6341176470588235 0.6882845188284519 0.6435294117647059 0.7092050209205021 0.6388235294117647 0.7489539748953975 0.6411764705882353 0.7824267782426778 0.6364705882352941 0.8640167364016736 0.6341176470588235 0.8535564853556485 0.5835294117647059 0.8472803347280335 0.5894117647058823 0.8326359832635983 0.5870588235294117 0.8389121338912133 0.591764705882353 0.8242677824267781 0.5964705882352941 0.807531380753138 0.588235294117647 0.8200836820083681 0.5788235294117647 0.8221757322175731 0.5670588235294118 0.809623430962343 0.5658823529411765 0.7887029288702928 0.571764705882353 0.7635983263598326 0.5576470588235294 0.7510460251046025 0.5823529411764705 0.7238493723849372 0.5788235294117647 0.7259414225941423 0.5682352941176471 0.7175732217573222 0.5658823529411765 0.707112970711297 0.5682352941176471 0.698744769874477 0.5823529411764705 0.6820083682008369 0.5776470588235294 0.6694560669456067 0.5823529411764705 0.6652719665271967 0.5741176470588235 0.6506276150627615 0.5670588235294118 0.6485355648535565 0.5729411764705883 0.6652719665271967 0.58 0.6443514644351465 0.5858823529411764 0.6213389121338911 0.5705882352941176 0.608786610878661 0.5729411764705883 0.598326359832636 0.5694117647058824 0.5899581589958158 0.5741176470588235 0.5606694560669456 0.5705882352941176 0.5627615062761506 0.5776470588235294 0.5711297071129706 0.58 0.5669456066945606 0.5847058823529412 0.5502092050209205 0.5870588235294117 0.5418410041841004 0.6070588235294118 0.5397489539748953 0.6258823529411764 0.5481171548117155 0.6352941176470588
0 0.3493723849372385 0.9988235294117647 0.34728033472803344 0.9952941176470589 0.34309623430962344 0.9988235294117647 0.3493723849372385 0.9988235294117647
0 0.3328125 0.996875 0.00390625 0.00390625
0 0.3912133891213389 0.9988235294117647 0.37866108786610875 0.9905882352941177 0.37866108786610875 0.9988235294117647 0.3912133891213389 0.9988235294117647
0 0.403765690376569 0.9729411764705882 0.405857740585774 0.9882352941176471 0.399581589958159 0.9988235294117647 0.42887029288702927 0.9988235294117647 0.4372384937238493 0.9952941176470589 0.4456066945606694 0.9800000000000001 0.4602510460251046 0.9282352941176469 0.4602510460251046 0.8905882352941177 0.4539748953974895 0.8858823529411766 0.4246861924686193 0.8835294117647059 0.42259414225941416 0.9176470588235294 0.41004184100418406 0.9282352941176469 0.41422594142259417 0.9552941176470588 0.403765690376569 0.9729411764705882
0 0.100418410041841 0.6988235294117647 0.09623430962343096 0.6976470588235294 0.09414225941422594 0.7 0.100418410041841 0.6988235294117647
0 0.008368200836820083 0.6447058823529412 0.016736401673640166 0.6447058823529412 0.006276150627615063 0.6505882352941177 0.012552301255230125 0.6541176470588235 0.0041841004184100415 0.6564705882352941 0.0041841004184100415 0.691764705882353 0.029288702928870293 0.7 0.06276150627615062 0.7 0.09832635983263598 0.6835294117647058 0.10669456066945607 0.6870588235294117 0.10460251046025104 0.6941176470588235 0.10669456066945607 0.6905882352941177 0.11506276150627615 0.6905882352941177 0.12343096234309622 0.7058823529411764 0.12552301255230125 0.6976470588235294 0.1422594142259414 0.6835294117647058 0.1422594142259414 0.6611764705882353 0.1694560669456067 0.6529411764705882 0.1903765690376569 0.6388235294117647 0.19665271966527195 0.6129411764705882 0.16108786610878661 0.5929411764705883 0.1401673640167364 0.5929411764705883 0.11297071129707112 0.6023529411764705 0.100418410041841 0.6105882352941177 0.0899581589958159 0.6270588235294118 0.06276150627615062 0.6141176470588234 0.05230125523012552 0.6152941176470589 0.043933054393305436 0.6258823529411764 0.0397489539748954 0.6223529411764706 0.029288702928870293 0.6235294117647059 0.023012552301255228 0.6188235294117648 0.02510460251046025 0.608235294117647 0.0041841004184100415 0.6070588235294118 0.0041841004184100415 0.64 0.008368200836820083 0.6447058823529412
0 0.043933054393305436 0.6011764705882353 0.0502092050209205 0.5941176470588235 0.046025104602510455 0.5905882352941176 0.0397489539748954 0.591764705882353 0.03765690376569038 0.5976470588235294 0.043933054393305436 0.6011764705882353
0 0.7125 0.78203125 0.00234375 0.0046875
0 0.7238493723849372 0.7788235294117647 0.7489539748953975 0.78 0.7426778242677824 0.7635294117647058 0.7364016736401673 0.7611764705882352 0.7280334728033473 0.7682352941176471 0.7196652719665272 0.7611764705882352 0.7175732217573222 0.7705882352941177 0.7238493723849372 0.7788235294117647
0 0.7782426778242677 0.7858823529411765 0.7845188284518828 0.7858823529411765 0.7866108786610878 0.78 0.7970711297071129 0.7858823529411765 0.7970711297071129 0.7811764705882352 0.8179916317991631 0.7788235294117647 0.807531380753138 0.7776470588235294 0.7887029288702928 0.7576470588235293 0.7824267782426778 0.7682352941176471 0.7677824267782427 0.7670588235294118 0.7656903765690377 0.7717647058823529 0.7782426778242677 0.7858823529411765
0 0.5794979079497907 0.7588235294117647 0.5774058577405857 0.7541176470588236 0.5732217573221756 0.7623529411764706 0.5794979079497907 0.7588235294117647
0 0.5815899581589958 0.7647058823529411 0.5941422594142259 0.7670588235294118 0.5941422594142259 0.7717647058823529 0.604602510460251 0.7741176470588236 0.610878661087866 0.7705882352941177 0.6192468619246861 0.7776470588235294 0.6234309623430961 0.7717647058823529 0.6359832635983264 0.7752941176470588 0.6317991631799164 0.7682352941176471 0.6213389121338911 0.7705882352941177 0.6213389121338911 0.7623529411764706 0.612970711297071 0.76 0.6192468619246861 0.7529411764705882 0.610878661087866 0.7611764705882352 0.5878661087866108 0.7541176470588236 0.5962343096234309 0.7576470588235293 0.5815899581589958 0.7647058823529411
0 0.5460251046025104 0.6894117647058823 0.5502092050209205 0.6952941176470588 0.5355648535564853 0.7117647058823529 0.5334728033472803 0.7435294117647059 0.5397489539748953 0.7470588235294118 0.5585774058577406 0.7435294117647059 0.5774058577405857 0.7494117647058823 0.5878661087866108 0.7458823529411764 0.6443514644351465 0.7458823529411764 0.6506276150627615 0.7517647058823529 0.6422594142259415 0.7623529411764706 0.6506276150627615 0.7635294117647058 0.6506276150627615 0.7705882352941177 0.6631799163179916 0.7788235294117647 0.6715481171548117 0.7788235294117647 0.6673640167364017 0.7611764705882352 0.6610878661087866 0.7588235294117647 0.6694560669456067 0.7423529411764707 0.6778242677824268 0.7482352941176471 0.698744769874477 0.7458823529411764 0.7092050209205021 0.7517647058823529 0.7238493723849372 0.7458823529411764 0.7510460251046025 0.7447058823529412 0.7677824267782427 0.7529411764705882 0.7970711297071129 0.7529411764705882 0.809623430962343 0.7458823529411764 0.8158995815899581 0.7529411764705882 0.8472803347280335 0.7505882352941177 0.8514644351464435 0.7564705882352941 0.8702928870292886 0.7552941176470588 0.8765690376569036 0.7611764705882352 0.8870292887029289 0.7552941176470588 0.907949790794979 0.7552941176470588 0.9184100418410042 0.7494117647058823 0.910041841004184 0.7070588235294117 0.8640167364016736 0.6388235294117647 0.7782426778242677 0.6376470588235293 0.7405857740585773 0.6435294117647059 0.705020920502092 0.64 0.6736401673640167 0.6435294117647059 0.6673640167364017 0.6388235294117647 0.6443514644351465 0.6352941176470588 0.602510460251046 0.6388235294117647 0.5899581589958158 0.6352941176470588 0.5439330543933054 0.6364705882352941 0.5355648535564853 0.6811764705882353 0.5376569037656903 0.6882352941176471 0.5460251046025104 0.6894117647058823
0 0.4497907949790795 0.7094117647058823 0.4330543933054393 0.72 0.4372384937238493 0.7894117647058823 0.4476987447698745 0.8070588235294117 0.4518828451882845 0.8047058823529412 0.4581589958158996 0.8105882352941176 0.4665271966527197 0.8105882352941176 0.47489539748953974 0.8188235294117646 0.4728033472803347 0.8141176470588235 0.48744769874476984 0.8105882352941176 0.4958158995815899 0.76 0.48953974895397484 0.7529411764705882 0.47907949790794974 0.7541176470588236 0.4707112970711297 0.7482352941176471 0.48744769874476984 0.7447058823529412 0.5 0.7364705882352941 0.5167364016736402 0.691764705882353 0.5083682008368201 0.6623529411764706 0.5209205020920502 0.648235294117647 0.5209205020920502 0.6047058823529412 0.506276150627615 0.6047058823529412 0.5 0.6011764705882353 0.5 0.5929411764705883 0.48953974895397484 0.5952941176470589 0.4916317991631799 0.6070588235294118 0.47698744769874474 0.6164705882352941 0.4728033472803347 0.6329411764705882 0.4581589958158996 0.64 0.4539748953974895 0.7011764705882353 0.4497907949790795 0.7094117647058823
0 0.5460251046025104 0.6329411764705882 0.5585774058577406 0.6364705882352941 0.5774058577405857 0.6329411764705882 0.6359832635983264 0.6341176470588235 0.6673640167364017 0.6388235294117647 0.6778242677824268 0.6458823529411765 0.6882845188284519 0.6470588235294118 0.707112970711297 0.64 0.7489539748953975 0.6423529411764706 0.7698744769874477 0.6376470588235293 0.8577405857740585 0.6364705882352941 0.8640167364016736 0.6329411764705882 0.8577405857740585 0.6058823529411764 0.8514644351464435 0.6047058823529412 0.8451882845188283 0.6047058823529412 0.8410041841004183 0.6141176470588234 0.8305439330543933 0.6141176470588234 0.8263598326359831 0.608235294117647 0.805439330543933 0.6035294117647059 0.7907949790794978 0.6129411764705882 0.7740585774058577 0.6070588235294118 0.7364016736401673 0.6117647058823529 0.7196652719665272 0.6047058823529412 0.7092050209205021 0.6105882352941177 0.6966527196652719 0.608235294117647 0.6736401673640167 0.6141176470588234 0.6631799163179916 0.6058823529411764 0.6338912133891214 0.6047058823529412 0.6255230125523012 0.6011764705882353 0.608786610878661 0.6011764705882353 0.5962343096234309 0.6070588235294118 0.5774058577405857 0.6023529411764705 0.5460251046025104 0.6023529411764705 0.5418410041841004 0.6270588235294118 0.5460251046025104 0.6329411764705882
0 0.5564853556485355 0.5494117647058824 0.5690376569037656 0.5505882352941176 0.5774058577405857 0.5447058823529412 0.600418410041841 0.5447058823529412 0.608786610878661 0.5529411764705883 0.6255230125523012 0.5423529411764706 0.6548117154811715 0.5435294117647059 0.6673640167364017 0.54 0.698744769874477 0.5447058823529412 0.707112970711297 0.5529411764705883 0.7217573221757322 0.5529411764705883 0.7280334728033473 0.5458823529411765 0.7468619246861924 0.5447058823529412 0.7531380753138075 0.5376470588235294 0.7845188284518828 0.5517647058823529 0.7970711297071129 0.5494117647058824 0.801255230125523 0.5541176470588235 0.8138075313807531 0.5494117647058824 0.8242677824267781 0.5599999999999999 0.8430962343096233 0.5517647058823529 0.8284518828451883 0.5117647058823529 0.8138075313807531 0.4964705882352941 0.7761506276150627 0.49411764705882355 0.7343096234309623 0.49764705882352944 0.7092050209205021 0.49411764705882355 0.6861924686192469 0.49764705882352944 0.5920502092050209 0.49764705882352944 0.5690376569037656 0.4988235294117647 0.5585774058577406 0.5047058823529411 0.5523012552301255 0.5117647058823529 0.5564853556485355 0.5494117647058824
0 0.4560669456066945 0.52 0.4560669456066945 0.5352941176470588 0.4686192468619247 0.5552941176470588 0.4560669456066945 0.5599999999999999 0.4560669456066945 0.5752941176470588 0.4644351464435147 0.5764705882352941 0.4581589958158996 0.5811764705882353 0.4644351464435147 0.5823529411764705 0.4581589958158996 0.5870588235294117 0.4560669456066945 0.6611764705882353 0.4644351464435147 0.6647058823529411 0.4539748953974895 0.6741176470588235 0.4539748953974895 0.7023529411764706 0.47907949790794974 0.7058823529411764 0.4707112970711297 0.7152941176470587 0.4602510460251046 0.7129411764705882 0.4497907949790795 0.72 0.4623430962343096 0.7294117647058823 0.4665271966527197 0.7258823529411764 0.4728033472803347 0.7282352941176471 0.47698744769874474 0.7152941176470587 0.4958158995815899 0.72 0.5083682008368201 0.7094117647058823 0.50418410041841 0.6941176470588235 0.5146443514644352 0.6847058823529412 0.5083682008368201 0.6623529411764706 0.5209205020920502 0.6564705882352941 0.5230125523012552 0.6505882352941177 0.5355648535564853 0.5188235294117647 0.5313807531380753 0.5 0.5230125523012552 0.5058823529411764 0.5 0.5058823529411764 0.48953974895397484 0.52 0.47489539748953974 0.5164705882352941 0.47907949790794974 0.508235294117647 0.4728033472803347 0.5070588235294118 0.4686192468619247 0.5117647058823529 0.4581589958158996 0.5070588235294118 0.4560669456066945 0.5117647058823529 0.4623430962343096 0.5152941176470589 0.4560669456066945 0.52
0 0.5302928870292887 0.49256470588235296 0.5355648535564853 0.49058823529411766 0.5292887029288702 0.49058823529411766 0.5302928870292887 0.49256470588235296
0 0.5292887029288702 0.49294117647058827 0.5334728033472803 0.4988235294117647 0.5302928870292887 0.49256470588235296 0.5292887029288702 0.49294117647058827
0 0.4539748953974895 0.45294117647058824 0.4539748953974895 0.49058823529411766 0.4623430962343096 0.5094117647058823 0.4560669456066945 0.5164705882352941 0.4560669456066945 0.5341176470588235 0.4665271966527197 0.5388235294117647 0.4665271966527197 0.5541176470588235 0.4602510460251046 0.5611764705882353 0.4693434180881879 0.5724253393665159 0.5 0.5505882352941176 0.497907949790795 0.5341176470588235 0.5104602510460251 0.5270588235294118 0.5209205020920502 0.5305882352941176 0.5209205020920502 0.5229411764705882 0.5146443514644352 0.5211764705882354 0.5146443514644352 0.5152941176470589 0.5209205020920502 0.5152941176470589 0.5083682008368201 0.5129411764705882 0.502092050209205 0.5058823529411764 0.5104602510460251 0.49058823529411766 0.5313807531380753 0.47411764705882353 0.5313807531380753 0.4552941176470588 0.5230125523012552 0.44823529411764707 0.5502092050209205 0.33999999999999997 0.5502092050209205 0.27176470588235296 0.5418410041841004 0.2529411764705882 0.5460251046025104 0.24941176470588236 0.5397489539748953 0.25058823529411767 0.5334728033472803 0.24352941176470586 0.5397489539748953 0.24117647058823527 0.5355648535564853 0.23058823529411762 0.5460251046025104 0.22941176470588234 0.5460251046025104 0.20823529411764707 0.5230125523012552 0.2164705882352941 0.5271966527196652 0.2388235294117647 0.5188284518828452 0.2376470588235294 0.5083682008368201 0.24352941176470586 0.5104602510460251 0.26235294117647057 0.4937238493723849 0.26588235294117646 0.47698744769874474 0.28117647058823525 0.47489539748953974 0.30470588235294116 0.4644351464435147 0.31058823529411766 0.4707112970711297 0.3211764705882353 0.4476987447698745 0.34470588235294114 0.44142259414225943 0.3588235294117647 0.4476987447698745 0.3635294117647059 0.4435146443514644 0.4023529411764706 0.4539748953974895 0.45294117647058824
0 0.497907949790795 0.924705882352941 0.5167364016736402 0.9282352941176469 0.5188284518828452 0.9352941176470588 0.5334728033472803 0.9411764705882353 0.5627615062761506 0.9658823529411764 0.5711297071129706 0.991764705882353 0.5920502092050209 0.9952941176470589 0.6297071129707112 0.9952941176470589 0.6359832635983264 0.991764705882353 0.6464435146443515 0.9952941176470589 0.7112970711297071 0.9952941176470589 0.7175732217573222 0.9988235294117647 0.7615062761506276 0.9941176470588236 0.7740585774058577 0.9988235294117647 0.8158995815899581 0.9988235294117647 0.8200836820083681 0.9952941176470589 0.8347280334728033 0.9988235294117647 0.8933054393305438 0.9988235294117647 0.910041841004184 0.9941176470588236 0.912133891213389 0.983529411764706 0.9246861924686192 0.9729411764705882 0.9205020920502092 0.951764705882353 0.9518828451882845 0.9423529411764706 0.9581589958158995 0.9352941176470588 0.9728033472803347 0.9 0.9728033472803347 0.8835294117647059 0.9581589958158995 0.8788235294117648 0.9330543933054394 0.8800000000000001 0.8661087866108786 0.8729411764705881 0.8493723849372385 0.8752941176470588 0.801255230125523 0.8705882352941176 0.7656903765690377 0.8717647058823529 0.7196652719665272 0.8658823529411764 0.6694560669456067 0.8658823529411764 0.6422594142259415 0.8611764705882352 0.5355648535564853 0.8564705882352941 0.4937238493723849 0.8588235294117647 0.4916317991631799 0.9105882352941176 0.497907949790795 0.924705882352941
0 0.4916317991631799 0.7894117647058823 0.48744769874476984 0.7858823529411765 0.47907949790794974 0.788235294117647 0.48326359832635984 0.8 0.4916317991631799 0.7894117647058823
0 0.48953974895397484 0.7647058823529411 0.4937238493723849 0.7611764705882352 0.48326359832635984 0.7541176470588236 0.48117154811715485 0.7635294117647058 0.48953974895397484 0.7647058823529411
0 0.4560669456066945 0.7011764705882353 0.4497907949790795 0.7117647058823529 0.4351464435146443 0.7176470588235294 0.4351464435146443 0.7376470588235293 0.4476987447698745 0.7364705882352941 0.4476987447698745 0.7470588235294118 0.4581589958158996 0.7541176470588236 0.4581589958158996 0.76 0.4665271966527197 0.7470588235294118 0.47489539748953974 0.7447058823529412 0.48117154811715485 0.7329411764705882 0.50418410041841 0.7294117647058823 0.5125523012552301 0.7094117647058823 0.5167364016736402 0.6858823529411764 0.5083682008368201 0.6623529411764706 0.5209205020920502 0.6505882352941177 0.5230125523012552 0.6258823529411764 0.5188284518828452 0.5941176470588235 0.5125523012552301 0.588235294117647 0.50418410041841 0.5941176470588235 0.4916317991631799 0.5952941176470589 0.50418410041841 0.5964705882352941 0.47907949790794974 0.6152941176470589 0.47907949790794974 0.6341176470588235 0.4602510460251046 0.6376470588235293 0.4581589958158996 0.6611764705882353 0.4665271966527197 0.6647058823529411 0.4539748953974895 0.6788235294117647 0.4560669456066945 0.7011764705882353
0 0.4644351464435147 0.6658823529411765 0.4539748953974895 0.6741176470588235 0.4539748953974895 0.6905882352941177 0.4623430962343096 0.6941176470588235 0.4539748953974895 0.6964705882352942 0.4518828451882845 0.7023529411764706 0.4581589958158996 0.7117647058823529 0.4435146443514644 0.7223529411764706 0.4623430962343096 0.7294117647058823 0.4644351464435147 0.7258823529411764 0.4728033472803347 0.7282352941176471 0.47907949790794974 0.7164705882352942 0.4937238493723849 0.7211764705882353 0.502092050209205 0.7164705882352942 0.506276150627615 0.7070588235294117 0.497907949790795 0.6976470588235294 0.506276150627615 0.6952941176470588 0.5146443514644352 0.6835294117647058 0.5083682008368201 0.6623529411764706 0.5209205020920502 0.6552941176470588 0.5355648535564853 0.5388235294117647 0.5376569037656903 0.4964705882352941 0.5334728033472803 0.4541176470588235 0.5251046025104602 0.44941176470588234 0.5292887029288702 0.4458823529411765 0.5209205020920502 0.44941176470588234 0.5209205020920502 0.4552941176470588 0.5 0.46352941176470586 0.4937238493723849 0.45999999999999996 0.48326359832635984 0.4658823529411765 0.4728033472803347 0.4658823529411765 0.4665271966527197 0.45999999999999996 0.4539748953974895 0.4623529411764705 0.4518828451882845 0.5070588235294118 0.4560669456066945 0.6611764705882353 0.4644351464435147 0.6658823529411765
0 0.69375 0.51328125 0.00234375 0.00390625
0 0.600418410041841 0.5658823529411765 0.610878661087866 0.5694117647058824 0.6317991631799164 0.5623529411764705 0.6359832635983264 0.5705882352941176 0.6422594142259415 0.5658823529411765 0.6589958158995816 0.5670588235294118 0.6694560669456067 0.5752941176470588 0.6841004184100419 0.5741176470588235 0.6966527196652719 0.5788235294117647 0.702928870292887 0.5741176470588235 0.7154811715481172 0.5823529411764705 0.7301255230125523 0.5835294117647059 0.7364016736401673 0.5776470588235294 0.7635983263598326 0.5776470588235294 0.7594142259414226 0.5635294117647058 0.7677824267782427 0.5576470588235294 0.7866108786610878 0.5658823529411765 0.799163179916318 0.5658823529411765 0.809623430962343 0.556470588235294 0.8326359832635983 0.5705882352941176 0.8347280334728033 0.5811764705882353 0.8451882845188283 0.5811764705882353 0.8410041841004183 0.5705882352941176 0.8472803347280335 0.5599999999999999 0.8305439330543933 0.5294117647058824 0.8221757322175731 0.5294117647058824 0.8221757322175731 0.5258823529411765 0.8200836820083681 0.5305882352941176 0.7824267782426778 0.5305882352941176 0.7656903765690377 0.5211764705882354 0.7573221757322175 0.5235294117647059 0.7473541717942407 0.5179238754325259 0.7384937238493723 0.5270588235294118 0.7154811715481172 0.528235294117647 0.698744769874477 0.5211764705882354 0.6861924686192469 0.5270588235294118 0.6673640167364017 0.5105882352941176 0.6652719665271967 0.5223529411764706 0.6527196652719665 0.5258823529411765 0.6443514644351465 0.5258823529411765 0.6359832635983264 0.5164705882352941 0.6317991631799164 0.5211764705882354 0.6234309623430961 0.52 0.6171548117154811 0.528235294117647 0.598326359832636 0.5258823529411765 0.600418410041841 0.52 0.5920502092050209 0.528235294117647 0.5732217573221756 0.5247058823529411 0.5627615062761506 0.5270588235294118 0.5564853556485355 0.5223529411764706 0.5523012552301255 0.5352941176470588 0.5543933054393305 0.5647058823529412 0.5857740585774058 0.5647058823529412 0.5941422594142259 0.5729411764705883 0.600418410041841 0.5658823529411765
0 0.6297071129707112 0.5152941176470589 0.6255230125523012 0.508235294117647 0.6171548117154811 0.5105882352941176 0.6192468619246861 0.5152941176470589 0.6297071129707112 0.5152941176470589
0 0.8171875 0.77890625 0.00234375 0.00234375
0 0.63359375 0.77265625 0.00390625 0.00625
0 0.6265625 0.76875 0.00234375 0.0015625
0 0.5794979079497907 0.7588235294117647 0.5774058577405857 0.7541176470588236 0.5732217573221756 0.7623529411764706 0.5794979079497907 0.7588235294117647
0 0.5439330543933054 0.7482352941176471 0.5418410041841004 0.7505882352941177 0.5606694560669456 0.7470588235294118 0.5878661087866108 0.7494117647058823 0.5920502092050209 0.7623529411764706 0.5836820083682008 0.7658823529411765 0.5920502092050209 0.7658823529411765 0.5941422594142259 0.7717647058823529 0.610878661087866 0.7705882352941177 0.6234309623430961 0.7752941176470588 0.6276150627615062 0.7529411764705882 0.6401673640167364 0.7505882352941177 0.6401673640167364 0.7623529411764706 0.6527196652719665 0.7635294117647058 0.6506276150627615 0.7752941176470588 0.6631799163179916 0.78 0.6778242677824268 0.7788235294117647 0.6715481171548117 0.7752941176470588 0.6715481171548117 0.7647058823529411 0.6778242677824268 0.7635294117647058 0.6820083682008369 0.7529411764705882 0.698744769874477 0.7517647058823529 0.7092050209205021 0.76 0.7196652719665272 0.76 0.7322175732217573 0.7658823529411765 0.7175732217573222 0.7729411764705882 0.7196652719665272 0.7811764705882352 0.7447698744769874 0.7823529411764706 0.7531380753138075 0.7752941176470588 0.7677824267782427 0.7752941176470588 0.7740585774058577 0.7717647058823529 0.7782426778242677 0.7858823529411765 0.7866108786610878 0.7811764705882352 0.799163179916318 0.7858823529411765 0.809623430962343 0.7788235294117647 0.799163179916318 0.7647058823529411 0.803347280334728 0.7541176470588236 0.8284518828451883 0.7576470588235293 0.8410041841004183 0.7694117647058824 0.8514644351464435 0.76 0.8577405857740585 0.7623529411764706 0.8598326359832635 0.7729411764705882 0.8661087866108786 0.7705882352941177 0.8619246861924686 0.7647058823529411 0.8786610878661086 0.7635294117647058 0.8870292887029289 0.7588235294117647 0.901673640167364 0.7623529411764706 0.9163179916317992 0.7552941176470588 0.9288702928870294 0.7552941176470588 0.912133891213389 0.7352941176470588 0.9163179916317992 0.7176470588235294 0.8828451882845189 0.6764705882352942 0.8786610878661086 0.6635294117647058 0.8661087866108786 0.6564705882352941 0.8661087866108786 0.6470588235294118 0.8619246861924686 0.6564705882352941 0.8430962343096233 0.6564705882352941 0.8430962343096233 0.6505882352941177 0.8263598326359831 0.64 0.809623430962343 0.64 0.799163179916318 0.648235294117647 0.7845188284518828 0.6494117647058824 0.7677824267782427 0.6494117647058824 0.7656903765690377 0.6435294117647059 0.7552301255230125 0.6505882352941177 0.7447698744769874 0.6494117647058824 0.7405857740585773 0.6529411764705882 0.7301255230125523 0.648235294117647 0.7133891213389121 0.6517647058823529 0.7092050209205021 0.648235294117647 0.6778242677824268 0.648235294117647 0.6401673640167364 0.6364705882352941 0.6317991631799164 0.6411764705882353 0.6276150627615062 0.6388235294117647 0.604602510460251 0.6435294117647059 0.5899581589958158 0.6435294117647059 0.5878661087866108 0.6388235294117647 0.5732217573221756 0.6423529411764706 0.5564853556485355 0.6388235294117647 0.5418410041841004 0.6505882352941177 0.5439330543933054 0.6705882352941177 0.5355648535564853 0.6811764705882353 0.5292887029288702 0.7447058823529412 0.5439330543933054 0.7482352941176471
0 0.5 0.6752941176470588 0.506276150627615 0.6717647058823529 0.5083682008368201 0.6588235294117647 0.4958158995815899 0.6611764705882353 0.4937238493723849 0.6705882352941177 0.5 0.6752941176470588
0 0.4372384937238493 0.5070588235294118 0.4456066945606694 0.5317647058823529 0.4351464435146443 0.556470588235294 0.4497907949790795 0.5705882352941176 0.4497907949790795 0.591764705882353 0.4435146443514644 0.5964705882352941 0.4539748953974895 0.6035294117647059 0.4560669456066945 0.6141176470588234 0.4560669456066945 0.6611764705882353 0.4623430962343096 0.668235294117647 0.4539748953974895 0.6741176470588235 0.4539748953974895 0.6811764705882353 0.4602510460251046 0.6823529411764706 0.4728033472803347 0.6799999999999999 0.48117154811715485 0.668235294117647 0.4644351464435147 0.6658823529411765 0.4581589958158996 0.6576470588235294 0.4916317991631799 0.6552941176470588 0.4937238493723849 0.6588235294117647 0.5209205020920502 0.6541176470588235 0.5083682008368201 0.6517647058823529 0.5209205020920502 0.6470588235294118 0.5209205020920502 0.62 0.5334728033472803 0.5741176470588235 0.5355648535564853 0.4552941176470588 0.5292887029288702 0.4458823529411765 0.5334728033472803 0.4176470588235294 0.5271966527196652 0.4105882352941176 0.5313807531380753 0.4117647058823529 0.5355648535564853 0.4023529411764706 0.5355648535564853 0.38588235294117645 0.5230125523012552 0.3835294117647059 0.5209205020920502 0.37176470588235294 0.5 0.3611764705882353 0.4958158995815899 0.36588235294117644 0.5083682008368201 0.3729411764705882 0.5083682008368201 0.39647058823529413 0.497907949790795 0.4105882352941176 0.48117154811715485 0.40705882352941175 0.4728033472803347 0.38 0.4665271966527197 0.3811764705882353 0.4602510460251046 0.3764705882352941 0.4581589958158996 0.36705882352941177 0.44142259414225943 0.3917647058823529 0.4476987447698745 0.49411764705882355 0.4372384937238493 0.5070588235294118
0 0 0.9470588235294117 0.012552301255230125 0.9529411764705882 0.014644351464435146 0.96 0.03138075313807531 0.9647058823529411 0.06694560669456066 0.9494117647058824 0.09205020920502091 0.9494117647058824 0.10251046025104602 0.9623529411764705 0.11924686192468618 0.9670588235294117 0.15481171548117154 0.9541176470588235 0.18200836820083682 0.9529411764705882 0.202928870292887 0.968235294117647 0.21548117154811716 0.968235294117647 0.2301255230125523 0.9588235294117646 0.2615062761506276 0.9564705882352941 0.27405857740585776 0.96 0.28870292887029286 0.9717647058823529 0.303347280334728 0.9729411764705882 0.3284518828451882 0.96 0.3619246861924686 0.9576470588235294 0.38284518828451886 0.9729411764705882 0.40794979079497906 0.9588235294117646 0.405857740585774 0.931764705882353 0.41841004184100417 0.9176470588235294 0.41422594142259417 0.8894117647058823 0.42050209205020916 0.876470588235294 0.41004184100418406 0.8635294117647059 0.41004184100418406 0.8376470588235294 0.42677824267782427 0.8070588235294117 0.41631799163179917 0.7823529411764706 0.401673640167364 0.7788235294117647 0.40794979079497906 0.7623529411764706 0.399581589958159 0.7552941176470588 0.405857740585774 0.7494117647058823 0.38912133891213385 0.7247058823529412 0.3619246861924686 0.7211764705882353 0.3493723849372385 0.7247058823529412 0.3389121338912134 0.7211764705882353 0.305439330543933 0.7223529411764706 0.2928870292887029 0.7152941176470587 0.27824267782426776 0.7141176470588235 0.2510460251046025 0.7211764705882353 0.2301255230125523 0.7164705882352942 0.22384937238493724 0.72 0.18410041841004182 0.72 0.17154811715481172 0.7129411764705882 0.1297071129707113 0.7129411764705882 0.11297071129707112 0.7188235294117648 0.09414225941422594 0.72 0.07322175732217573 0.7094117647058823 0.006276150627615063 0.7164705882352942 0 0.72 0 0.9470588235294117
0 0.48744769874476984 0.5047058823529411 0.506276150627615 0.48235294117647054 0.5 0.4788235294117647 0.48326359832635984 0.4835294117647059 0.48117154811715485 0.5023529411764706 0.48744769874476984 0.5047058823529411
0 0.4623430962343096 0.30823529411764705 0.4728033472803347 0.3164705882352941 0.47907949790794974 0.3341176470588235 0.4707112970711297 0.3376470588235294 0.4539748953974895 0.33529411764705885 0.4476987447698745 0.34705882352941175 0.4560669456066945 0.3517647058823529 0.4476987447698745 0.3552941176470588 0.4644351464435147 0.36 0.4518828451882845 0.39294117647058824 0.4623430962343096 0.4011764705882353 0.4602510460251046 0.40588235294117647 0.47698744769874474 0.4141176470588235 0.47489539748953974 0.4176470588235294 0.4623430962343096 0.4188235294117647 0.4602510460251046 0.43176470588235294 0.4728033472803347 0.45294117647058824 0.48535564853556484 0.44000000000000006 0.5 0.44117647058823534 0.50418410041841 0.44941176470588234 0.5104602510460251 0.4458823529411765 0.5167364016736402 0.45176470588235296 0.5230125523012552 0.42705882352941177 0.5334728033472803 0.41529411764705887 0.5502092050209205 0.34470588235294114 0.5460251046025104 0.20470588235294115 0.5355648535564853 0.20352941176470588 0.5167364016736402 0.21176470588235294 0.5167364016736402 0.23058823529411762 0.4958158995815899 0.2376470588235294 0.497907949790795 0.25764705882352945 0.4728033472803347 0.27647058823529413 0.4707112970711297 0.30470588235294116 0.4623430962343096 0.30823529411764705
0 0.4309623430962343 0.004705882352941176 0.42970711297071124 0 0.4246861924686193 0.004705882352941176 0.41841004184100417 0 0.401673640167364 0.004705882352941176 0.3953974895397489 0 0.37447698744769875 0 0.3912133891213389 0.0058823529411764705 0.3993723849372385 0.013911764705882351 0.41841004184100417 0.0058823529411764705 0.4476987447698745 0.009411764705882352 0.4309623430962343 0.042352941176470586 0.4372384937238493 0.06941176470588235 0.4330543933054393 0.12588235294117647 0.4393305439330543 0.19176470588235295 0.4456066945606694 0.1988235294117647 0.4581589958158996 0.1988235294117647 0.4602510460251046 0.21176470588235294 0.47489539748953974 0.21294117647058824 0.47489539748953974 0.2211764705882353 0.4602510460251046 0.22000000000000003 0.4644351464435147 0.23058823529411762 0.4518828451882845 0.24705882352941178 0.4581589958158996 0.25176470588235295 0.47489539748953974 0.2541176470588235 0.48535564853556484 0.26588235294117646 0.5 0.26 0.502092050209205 0.2458823529411765 0.5167364016736402 0.23411764705882354 0.5146443514644352 0.21176470588235294 0.5271966527196652 0.20470588235294115 0.5334728033472803 0.21058823529411766 0.5397489539748953 0.20941176470588235 0.5648535564853556 0.15764705882352942 0.5648535564853556 0.03176470588235294 0.5585774058577406 0 0.5104602510460251 0 0.502092050209205 0.0035294117647058825 0.4410041841004184 0 0.4309623430962343 0.004705882352941176
0 0.37029288702928864 0.002352941176470588 0.3619246861924686 0 0.3577405857740586 0.010588235294117647 0.37029288702928864 0.002352941176470588
0 0 0.41529411764705887 0 0.6423529411764706 0.006276150627615063 0.6835294117647058 0 0.7047058823529412 0.010460251046025104 0.7058823529411764 0.01882845188284519 0.7023529411764706 0.01882845188284519 0.6952941176470588 0.058577405857740586 0.6976470588235294 0.07740585774058577 0.6941176470588235 0.09832635983263598 0.7117647058823529 0.1108786610878661 0.7117647058823529 0.13389121338912133 0.7035294117647058 0.18410041841004182 0.7035294117647058 0.21129707112970708 0.7141176470588235 0.27405857740585776 0.7023529411764706 0.2949790794979079 0.7035294117647058 0.3075313807531381 0.7129411764705882 0.3284518828451882 0.7129411764705882 0.36401673640167365 0.6988235294117647 0.3807531380753138 0.7023529411764706 0.3912133891213389 0.7 0.41422594142259417 0.7094117647058823 0.4309623430962343 0.7094117647058823 0.4393305439330543 0.7035294117647058 0.4456066945606694 0.6870588235294117 0.4456066945606694 0.6635294117647058 0.4372384937238493 0.6529411764705882 0.4456066945606694 0.608235294117647 0.4372384937238493 0.5976470588235294 0.44142259414225943 0.5670588235294118 0.4309623430962343 0.556470588235294 0.4351464435146443 0.5329411764705883 0.44142259414225943 0.528235294117647 0.4393305439330543 0.4552941176470588 0.4330543933054393 0.4458823529411765 0.4330543933054393 0.39529411764705885 0.42050209205020916 0.3905882352941176 0.4246861924686193 0.38588235294117645 0.401673640167364 0.38 0.38702928870292885 0.3847058823529412 0.3723849372384937 0.37411764705882355 0.3619246861924686 0.3776470588235294 0.3577405857740586 0.3729411764705882 0.3493723849372385 0.3764705882352941 0.32426778242677823 0.36941176470588233 0.28870292887029286 0.3729411764705882 0.2803347280334728 0.36823529411764705 0.24267782426778242 0.37176470588235294 0.2301255230125523 0.36823529411764705 0.17364016736401672 0.36941176470588233 0.1589958158995816 0.37176470588235294 0.1506276150627615 0.38235294117647056 0.13598326359832635 0.38 0.12761506276150628 0.37058823529411766 0.100418410041841 0.36823529411764705 0.008368200836820083 0.37176470588235294 0.0020920502092050207 0.3764705882352941 0.006276150627615063 0.3835294117647059 0 0.41529411764705887
0 0.53046875 0.45859375 0.00234375 0.00625
0 0.4518828451882845 0.4552941176470588 0.4539748953974895 0.536470588235294 0.4602510460251046 0.5458823529411765 0.4539748953974895 0.5494117647058824 0.4602510460251046 0.5741176470588235 0.4560669456066945 0.5788235294117647 0.4686192468619247 0.6117647058823529 0.48117154811715485 0.5788235294117647 0.47907949790794974 0.5658823529411765 0.4937238493723849 0.5576470588235294 0.4916317991631799 0.5529411764705883 0.502092050209205 0.5505882352941176 0.4958158995815899 0.5376470588235294 0.50418410041841 0.5329411764705883 0.5146443514644352 0.5352941176470588 0.5209205020920502 0.5305882352941176 0.5209205020920502 0.5223529411764706 0.5104602510460251 0.5164705882352941 0.5209205020920502 0.5141176470588235 0.5083682008368201 0.5129411764705882 0.502092050209205 0.5070588235294118 0.5230125523012552 0.48 0.5230125523012552 0.4447058823529412 0.5292887029288702 0.44000000000000006 0.5313807531380753 0.4223529411764706 0.5230125523012552 0.4117647058823529 0.5355648535564853 0.40470588235294114 0.5271966527196652 0.40352941176470586 0.5355648535564853 0.3988235294117647 0.5355648535564853 0.3870588235294118 0.5251046025104602 0.38235294117647056 0.5209205020920502 0.36823529411764705 0.506276150627615 0.3623529411764706 0.5083682008368201 0.3588235294117647 0.4958158995815899 0.3564705882352941 0.48953974895397484 0.36588235294117644 0.47489539748953974 0.36470588235294116 0.4623430962343096 0.34941176470588237 0.4665271966527197 0.34352941176470586 0.4623430962343096 0.34705882352941175 0.4539748953974895 0.34470588235294114 0.4497907949790795 0.3564705882352941 0.4435146443514644 0.4294117647058823 0.4518828451882845 0.4552941176470588
0 0.5460251046025104 0.6811764705882353 0.5857740585774058 0.6823529411764706 0.600418410041841 0.6788235294117647 0.6150627615062761 0.6823529411764706 0.6234309623430961 0.6894117647058823 0.6317991631799164 0.6835294117647058 0.6359832635983264 0.6894117647058823 0.6569037656903765 0.6870588235294117 0.6631799163179916 0.6964705882352942 0.7175732217573222 0.7 0.7301255230125523 0.7070588235294117 0.7405857740585773 0.7 0.7677824267782427 0.7 0.7845188284518828 0.7011764705882353 0.7887029288702928 0.7058823529411764 0.7949790794979079 0.7023529411764706 0.803347280334728 0.7094117647058823 0.8200836820083681 0.7023529411764706 0.8389121338912133 0.7047058823529412 0.8451882845188283 0.7117647058823529 0.8514644351464435 0.7035294117647058 0.8807531380753139 0.7094117647058823 0.8933054393305438 0.7082352941176471 0.899581589958159 0.7141176470588235 0.907949790794979 0.7094117647058823 0.8661087866108786 0.6352941176470588 0.8514644351464435 0.6223529411764706 0.8493723849372385 0.6341176470588235 0.8326359832635983 0.6341176470588235 0.8242677824267781 0.6270588235294118 0.8284518828451883 0.6188235294117648 0.8221757322175731 0.6152941176470589 0.8138075313807531 0.6152941176470589 0.809623430962343 0.628235294117647 0.803347280334728 0.6294117647058823 0.7928870292887029 0.6247058823529412 0.7928870292887029 0.6164705882352941 0.7803347280334727 0.6188235294117648 0.7761506276150627 0.6270588235294118 0.7573221757322175 0.6270588235294118 0.7531380753138075 0.6235294117647059 0.7468619246861924 0.628235294117647 0.7343096234309623 0.6152941176470589 0.7238493723849372 0.6211764705882353 0.7196652719665272 0.6188235294117648 0.7175732217573222 0.6235294117647059 0.6966527196652719 0.6270588235294118 0.6882845188284519 0.62 0.6757322175732218 0.6223529411764706 0.6652719665271967 0.6164705882352941 0.6359832635983264 0.628235294117647 0.6317991631799164 0.6211764705882353 0.6234309623430961 0.6223529411764706 0.6192468619246861 0.6176470588235294 0.610878661087866 0.6258823529411764 0.598326359832636 0.6235294117647059 0.5920502092050209 0.6305882352941177 0.5794979079497907 0.6294117647058823 0.5732217573221756 0.6247058823529412 0.5648535564853556 0.628235294117647 0.5502092050209205 0.6211764705882353 0.5376569037656903 0.6411764705882353 0.5355648535564853 0.6717647058823529 0.5460251046025104 0.6811764705882353
0 0.5690376569037656 0.6058823529411764 0.5669456066945606 0.6023529411764705 0.5627615062761506 0.6058823529411764 0.5690376569037656 0.6058823529411764
0 0.5418410041841004 0.6788235294117647 0.602510460251046 0.6764705882352942 0.6171548117154811 0.6799999999999999 0.6527196652719665 0.6799999999999999 0.6631799163179916 0.6858823529411764 0.6631799163179916 0.6929411764705883 0.6841004184100419 0.6988235294117647 0.8200836820083681 0.7011764705882353 0.8451882845188283 0.7058823529411764 0.8556485355648535 0.7011764705882353 0.8723849372384936 0.7058823529411764 0.905857740585774 0.7035294117647058 0.8661087866108786 0.6376470588235293 0.7594142259414226 0.6376470588235293 0.7510460251046025 0.6423529411764706 0.7259414225941423 0.6435294117647059 0.705020920502092 0.64 0.6799163179916318 0.6458823529411765 0.6527196652719665 0.6352941176470588 0.612970711297071 0.6352941176470588 0.600418410041841 0.64 0.5878661087866108 0.6341176470588235 0.5564853556485355 0.6341176470588235 0.5418410041841004 0.6352941176470588 0.5397489539748953 0.6411764705882353 0.5355648535564853 0.6741176470588235 0.5418410041841004 0.6788235294117647
0 0.496875 0.38984375 0.00234375 0.00390625
0 0.48117154811715485 0.27294117647058824 0.47489539748953974 0.2752941176470588 0.47489539748953974 0.2988235294117647 0.4916317991631799 0.3223529411764706 0.5104602510460251 0.3317647058823529 0.5104602510460251 0.34705882352941175 0.5146443514644352 0.3458823529411765 0.5313807531380753 0.3576470588235294 0.5271966527196652 0.3482352941176471 0.5376569037656903 0.34352941176470586 0.5460251046025104 0.3458823529411765 0.5502092050209205 0.33999999999999997 0.5523012552301255 0.2176470588235294 0.5460251046025104 0.19647058823529412 0.5209205020920502 0.1988235294117647 0.5104602510460251 0.19411764705882353 0.506276150627615 0.21176470588235294 0.5 0.21411764705882352 0.4958158995815899 0.20823529411764707 0.48953974895397484 0.20941176470588235 0.502092050209205 0.2211764705882353 0.4937238493723849 0.22470588235294117 0.48535564853556484 0.22000000000000003 0.48117154811715485 0.2223529411764706 0.48535564853556484 0.2564705882352941 0.48117154811715485 0.27294117647058824
0 0.47109375 0.1890625 0.00390625 0.0015625
0 0.600418410041841 0.7494117647058823 0.608786610878661 0.7541176470588236 0.6569037656903765 0.7541176470588236 0.6652719665271967 0.7658823529411765 0.6736401673640167 0.7529411764705882 0.698744769874477 0.7529411764705882 0.7196652719665272 0.7588235294117647 0.7384937238493723 0.7529411764705882 0.7740585774058577 0.7552941176470588 0.7866108786610878 0.76 0.7887029288702928 0.7705882352941177 0.799163179916318 0.7682352941176471 0.7970711297071129 0.7611764705882352 0.8138075313807531 0.7564705882352941 0.8619246861924686 0.7682352941176471 0.8807531380753139 0.7588235294117647 0.905857740585774 0.7611764705882352 0.9330543933054394 0.7576470588235293 0.912133891213389 0.7341176470588235 0.912133891213389 0.7270588235294118 0.8410041841004183 0.7305882352941176 0.8221757322175731 0.7247058823529412 0.8200836820083681 0.7152941176470587 0.8158995815899581 0.72 0.807531380753138 0.7176470588235294 0.7970711297071129 0.7047058823529412 0.7782426778242677 0.7070588235294117 0.7803347280334727 0.7023529411764706 0.7698744769874477 0.7058823529411764 0.7615062761506276 0.7023529411764706 0.7405857740585773 0.7023529411764706 0.7364016736401673 0.7094117647058823 0.7196652719665272 0.7105882352941176 0.7092050209205021 0.7023529411764706 0.6736401673640167 0.7011764705882353 0.6589958158995816 0.7082352941176471 0.6485355648535565 0.7082352941176471 0.6443514644351465 0.7141176470588235 0.6255230125523012 0.7152941176470587 0.6150627615062761 0.7235294117647059 0.604602510460251 0.7070588235294117 0.5878661087866108 0.7094117647058823 0.5774058577405857 0.7188235294117648 0.5669456066945606 0.7176470588235294 0.5606694560669456 0.7211764705882353 0.5564853556485355 0.7129411764705882 0.5418410041841004 0.7152941176470587 0.5355648535564853 0.7117647058823529 0.5271966527196652 0.72 0.5292887029288702 0.7458823529411764 0.600418410041841 0.7494117647058823
0 0.4246861924686193 0.9129411764705881 0.41213389121338906 0.9282352941176469 0.41841004184100417 0.9470588235294117 0.41213389121338906 0.9623529411764705 0.3953974895397489 0.976470588235294 0.37656903765690375 0.976470588235294 0.3598326359832636 0.9623529411764705 0.3263598326359832 0.9623529411764705 0.299163179916318 0.9752941176470588 0.28870292887029286 0.9752941176470588 0.2719665271966527 0.9623529411764705 0.2573221757322176 0.96 0.23221757322175735 0.96 0.21757322175732216 0.9670588235294117 0.202928870292887 0.968235294117647 0.17154811715481172 0.9541176470588235 0.1108786610878661 0.9670588235294117 0.0899581589958159 0.9505882352941176 0.0711297071129707 0.9505882352941176 0.05648535564853556 0.9588235294117646 0.029288702928870293 0.9658823529411764 0.016736401673640166 0.9635294117647059 0.008368200836820083 0.9541176470588235 0 0.9529411764705882 0.010460251046025104 0.9576470588235294 0 0.96 0 0.9811764705882353 0.016736401673640166 0.9988235294117647 0.2489539748953975 0.9988235294117647 0.2845188284518828 0.9952941176470589 0.299163179916318 0.9988235294117647 0.41213389121338906 0.9988235294117647 0.4351464435146443 0.9941176470588236 0.4560669456066945 0.924705882352941 0.4560669456066945 0.9058823529411765 0.4539748953974895 0.8905882352941177 0.4309623430962343 0.8858823529411766 0.4246861924686193 0.8929411764705882 0.4246861924686193 0.9129411764705881
0 0.48744769874476984 0.09529411764705882 0.5 0.09176470588235294 0.50418410041841 0.10352941176470587 0.48744769874476984 0.1188235294117647 0.48744769874476984 0.13294117647058823 0.48117154811715485 0.1388235294117647 0.48326359832635984 0.16470588235294117 0.48953974895397484 0.17411764705882354 0.506276150627615 0.18352941176470589 0.5460251046025104 0.18588235294117647 0.5669456066945606 0.15058823529411763 0.5648535564853556 0.06588235294117648 0.5585774058577406 0.042352941176470586 0.5627615062761506 0.0035294117647058825 0.5564853556485355 0 0.5146443514644352 0 0.4937238493723849 0.004705882352941176 0.48535564853556484 0.01647058823529412 0.48326359832635984 0.09176470588235294 0.48744769874476984 0.09529411764705882
0 0.5167364016736402 0.62 0.5125523012552301 0.608235294117647 0.5104602510460251 0.6188235294117648 0.5167364016736402 0.62
0 0.52421875 0.6046875 0.00234375 0.00234375
0 0.5292887029288702 0.5741176470588235 0.5230125523012552 0.5705882352941176 0.5251046025104602 0.5788235294117647 0.5292887029288702 0.5741176470588235
0 0.44142259414225943 0.5047058823529411 0.4476987447698745 0.54 0.44142259414225943 0.5552941176470588 0.4518828451882845 0.5682352941176471 0.4581589958158996 0.6176470588235294 0.4728033472803347 0.6176470588235294 0.47101016138673035 0.6226890756302521 0.47698744769874474 0.6152941176470589 0.48744769874476984 0.6117647058823529 0.48326359832635984 0.6047058823529412 0.4916317991631799 0.5952941176470589 0.5125523012552301 0.5847058823529412 0.502092050209205 0.5694117647058824 0.506276150627615 0.5552941176470588 0.5271966527196652 0.5435294117647059 0.5313807531380753 0.5447058823529412 0.5355648535564853 0.5376470588235294 0.5355648535564853 0.49294117647058827 0.5271966527196652 0.4752941176470588 0.5313807531380753 0.47058823529411764 0.5230125523012552 0.4682352941176471 0.5230125523012552 0.4623529411764705 0.5334728033472803 0.4623529411764705 0.5271966527196652 0.46117647058823524 0.5271966527196652 0.4564705882352941 0.5334728033472803 0.4552941176470588 0.5251046025104602 0.4552941176470588 0.5230125523012552 0.44941176470588234 0.5313807531380753 0.43882352941176467 0.5313807531380753 0.4176470588235294 0.5125523012552301 0.4117647058823529 0.5146443514644352 0.40705882352941175 0.5251046025104602 0.40823529411764703 0.5167364016736402 0.40352941176470586 0.5209205020920502 0.3988235294117647 0.5355648535564853 0.4011764705882353 0.5355648535564853 0.3941176470588235 0.5334728033472803 0.3870588235294118 0.5188284518828452 0.3811764705882353 0.5167364016736402 0.3729411764705882 0.5104602510460251 0.37176470588235294 0.5125523012552301 0.4 0.506276150627615 0.4 0.497907949790795 0.4105882352941176 0.48744769874476984 0.4105882352941176 0.47698744769874474 0.3976470588235294 0.47698744769874474 0.37882352941176467 0.4623430962343096 0.3764705882352941 0.4602510460251046 0.3635294117647059 0.4456066945606694 0.37529411764705883 0.44142259414225943 0.38588235294117645 0.4393305439330543 0.4458823529411765 0.4476987447698745 0.48588235294117643 0.4476987447698745 0.4988235294117647 0.44142259414225943 0.5047058823529411
0 0.453125 0.35859375 0.00234375 0.0015625
0 0.008368200836820083 0.34352941176470586 0.023012552301255228 0.34470588235294114 0.03138075313807531 0.3388235294117647 0.07740585774058577 0.3411764705882353 0.10878661087866108 0.33529411764705885 0.12133891213389121 0.34705882352941175 0.13389121338912133 0.34705882352941175 0.14435146443514643 0.3423529411764706 0.18828451882845187 0.3458823529411765 0.21966527196652716 0.33647058823529413 0.2301255230125523 0.35411764705882354 0.24058577405857742 0.35058823529411764 0.2635983263598326 0.3517647058823529 0.26778242677824265 0.3458823529411765 0.3179916317991632 0.34941176470588237 0.3535564853556485 0.33529411764705885 0.3723849372384937 0.34941176470588237 0.38702928870292885 0.34470588235294114 0.3953974895397489 0.3458823529411765 0.39748953974895396 0.33647058823529413 0.403765690376569 0.3376470588235294 0.403765690376569 0.3317647058823529 0.41631799163179917 0.32588235294117646 0.41422594142259417 0.31176470588235294 0.401673640167364 0.3 0.4246861924686193 0.28941176470588237 0.42050209205020916 0.2823529411764706 0.4309623430962343 0.27647058823529413 0.42259414225941416 0.27176470588235296 0.4246861924686193 0.24705882352941178 0.41841004184100417 0.2447058823529412 0.42050209205020916 0.2376470588235294 0.41213389121338906 0.22823529411764704 0.4246861924686193 0.22470588235294117 0.4309623430962343 0.21411764705882352 0.4309623430962343 0.18588235294117647 0.4246861924686193 0.1811764705882353 0.41841004184100417 0.15176470588235294 0.4309623430962343 0.13647058823529412 0.4309623430962343 0.07294117647058823 0.4246861924686193 0.06352941176470588 0.42677824267782427 0.052941176470588235 0.41841004184100417 0.04823529411764706 0.405857740585774 0.018823529411764704 0.3577405857740586 0.01411764705882353 0.3493723849372385 0 0.3284518828451882 0 0.3200836820083682 0.004705882352941176 0.299163179916318 0 0.2824267782426778 0.007058823529411765 0.27405857740585776 0.007058823529411765 0.2615062761506276 0 0.01882845188284519 0 0.0041841004184100415 0.012941176470588234 0 0.32823529411764707 0.008368200836820083 0.34352941176470586
0 0.4560669456066945 0.3388235294117647 0.4518828451882845 0.3341176470588235 0.4497907949790795 0.3517647058823529 0.4560669456066945 0.3388235294117647
0 0.5627615062761506 0.09882352941176471 0.5606694560669456 0.06588235294117648 0.5564853556485355 0.08823529411764705 0.5627615062761506 0.09882352941176471
0 0.4351464435146443 0.057647058823529405 0.44142259414225943 0.07176470588235294 0.44142259414225943 0.10588235294117647 0.4351464435146443 0.11294117647058824 0.44142259414225943 0.12588235294117647 0.4351464435146443 0.12588235294117647 0.4351464435146443 0.1341176470588235 0.4435146443514644 0.1788235294117647 0.4351464435146443 0.18941176470588234 0.4351464435146443 0.20705882352941174 0.4456066945606694 0.23294117647058826 0.44142259414225943 0.24705882352941178 0.4518828451882845 0.3070588235294117 0.47907949790794974 0.3164705882352941 0.48953974895397484 0.3317647058823529 0.48953974895397484 0.33529411764705885 0.47489539748953974 0.33999999999999997 0.47489539748953974 0.3623529411764706 0.48535564853556484 0.37411764705882355 0.47698744769874474 0.3941176470588235 0.48326359832635984 0.3976470588235294 0.48326359832635984 0.4105882352941176 0.4937238493723849 0.41647058823529415 0.5 0.40588235294117647 0.5083682008368201 0.40588235294117647 0.5104602510460251 0.4023529411764706 0.5209205020920502 0.4023529411764706 0.5271966527196652 0.4129411764705882 0.5313807531380753 0.4117647058823529 0.5313807531380753 0.40352941176470586 0.5230125523012552 0.4011764705882353 0.5209205020920502 0.39294117647058824 0.5313807531380753 0.39529411764705885 0.5355648535564853 0.3917647058823529 0.5292887029288702 0.3905882352941176 0.5376569037656903 0.3835294117647059 0.5481171548117155 0.3517647058823529 0.5523012552301255 0.30588235294117644 0.5460251046025104 0.1952941176470588 0.5585774058577406 0.16470588235294117 0.5460251046025104 0.1611764705882353 0.5439330543933054 0.14941176470588236 0.5564853556485355 0.1423529411764706 0.5648535564853556 0.1188235294117647 0.5627615062761506 0.11411764705882352 0.5606694560669456 0.12 0.5439330543933054 0.11529411764705881 0.5397489539748953 0.09294117647058824 0.5167364016736402 0.10117647058823528 0.5083682008368201 0.09882352941176471 0.502092050209205 0.07764705882352942 0.5397489539748953 0.057647058823529405 0.5564853556485355 0.0611764705882353 0.5627615062761506 0.05411764705882353 0.5606694560669456 0.03058823529411765 0.5523012552301255 0.023529411764705882 0.5606694560669456 0.01647058823529412 0.5523012552301255 0.015294117647058824 0.5606694560669456 0.010588235294117647 0.5606694560669456 0.0035294117647058825 0.5564853556485355 0 0.5125523012552301 0 0.5 0.004705882352941176 0.4686192468619247 0.0035294117647058825 0.4623430962343096 0 0.4476987447698745 0.0035294117647058825 0.4497907949790795 0.03058823529411765 0.4351464435146443 0.057647058823529405
0 0.3493723849372385 0.9988235294117647 0.34728033472803344 0.9941176470588236 0.34309623430962344 0.9988235294117647 0.3493723849372385 0.9988235294117647
0 0.38284518828451886 0.9964705882352941 0.37866108786610875 0.9988235294117647 0.3933054393305439 0.9988235294117647 0.38284518828451886 0.9858823529411765 0.37656903765690375 0.9905882352941177 0.38284518828451886 0.9964705882352941
0 0.399581589958159 0.976470588235294 0.405857740585774 0.9823529411764707 0.399581589958159 0.9988235294117647 0.4351464435146443 0.9952941176470589 0.4456066945606694 0.9800000000000001 0.4602510460251046 0.9270588235294117 0.4602510460251046 0.8905882352941177 0.4539748953974895 0.8858823529411766 0.4246861924686193 0.8835294117647059 0.42259414225941416 0.9141176470588235 0.40794979079497906 0.931764705882353 0.41422594142259417 0.9494117647058824 0.399581589958159 0.976470588235294
0 0.5523012552301255 0.6341176470588235 0.6338912133891214 0.6329411764705882 0.6861924686192469 0.6411764705882353 0.8619246861924686 0.6329411764705882 0.8556485355648535 0.5705882352941176 0.8200836820083681 0.5094117647058823 0.809623430962343 0.5117647058823529 0.807531380753138 0.5070588235294118 0.799163179916318 0.5105882352941176 0.7928870292887029 0.5058823529411764 0.7782426778242677 0.5058823529411764 0.7740585774058577 0.5105882352941176 0.7510460251046025 0.5035294117647059 0.7259414225941423 0.5070588235294118 0.7092050209205021 0.49764705882352944 0.702928870292887 0.5070588235294118 0.6778242677824268 0.5035294117647059 0.6464435146443515 0.508235294117647 0.6359832635983264 0.5023529411764706 0.5920502092050209 0.5105882352941176 0.5711297071129706 0.5070588235294118 0.5627615062761506 0.5211764705882354 0.5543933054393305 0.5235294117647059 0.5460251046025104 0.5599999999999999 0.5439330543933054 0.6223529411764706 0.5523012552301255 0.6341176470588235
0 0.5481171548117155 0.6341176470588235 0.6317991631799164 0.6329411764705882 0.6694560669456067 0.6376470588235293 0.6736401673640167 0.6411764705882353 0.8619246861924686 0.6341176470588235 0.8556485355648535 0.5705882352941176 0.8347280334728033 0.5458823529411765 0.8368200836820083 0.5411764705882354 0.8305439330543933 0.5458823529411765 0.8305439330543933 0.5576470588235294 0.8221757322175731 0.5599999999999999 0.7928870292887029 0.5447058823529412 0.7824267782426778 0.5505882352941176 0.7635983263598326 0.5329411764705883 0.7573221757322175 0.5352941176470588 0.7489539748953975 0.5305882352941176 0.7343096234309623 0.5423529411764706 0.7217573221757322 0.5388235294117647 0.7112970711297071 0.5435294117647059 0.698744769874477 0.536470588235294 0.6841004184100419 0.54 0.6820083682008369 0.5329411764705883 0.6736401673640167 0.5388235294117647 0.6276150627615062 0.536470588235294 0.6192468619246861 0.5423529411764706 0.600418410041841 0.5352941176470588 0.5857740585774058 0.536470588235294 0.5836820083682008 0.54 0.5669456066945606 0.54 0.5543933054393305 0.5352941176470588 0.5460251046025104 0.5588235294117647 0.5418410041841004 0.6235294117647059 0.5481171548117155 0.6341176470588235
0 0.5564853556485355 0.7776470588235294 0.5920502092050209 0.7776470588235294 0.608786610878661 0.7847058823529411 0.6359832635983264 0.7811764705882352 0.6882845188284519 0.7870588235294117 0.6945606694560669 0.7835294117647058 0.7175732217573222 0.788235294117647 0.7677824267782427 0.7870588235294117 0.7782426778242677 0.7964705882352942 0.7824267782426778 0.788235294117647 0.8347280334728033 0.7847058823529411 0.8493723849372385 0.7941176470588236 0.8702928870292886 0.7858823529411765 0.9309623430962344 0.7858823529411765 0.9414225941422594 0.7788235294117647 0.9372384937238494 0.7588235294117647 0.9288702928870294 0.7541176470588236 0.9163179916317992 0.7564705882352941 0.8933054393305438 0.7529411764705882 0.8828451882845189 0.7447058823529412 0.8577405857740585 0.7447058823529412 0.8472803347280335 0.7552941176470588 0.809623430962343 0.7552941176470588 0.7782426778242677 0.7494117647058823 0.7259414225941423 0.7517647058823529 0.7196652719665272 0.7470588235294118 0.6966527196652719 0.7517647058823529 0.6778242677824268 0.7482352941176471 0.6673640167364017 0.7376470588235293 0.6401673640167364 0.7294117647058823 0.6234309623430961 0.7376470588235293 0.6192468619246861 0.7305882352941176 0.604602510460251 0.7270588235294118 0.5271966527196652 0.7270588235294118 0.5292887029288702 0.7717647058823529 0.5564853556485355 0.7776470588235294
0 0.4518828451882845 0.868235294117647 0.4456066945606694 0.8658823529411764 0.4476987447698745 0.8717647058823529 0.4518828451882845 0.868235294117647
0 0.4623430962343096 0.6647058823529411 0.4539748953974895 0.6741176470588235 0.4539748953974895 0.7 0.4497907949790795 0.7094117647058823 0.4330543933054393 0.72 0.4330543933054393 0.7423529411764707 0.4393305439330543 0.8294117647058824 0.4539748953974895 0.851764705882353 0.4623430962343096 0.8529411764705882 0.47698744769874474 0.8400000000000001 0.4560669456066945 0.8305882352941177 0.4623430962343096 0.8247058823529411 0.47698744769874474 0.8235294117647058 0.48953974895397484 0.8141176470588235 0.48744769874476984 0.7988235294117647 0.4937238493723849 0.7929411764705883 0.497907949790795 0.7623529411764706 0.4937238493723849 0.7552941176470588 0.47489539748953974 0.7517647058823529 0.4728033472803347 0.7482352941176471 0.497907949790795 0.7435294117647059 0.5167364016736402 0.691764705882353 0.5167364016736402 0.6764705882352942 0.5083682008368201 0.6635294117647058 0.5209205020920502 0.6552941176470588 0.5230125523012552 0.6458823529411765 0.5209205020920502 0.6094117647058823 0.5271966527196652 0.6023529411764705 0.5334728033472803 0.548235294117647 0.5271966527196652 0.5117647058823529 0.5355648535564853 0.4964705882352941 0.5313807531380753 0.491764705882353 0.5230125523012552 0.49529411764705883 0.5209205020920502 0.49058823529411766 0.5313807531380753 0.4841176470588235 0.5251046025104602 0.48235294117647054 0.5313807531380753 0.4764705882352941 0.5188284518828452 0.4870588235294117 0.5167364016736402 0.5011764705882353 0.50418410041841 0.5047058823529411 0.502092050209205 0.5423529411764706 0.47907949790794974 0.5835294117647059 0.4728033472803347 0.6258823529411764 0.4581589958158996 0.6376470588235293 0.4560669456066945 0.6611764705882353 0.4623430962343096 0.6647058823529411
0 0.5188284518828452 0.851764705882353 0.5251046025104602 0.8529411764705882 0.5627615062761506 0.851764705882353 0.6820083682008369 0.8635294117647059 0.7092050209205021 0.8611764705882352 0.7259414225941423 0.8658823529411764 0.8744769874476986 0.8705882352941176 0.9351464435146444 0.876470588235294 0.9623430962343097 0.8729411764705881 0.9728033472803347 0.8400000000000001 0.9728033472803347 0.828235294117647 0.9581589958158995 0.82 0.9205020920502092 0.82 0.8765690376569036 0.8141176470588235 0.8158995815899581 0.8164705882352941 0.7949790794979079 0.8141176470588235 0.7887029288702928 0.8094117647058823 0.7803347280334727 0.8141176470588235 0.7405857740585773 0.8141176470588235 0.6317991631799164 0.8047058823529412 0.5878661087866108 0.8058823529411765 0.5627615062761506 0.8011764705882353 0.5251046025104602 0.8047058823529412 0.5167364016736402 0.8211764705882352 0.5146443514644352 0.8423529411764706 0.5188284518828452 0.851764705882353
0 0.8765690376569036 0.8 0.8807531380753139 0.7894117647058823 0.8744769874476986 0.7894117647058823 0.8765690376569036 0.8
0 0.4644351464435147 0.5047058823529411 0.4560669456066945 0.528235294117647 0.4707112970711297 0.5458823529411765 0.4707112970711297 0.5835294117647059 0.4916317991631799 0.5776470588235294 0.4958158995815899 0.5811764705882353 0.48953974895397484 0.588235294117647 0.50418410041841 0.5870588235294117 0.5104602510460251 0.591764705882353 0.5104602510460251 0.6058823529411764 0.5188284518828452 0.6 0.5271966527196652 0.6011764705882353 0.5334728033472803 0.5870588235294117 0.5376569037656903 0.4752941176470588 0.5313807531380753 0.43647058823529405 0.5230125523012552 0.4329411764705882 0.5313807531380753 0.4305882352941176 0.5209205020920502 0.42705882352941177 0.5313807531380753 0.4235294117647059 0.5230125523012552 0.4235294117647059 0.5313807531380753 0.4176470588235294 0.497907949790795 0.4329411764705882 0.4937238493723849 0.42823529411764705 0.47907949790794974 0.4258823529411765 0.47907949790794974 0.42000000000000004 0.48744769874476984 0.41529411764705887 0.47907949790794974 0.40823529411764703 0.48117154811715485 0.4176470588235294 0.4644351464435147 0.42705882352941177 0.4518828451882845 0.42470588235294116 0.4539748953974895 0.4835294117647059 0.4644351464435147 0.5047058823529411
0 0.9184100418410042 0.8670588235294117 0.912133891213389 0.8623529411764705 0.910041841004184 0.8658823529411764 0.9184100418410042 0.8670588235294117
0 0.72265625 0.85390625 0.00234375 0.00390625
0 0.88984375 0.85078125 0.00234375 0.0046875
0 0.7677824267782427 0.8564705882352941 0.7698744769874477 0.8505882352941176 0.7615062761506276 0.8482352941176471 0.7594142259414226 0.8552941176470588 0.7677824267782427 0.8564705882352941
0 0.7447698744769874 0.8388235294117647 0.7405857740585773 0.8364705882352942 0.7364016736401673 0.8494117647058823 0.7447698744769874 0.8388235294117647
0 0.5292887029288702 0.851764705882353 0.5564853556485355 0.851764705882353 0.5564853556485355 0.8447058823529412 0.5690376569037656 0.8400000000000001 0.5753138075313807 0.8270588235294116 0.5941422594142259 0.8235294117647058 0.606694560669456 0.828235294117647 0.5920502092050209 0.831764705882353 0.5962343096234309 0.8482352941176471 0.602510460251046 0.8435294117647059 0.608786610878661 0.8505882352941176 0.6171548117154811 0.8494117647058823 0.6213389121338911 0.8435294117647059 0.6380753138075314 0.8564705882352941 0.6443514644351465 0.8529411764705882 0.6589958158995816 0.8588235294117647 0.6652719665271967 0.8552941176470588 0.6778242677824268 0.8623529411764705 0.6945606694560669 0.851764705882353 0.698744769874477 0.8588235294117647 0.707112970711297 0.8588235294117647 0.7112970711297071 0.8482352941176471 0.7343096234309623 0.8329411764705883 0.7447698744769874 0.831764705882353 0.7573221757322175 0.8435294117647059 0.7594142259414226 0.8364705882352942 0.7656903765690377 0.8364705882352942 0.7824267782426778 0.8635294117647059 0.7907949790794978 0.8647058823529411 0.7928870292887029 0.8588235294117647 0.811715481171548 0.8576470588235294 0.8284518828451883 0.8458823529411765 0.8305439330543933 0.8647058823529411 0.8347280334728033 0.8623529411764705 0.8619246861924686 0.868235294117647 0.8702928870292886 0.8611764705882352 0.8765690376569036 0.8658823529411764 0.8765690376569036 0.8482352941176471 0.8828451882845189 0.8400000000000001 0.897489539748954 0.8341176470588236 0.9184100418410042 0.8447058823529412 0.9142259414225942 0.8541176470588235 0.9267782426778242 0.851764705882353 0.9288702928870294 0.8694117647058823 0.9351464435146444 0.8741176470588234 0.9518828451882845 0.8741176470588234 0.9602510460251045 0.868235294117647 0.9686192468619247 0.8376470588235294 0.9665271966527197 0.8270588235294116 0.9581589958158995 0.8211764705882352 0.9602510460251045 0.7964705882352942 0.9539748953974895 0.7894117647058823 0.9393305439330544 0.7858823529411765 0.9414225941422594 0.7705882352941177 0.9330543933054394 0.7611764705882352 0.8682008368200836 0.7611764705882352 0.8514644351464435 0.7670588235294118 0.8200836820083681 0.7576470588235293 0.7928870292887029 0.76 0.7447698744769874 0.7541176470588236 0.6631799163179916 0.7564705882352941 0.6297071129707112 0.7517647058823529 0.610878661087866 0.7552941176470588 0.604602510460251 0.7517647058823529 0.5857740585774058 0.7541176470588236 0.5585774058577406 0.7482352941176471 0.5313807531380753 0.7482352941176471 0.5188284518828452 0.7788235294117647 0.5167364016736402 0.8423529411764706 0.5292887029288702 0.851764705882353
0 0.5732217573221756 0.5317647058823529 0.598326359832636 0.528235294117647 0.6234309623430961 0.5317647058823529 0.6359832635983264 0.5258823529411765 0.6548117154811715 0.5294117647058824 0.6673640167364017 0.5270588235294118 0.6778242677824268 0.5176470588235295 0.6861924686192469 0.5247058823529411 0.6945606694560669 0.5188235294117647 0.7092050209205021 0.5223529411764706 0.7154811715481172 0.5188235294117647 0.7196652719665272 0.5223529411764706 0.7259414225941423 0.5176470588235295 0.7510460251046025 0.5176470588235295 0.7677824267782427 0.528235294117647 0.7949790794979079 0.5305882352941176 0.8200836820083681 0.528235294117647 0.8305439330543933 0.5223529411764706 0.8200836820083681 0.5 0.801255230125523 0.49411764705882355 0.5920502092050209 0.4964705882352941 0.5648535564853556 0.49764705882352944 0.5585774058577406 0.5035294117647059 0.5564853556485355 0.5247058823529411 0.5732217573221756 0.5317647058823529
0 0.50078125 0.54609375 0.00234375 0.0015625
0 0.4539748953974895 0.6764705882352942 0.4560669456066945 0.6964705882352942 0.4518828451882845 0.7082352941176471 0.4351464435146443 0.7176470588235294 0.4330543933054393 0.7423529411764707 0.4393305439330543 0.8705882352941176 0.4602510460251046 0.8835294117647059 0.4665271966527197 0.8776470588235293 0.4665271966527197 0.8647058823529411 0.4728033472803347 0.8623529411764705 0.47489539748953974 0.8447058823529412 0.48535564853556484 0.8352941176470589 0.4937238493723849 0.788235294117647 0.506276150627615 0.7670588235294118 0.506276150627615 0.7611764705882352 0.47907949790794974 0.7482352941176471 0.4916317991631799 0.7435294117647059 0.5 0.7447058823529412 0.5146443514644352 0.7047058823529412 0.5167364016736402 0.6776470588235294 0.5083682008368201 0.6635294117647058 0.5209205020920502 0.6552941176470588 0.5209205020920502 0.608235294117647 0.5313807531380753 0.5623529411764705 0.5188284518828452 0.5552941176470588 0.5313807531380753 0.5549023529411764 0.5313807531380753 0.5474505882352941 0.506276150627615 0.5470588235294118 0.506276150627615 0.5411764705882354 0.5104602510460251 0.5376470588235294 0.5313807531380753 0.54 0.5188284518828452 0.5329411764705883 0.5271966527196652 0.5294117647058824 0.5188284518828452 0.5247058823529411 0.5209205020920502 0.5152941176470589 0.48744769874476984 0.5705882352941176 0.4728033472803347 0.6294117647058823 0.4581589958158996 0.6423529411764706 0.4623430962343096 0.6647058823529411 0.4539748953974895 0.6764705882352942
0 0.690625 0.8796875 0.00390625 0.00625
0 0.5313807531380753 0.9305882352941177 0.5355648535564853 0.9458823529411765 0.5648535564853556 0.9670588235294117 0.5669456066945606 0.9847058823529412 0.5732217573221756 0.9905882352941177 0.5920502092050209 0.9894117647058824 0.5920502092050209 0.9941176470588236 0.6338912133891214 0.9894117647058824 0.6715481171548117 0.9952941176470589 0.6924686192468619 0.9929411764705882 0.7301255230125523 0.9964705882352941 0.7615062761506276 0.9929411764705882 0.7782426778242677 0.9988235294117647 0.811715481171548 0.9988235294117647 0.8200836820083681 0.9941176470588236 0.8305439330543933 0.9941176470588236 0.8389121338912133 0.9988235294117647 0.8577405857740585 0.9988235294117647 0.8619246861924686 0.9952941176470589 0.8723849372384936 0.9988235294117647 0.905857740585774 0.9905882352941177 0.903765690376569 0.9800000000000001 0.9163179916317992 0.9800000000000001 0.9205020920502092 0.976470588235294 0.9142259414225942 0.968235294117647 0.9163179916317992 0.9447058823529412 0.9267782426778242 0.9447058823529412 0.9205020920502092 0.9423529411764706 0.9225941422594142 0.9352941176470588 0.9309623430962344 0.931764705882353 0.9246861924686192 0.9294117647058824 0.9246861924686192 0.9129411764705881 0.9163179916317992 0.9023529411764706 0.8870292887029289 0.8929411764705882 0.8556485355648535 0.8929411764705882 0.8535564853556485 0.8988235294117647 0.8389121338912133 0.9011764705882352 0.8200836820083681 0.8894117647058823 0.7928870292887029 0.8882352941176471 0.7845188284518828 0.8964705882352941 0.7719665271966527 0.8941176470588236 0.7615062761506276 0.9011764705882352 0.7364016736401673 0.8835294117647059 0.7154811715481172 0.8823529411764707 0.705020920502092 0.8929411764705882 0.6924686192468619 0.8964705882352941 0.6757322175732218 0.8905882352941177 0.6736401673640167 0.8835294117647059 0.6464435146443515 0.8788235294117648 0.6171548117154811 0.8858823529411766 0.6150627615062761 0.8941176470588236 0.606694560669456 0.8964705882352941 0.5941422594142259 0.8905882352941177 0.598326359832636 0.8870588235294118 0.5920502092050209 0.8800000000000001 0.5669456066945606 0.876470588235294 0.5376569037656903 0.8952941176470588 0.5334728033472803 0.9094117647058824 0.5251046025104602 0.9129411764705881 0.5209205020920502 0.9270588235294117 0.5313807531380753 0.9305882352941177
0 0.4937238493723849 0.3917647058823529 0.5 0.3917647058823529 0.5 0.38 0.4937238493723849 0.38 0.4937238493723849 0.3917647058823529
0 0.5502092050209205 0.051764705882352935 0.5585774058577406 0.047058823529411764 0.5585774058577406 0.03882352941176471 0.5502092050209205 0.036470588235294116 0.5439330543933054 0.04 0.5418410041841004 0.04588235294117647 0.5502092050209205 0.051764705882352935
0 0.559375 0.01484375 0.00234375 0.0015625
0 0.4518828451882845 0.08 0.4497907949790795 0.08588235294117647 0.44142259414225943 0.08823529411764705 0.4497907949790795 0.09176470588235294 0.44142259414225943 0.1 0.4435146443514644 0.12352941176470589 0.4372384937238493 0.13176470588235295 0.4456066945606694 0.1788235294117647 0.4393305439330543 0.18823529411764706 0.44142259414225943 0.1988235294117647 0.4351464435146443 0.20235294117647057 0.4435146443514644 0.21176470588235294 0.44142259414225943 0.2235294117647059 0.4476987447698745 0.23411764705882354 0.4435146443514644 0.26588235294117646 0.4539748953974895 0.2858823529411765 0.4518828451882845 0.29647058823529415 0.4916317991631799 0.31529411764705884 0.48953974895397484 0.3247058823529412 0.5083682008368201 0.3305882352941176 0.502092050209205 0.33647058823529413 0.5083682008368201 0.3482352941176471 0.5209205020920502 0.3517647058823529 0.5292887029288702 0.34352941176470586 0.5355648535564853 0.35058823529411764 0.5460251046025104 0.3458823529411765 0.5502092050209205 0.3141176470588235 0.5460251046025104 0.19764705882352943 0.5543933054393305 0.16823529411764707 0.5439330543933054 0.1611764705882353 0.5439330543933054 0.14705882352941174 0.5564853556485355 0.1411764705882353 0.5627615062761506 0.1223529411764706 0.5397489539748953 0.11647058823529413 0.5418410041841004 0.10352941176470587 0.5334728033472803 0.0976470588235294 0.5397489539748953 0.09411764705882353 0.5104602510460251 0.10705882352941176 0.50418410041841 0.10352941176470587 0.5 0.08470588235294117 0.48953974895397484 0.08352941176470588 0.48535564853556484 0.06705882352941175 0.4958158995815899 0.0611764705882353 0.5209205020920502 0.06588235294117648 0.5334728033472803 0.057647058823529405 0.5313807531380753 0.042352941176470586 0.5230125523012552 0.03294117647058824 0.506276150627615 0.03058823529411765 0.5 0.018823529411764704 0.50418410041841 0.009411764705882352 0.5146443514644352 0.0058823529411764705 0.5313807531380753 0.009411764705882352 0.5564853556485355 0.00823529411764706 0.5564853556485355 0 0.5397489539748953 0 0.5355648535564853 0.0035294117647058825 0.5313807531380753 0 0.5125523012552301 0 0.502092050209205 0.004705882352941176 0.4539748953974895 0.0035294117647058825 0.4686192468619247 0.011764705882352941 0.4686192468619247 0.018823529411764704 0.4644351464435147 0.022352941176470586 0.4518828451882845 0.01647058823529412 0.4497907949790795 0.036470588235294116 0.4435146443514644 0.042352941176470586 0.4476987447698745 0.052941176470588235 0.4393305439330543 0.058823529411764705 0.44142259414225943 0.07176470588235294 0.4518828451882845 0.08
0 0.502092050209205 0.48588235294117643 0.4958158995815899 0.4835294117647059 0.4937238493723849 0.4894117647058824 0.502092050209205 0.48588235294117643
0 0.5 0.4329411764705882 0.5 0.4294117647058823 0.4937238493723849 0.4294117647058823 0.4916317991631799 0.4341176470588235 0.5 0.4329411764705882
0 0.4581589958158996 0.34470588235294114 0.4518828451882845 0.3376470588235294 0.4497907949790795 0.34941176470588237 0.4581589958158996 0.34470588235294114
0 0.453125 0.26875 0.00234375 0.00390625
0 0.48953974895397484 0.3341176470588235 0.47907949790794974 0.33647058823529413 0.4707112970711297 0.34470588235294114 0.47907949790794974 0.3776470588235294 0.4665271966527197 0.3835294117647059 0.4644351464435147 0.3905882352941176 0.4728033472803347 0.39294117647058824 0.48535564853556484 0.42705882352941177 0.4916317991631799 0.4235294117647059 0.5083682008368201 0.4235294117647059 0.5146443514644352 0.4294117647058823 0.5313807531380753 0.41529411764705887 0.5502092050209205 0.34470588235294114 0.5502092050209205 0.21058823529411766 0.5439330543933054 0.2 0.5251046025104602 0.20352941176470588 0.5104602510460251 0.19647058823529412 0.5167364016736402 0.20941176470588235 0.506276150627615 0.21058823529411766 0.50418410041841 0.22470588235294117 0.4958158995815899 0.22705882352941176 0.48326359832635984 0.2211764705882353 0.48535564853556484 0.2235294117647059 0.47907949790794974 0.2235294117647059 0.48326359832635984 0.24352941176470586 0.4937238493723849 0.25176470588235295 0.48117154811715485 0.27176470588235296 0.4728033472803347 0.2752941176470588 0.4707112970711297 0.29764705882352943 0.4707112970711297 0.3141176470588235 0.48953974895397484 0.3341176470588235
0 0.5397489539748953 0.7294117647058823 0.5502092050209205 0.7247058823529412 0.600418410041841 0.7258823529411764 0.6213389121338911 0.7341176470588235 0.6234309623430961 0.7447058823529412 0.6338912133891214 0.7364705882352941 0.6401673640167364 0.7388235294117647 0.6422594142259415 0.7305882352941176 0.6548117154811715 0.7341176470588235 0.6569037656903765 0.7458823529411764 0.6861924686192469 0.7505882352941177 0.7426778242677824 0.7494117647058823 0.8493723849372385 0.7541176470588236 0.8661087866108786 0.7517647058823529 0.8765690376569036 0.7458823529411764 0.901673640167364 0.7552941176470588 0.9246861924686192 0.7517647058823529 0.912133891213389 0.7352941176470588 0.9184100418410042 0.72 0.903765690376569 0.7047058823529412 0.8640167364016736 0.7047058823529412 0.8556485355648535 0.7011764705882353 0.8410041841004183 0.7047058823529412 0.8305439330543933 0.7 0.8326359832635983 0.6964705882352942 0.8263598326359831 0.7023529411764706 0.7489539748953975 0.7 0.7468619246861924 0.6964705882352942 0.7447698744769874 0.7 0.7196652719665272 0.7047058823529412 0.7092050209205021 0.6976470588235294 0.6945606694560669 0.7 0.6757322175732218 0.6964705882352942 0.6673640167364017 0.6823529411764706 0.6527196652719665 0.6788235294117647 0.6171548117154811 0.6799999999999999 0.600418410041841 0.6764705882352942 0.5418410041841004 0.6764705882352942 0.5313807531380753 0.6988235294117647 0.5313807531380753 0.7282352941176471 0.5397489539748953 0.7294117647058823
0 0.62265625 0.5796875 0.00234375 0.00234375
0 0.5878661087866108 0.5658823529411765 0.5941422594142259 0.5729411764705883 0.600418410041841 0.5658823529411765 0.610878661087866 0.5705882352941176 0.6317991631799164 0.5647058823529412 0.6401673640167364 0.5705882352941176 0.6443514644351465 0.5647058823529412 0.6589958158995816 0.5682352941176471 0.6589958158995816 0.5776470588235294 0.6736401673640167 0.5729411764705883 0.6861924686192469 0.5741176470588235 0.6945606694560669 0.58 0.7112970711297071 0.5658823529411765 0.7238493723849372 0.5658823529411765 0.7259414225941423 0.5811764705882353 0.7364016736401673 0.5823529411764705 0.7531380753138075 0.5776470588235294 0.7656903765690377 0.5811764705882353 0.7677824267782427 0.5611764705882353 0.7866108786610878 0.5682352941176471 0.801255230125523 0.5670588235294118 0.809623430962343 0.5611764705882353 0.8221757322175731 0.5647058823529412 0.8326359832635983 0.5811764705882353 0.8472803347280335 0.58 0.8263598326359831 0.5705882352941176 0.8430962343096233 0.5682352941176471 0.8472803347280335 0.5599999999999999 0.8263598326359831 0.5105882352941176 0.8200836820083681 0.5023529411764706 0.807531380753138 0.49764705882352944 0.7761506276150627 0.49764705882352944 0.7719665271966527 0.5011764705882353 0.7677824267782427 0.49764705882352944 0.7489539748953975 0.49764705882352944 0.7343096234309623 0.5011764705882353 0.7301255230125523 0.49764705882352944 0.707112970711297 0.49529411764705883 0.6882845188284519 0.5011764705882353 0.5690376569037656 0.5011764705882353 0.5543933054393305 0.5129411764705882 0.5523012552301255 0.5211764705882354 0.5543933054393305 0.5658823529411765 0.5878661087866108 0.5658823529411765
0 0.4456066945606694 0.043529411764705886 0.4560669456066945 0.05411764705882353 0.4497907949790795 0.05647058823529412 0.4518828451882845 0.07058823529411765 0.4665271966527197 0.07647058823529411 0.4623430962343096 0.09058823529411765 0.47907949790794974 0.10470588235294118 0.47698744769874474 0.16588235294117645 0.48326359832635984 0.18 0.4937238493723849 0.18588235294117647 0.5083682008368201 0.18941176470588234 0.5251046025104602 0.18823529411764706 0.5355648535564853 0.19411764705882353 0.5502092050209205 0.18588235294117647 0.5648535564853556 0.15529411764705883 0.5627615062761506 0.004705882352941176 0.5564853556485355 0 0.5104602510460251 0 0.5 0.004705882352941176 0.4686192468619247 0.0035294117647058825 0.4623430962343096 0 0.4497907949790795 0.002352941176470588 0.4539748953974895 0.01647058823529412 0.4456066945606694 0.043529411764705886
0 0.5418410041841004 0.851764705882353 0.5313807531380753 0.8505882352941176 0.5271966527196652 0.851764705882353 0.5418410041841004 0.851764705882353
0 0.62890625 0.82265625 0.00234375 0.00625
0 0.5313807531380753 0.8305882352941177 0.5334728033472803 0.8364705882352942 0.5397489539748953 0.8329411764705883 0.5564853556485355 0.8376470588235294 0.5648535564853556 0.8211764705882352 0.598326359832636 0.8211764705882352 0.6213389121338911 0.808235294117647 0.6359832635983264 0.808235294117647 0.6422594142259415 0.8152941176470587 0.6569037656903765 0.8188235294117646 0.6485355648535565 0.8235294117647058 0.6506276150627615 0.8270588235294116 0.6610878661087866 0.8247058823529411 0.6631799163179916 0.82 0.6569037656903765 0.8164705882352941 0.6673640167364017 0.8117647058823529 0.6882845188284519 0.8105882352941176 0.7238493723849372 0.8129411764705882 0.7364016736401673 0.8176470588235294 0.7573221757322175 0.8129411764705882 0.807531380753138 0.8152941176470587 0.8200836820083681 0.828235294117647 0.8284518828451883 0.8211764705882352 0.8430962343096233 0.8176470588235294 0.8619246861924686 0.82 0.8640167364016736 0.828235294117647 0.8870292887029289 0.8223529411764705 0.897489539748954 0.828235294117647 0.901673640167364 0.8235294117647058 0.9142259414225942 0.8223529411764705 0.9267782426778242 0.828235294117647 0.9288702928870294 0.8411764705882353 0.9351464435146444 0.8435294117647059 0.9393305439330544 0.8411764705882353 0.9309623430962344 0.8258823529411764 0.9414225941422594 0.8223529411764705 0.9435146443514644 0.828235294117647 0.9560669456066945 0.8294117647058824 0.9497907949790795 0.8235294117647058 0.9623430962343097 0.8152941176470587 0.9623430962343097 0.7964705882352942 0.9581589958158995 0.7894117647058823 0.9497907949790795 0.7870588235294117 0.8640167364016736 0.7858823529411765 0.8640167364016736 0.7929411764705883 0.8451882845188283 0.7976470588235294 0.8326359832635983 0.7835294117647058 0.8138075313807531 0.7835294117647058 0.805439330543933 0.7870588235294117 0.7698744769874477 0.7870588235294117 0.7573221757322175 0.7835294117647058 0.6652719665271967 0.7847058823529411 0.6359832635983264 0.7811764705882352 0.6150627615062761 0.7835294117647058 0.598326359832636 0.7788235294117647 0.5648535564853556 0.7788235294117647 0.5376569037656903 0.7741176470588236 0.5188284518828452 0.7788235294117647 0.5167364016736402 0.8247058823529411 0.5313807531380753 0.8305882352941177
0 0.528125 0.225 0.00234375 0.0046875
0 0.3609375 0.00703125 0.00234375 0.00234375
0 0.41213389121338906 0.0058823529411764705 0.40794979079497906 0.0035294117647058825 0.405857740585774 0.007058823529411765 0.41213389121338906 0.0058823529411764705
0 0.401673640167364 0.011764705882352941 0.3953974895397489 0.0035294117647058825 0.3933054393305439 0.01647058823529412 0.401673640167364 0.011764705882352941
0 0.5 0.004705882352941176 0.4728033472803347 0 0.4435146443514644 0 0.4435146443514644 0.0058823529411764705 0.4320083682008368 0 0.42050209205020916 0 0.4476987447698745 0.00823529411764706 0.4309623430962343 0.05529411764705883 0.4372384937238493 0.06941176470588235 0.4330543933054393 0.12588235294117647 0.44142259414225943 0.1788235294117647 0.4351464435146443 0.19176470588235295 0.4518828451882845 0.20235294117647057 0.4560669456066945 0.21294117647058824 0.4476987447698745 0.2235294117647059 0.4560669456066945 0.2211764705882353 0.4623430962343096 0.22705882352941176 0.4623430962343096 0.23176470588235293 0.4518828451882845 0.23411764705882354 0.4581589958158996 0.2376470588235294 0.4539748953974895 0.24705882352941178 0.47698744769874474 0.2564705882352941 0.48535564853556484 0.268235294117647 0.5083682008368201 0.25882352941176473 0.502092050209205 0.24823529411764705 0.5230125523012552 0.22823529411764704 0.5167364016736402 0.2164705882352941 0.5271966527196652 0.21294117647058824 0.5355648535564853 0.2176470588235294 0.5439330543933054 0.21294117647058824 0.5648535564853556 0.1588235294117647 0.5648535564853556 0.03176470588235294 0.5585774058577406 0 0.5104602510460251 0 0.5 0.004705882352941176
0 0.3671875 0.0015625 0.00234375 0.00234375