0 0.784375 0.5103448275862068 0.7953125 0.5155172413793103 0.825 0.5120689655172413 0.82421875 0.47586206896551725 0.81953125 0.46551724137931033 0.8203125 0.4603448275862069 0.82421875 0.4603448275862069 0.82734375 0.43275862068965515 0.825 0.41034482758620683 0.82734375 0.3655172413793103 0.825 0.3103448275862069 0.8203125 0.3017241379310345 0.7921875 0.29137931034482756 0.7875 0.3586206896551724 0.78828125 0.4603448275862069 0.784375 0.5103448275862068
0 0.821875 0.2517241379310345 0.8203125 0.25 0.8171875 0.2517241379310345 0.821875 0.2517241379310345
0 0.7921875 0.26379310344827583 0.79765625 0.2655172413793103 0.79453125 0.27413793103448275 0.7921875 0.27241379310344827 0.79453125 0.28620689655172415 0.7953125 0.2775862068965517 0.79765625 0.2793103448275862 0.79453125 0.27586206896551724 0.7984375 0.2655172413793103 0.79296875 0.25 0.79453125 0.2603448275862069 0.7921875 0.26379310344827583
0 0.43671875 0.4362068965517241 0.43828125 0.503448275862069 0.440625 0.5086206896551724 0.4734375 0.5086206896551724 0.47421875 0.21379310344827585 0.45703125 0.20689655172413796 0.44296875 0.2103448275862069 0.43828125 0.22241379310344828 0.4375 0.24655172413793106 0.43984375 0.3120689655172414 0.43671875 0.4362068965517241
0 0.47890625 0.5086206896551724 0.5109375 0.5086206896551724 0.51328125 0.48103448275862065 0.51328125 0.4051724137931035 0.51015625 0.37241379310344824 0.51015625 0.33793103448275863 0.4796875 0.3293103448275862 0.4765625 0.35172413793103446 0.4765625 0.503448275862069 0.47890625 0.5086206896551724
0 0.27890625 0.39655172413793105 0.28359375 0.3448275862068965 0.2828125 0.32241379310344825 0.2796875 0.3086206896551724 0.24765625 0.3017241379310345 0.24453125 0.31724137931034485 0.24453125 0.3948275862068965 0.27890625 0.39655172413793105
0 0.2765625 0.4734375 0.00234375 0.0015625
0 0.265625 0.47241379310344833 0.2640625 0.4706896551724138 0.2609375 0.47241379310344833 0.265625 0.47241379310344833
0 0.2796875 0.45517241379310347 0.2609375 0.45344827586206893 0.259375 0.45517241379310347 0.2796875 0.45517241379310347
0 0.246875 0.4379310344827586 0.2484375 0.4413793103448276 0.25625 0.43275862068965515 0.26328125 0.43275862068965515 0.26640625 0.43965517241379304 0.2703125 0.43965517241379304 0.271875 0.42931034482758623 0.28125 0.4275862068965517 0.28359375 0.3758620689655172 0.28203125 0.32241379310344825 0.2765625 0.3155172413793103 0.253125 0.3155172413793103 0.2515625 0.30689655172413793 0.2484375 0.30689655172413793 0.24453125 0.33620689655172414 0.24296875 0.3948275862068965 0.246875 0.4379310344827586
0 0.253125 0.506896551724138 0.2828125 0.5051724137931035 0.28203125 0.32068965517241377 0.27890625 0.3120689655172414 0.26484375 0.30344827586206896 0.24765625 0.30517241379310345 0.2453125 0.32068965517241377 0.2453125 0.5017241379310345 0.253125 0.506896551724138
0 0.6453125 0.506896551724138 0.6609375 0.5051724137931035 0.66328125 0.4931034482758621 0.6609375 0.47586206896551725 0.659375 0.48793103448275865 0.65 0.4862068965517241 0.6453125 0.49137931034482757 0.6453125 0.506896551724138
0 0.590625 0.5017241379310345 0.59296875 0.506896551724138 0.6265625 0.506896551724138 0.6296875 0.5 0.63046875 0.47586206896551725 0.628125 0.4637931034482759 0.628125 0.4275862068965517 0.63203125 0.41206896551724137 0.63515625 0.4137931034482759 0.62890625 0.4051724137931035 0.628125 0.3758620689655172 0.628125 0.3448275862068965 0.63125 0.3310344827586207 0.63046875 0.2103448275862069 0.61015625 0.20517241379310341 0.596875 0.20862068965517241 0.59453125 0.22413793103448273 0.59453125 0.31724137931034485 0.5921875 0.35 0.59296875 0.4896551724137931 0.590625 0.5017241379310345
0 0.753125 0.5137931034482759 0.78359375 0.5120689655172413 0.78515625 0.47413793103448276 0.78828125 0.45862068965517244 0.78515625 0.42586206896551726 0.78828125 0.3913793103448276 0.7875 0.3448275862068965 0.78984375 0.3258620689655172 0.7875 0.31724137931034485 0.790625 0.2793103448275862 0.790625 0.23275862068965517 0.78828125 0.2189655172413793 0.76171875 0.21551724137931033 0.75546875 0.2189655172413793 0.7515625 0.22931034482758622 0.753125 0.2896551724137931 0.74765625 0.41206896551724137 0.746875 0.5086206896551724 0.753125 0.5137931034482759
0 0.58828125 0.33448275862068966 0.58671875 0.3293103448275862 0.58515625 0.3310344827586207 0.58828125 0.33448275862068966
0 0.55390625 0.3017241379310345 0.55703125 0.3413793103448276 0.56015625 0.3310344827586207 0.55859375 0.3258620689655172 0.5640625 0.3310344827586207 0.5671875 0.3258620689655172 0.56875 0.33275862068965517 0.575 0.33448275862068966 0.578125 0.3310344827586207 0.5734375 0.32241379310344825 0.58984375 0.31724137931034485 0.59296875 0.27241379310344827 0.59140625 0.21551724137931033 0.58828125 0.2103448275862069 0.58203125 0.21206896551724136 0.578125 0.20517241379310341 0.5734375 0.2103448275862069 0.5703125 0.19655172413793104 0.5671875 0.20172413793103447 0.56640625 0.19827586206896552 0.565625 0.20517241379310341 0.56015625 0.20172413793103447 0.55625 0.2206896551724138 0.55390625 0.23275862068965517 0.55390625 0.3017241379310345
0 0.20234375 0.3155172413793103 0.19921875 0.3120689655172414 0.19765625 0.31724137931034485 0.20234375 0.3155172413793103
0 0.16796875 0.30517241379310345 0.2015625 0.30517241379310345 0.2046875 0.29310344827586204 0.20546875 0.25 0.20234375 0.19482758620689655 0.196875 0.1879310344827586 0.18125 0.1879310344827586 0.171875 0.1896551724137931 0.16484375 0.19827586206896552 0.165625 0.3 0.16796875 0.30517241379310345
0 0.55 0.35172413793103446 0.55234375 0.22758620689655173 0.54921875 0.2206896551724138 0.528125 0.2189655172413793 0.52109375 0.22586206896551725 0.51875 0.2206896551724138 0.51875 0.22758620689655173 0.51484375 0.23275862068965517 0.515625 0.35 0.55 0.35172413793103446
0 0.515625 0.2706896551724138 0.525 0.25862068965517243 0.55 0.2603448275862069 0.55234375 0.2551724137931034 0.55546875 0.2189655172413793 0.553125 0.20344827586206896 0.54375 0.2103448275862069 0.51484375 0.21379310344827585 0.51328125 0.23275862068965517 0.515625 0.2706896551724138
0 0.78125 0.5120689655172413 0.7875 0.44655172413793104 0.784375 0.4275862068965517 0.7859375 0.38275862068965516 0.7828125 0.3758620689655172 0.78515625 0.3689655172413793 0.7796875 0.36724137931034484 0.77890625 0.3620689655172414 0.784375 0.35517241379310344 0.76171875 0.35344827586206895 0.7609375 0.3396551724137931 0.75390625 0.3413793103448276 0.75625 0.34655172413793106 0.7515625 0.35344827586206895 0.74765625 0.41206896551724137 0.74765625 0.5103448275862068 0.78125 0.5120689655172413
0 0.7640625 0.3390625 0.00234375 0.0015625
0 0.75625 0.328125 0.003125 0.0015625
0 0.50859375 0.2896551724137931 0.51171875 0.3017241379310345 0.5125 0.2206896551724138 0.5078125 0.21206896551724136 0.496875 0.20517241379310341 0.4765625 0.20517241379310341 0.47734375 0.28793103448275864 0.50859375 0.2896551724137931
0 0.1421875 0.3 0.16171875 0.2982758620689655 0.16484375 0.2482758620689655 0.16171875 0.19310344827586207 0.14765625 0.1879310344827586 0.1328125 0.19482758620689655 0.12734375 0.20689655172413796 0.1296875 0.29482758620689653 0.1421875 0.3
0 0.63125 0.28620689655172415 0.6328125 0.23448275862068962 0.63046875 0.2103448275862069 0.5984375 0.2103448275862069 0.59453125 0.2189655172413793 0.5953125 0.29482758620689653 0.63125 0.28620689655172415
0 0.79375 0.26206896551724135 0.80078125 0.26379310344827583 0.8078125 0.2775862068965517 0.8171875 0.2775862068965517 0.8203125 0.2827586206896552 0.82890625 0.2793103448275862 0.83203125 0.25862068965517243 0.83125 0.22586206896551725 0.815625 0.21724137931034485 0.79453125 0.22241379310344828 0.79140625 0.22931034482758622 0.79375 0.26206896551724135
0 0.721875 0.32241379310344825 0.7484375 0.32068965517241377 0.75234375 0.30689655172413793 0.7515625 0.2206896551724138 0.7453125 0.21551724137931033 0.71953125 0.21551724137931033 0.71328125 0.22586206896551725 0.71328125 0.31724137931034485 0.721875 0.32241379310344825
0 0.240625 0.21875 0.00078125 0.003125
0 0.20625 0.19310344827586207 0.20625 0.2 0.21640625 0.20517241379310341 0.22578125 0.2 0.240625 0.20172413793103447 0.24765625 0.1896551724137931 0.25625 0.18448275862068966 0.25 0.17758620689655172 0.23203125 0.17413793103448277 0.20078125 0.17758620689655172 0.2 0.18448275862068966 0.20625 0.19310344827586207
0 0.5609375 0.506896551724138 0.5859375 0.506896551724138 0.590625 0.48275862068965514 0.5921875 0.20172413793103447 0.559375 0.19827586206896552 0.5546875 0.23448275862068962 0.553125 0.5017241379310345 0.5609375 0.506896551724138
0 0.825 0.5120689655172413 0.82265625 0.4637931034482759 0.82578125 0.44827586206896547 0.82109375 0.42931034482758623 0.81484375 0.4275862068965517 0.81015625 0.41724137931034483 0.790625 0.41724137931034483 0.7859375 0.4706896551724138 0.7859375 0.5137931034482759 0.825 0.5120689655172413
0 0.709375 0.23793103448275862 0.70859375 0.23448275862068962 0.70703125 0.23620689655172417 0.709375 0.23793103448275862
0 0.675 0.32068965517241377 0.71015625 0.31896551724137934 0.7125 0.30344827586206896 0.7125 0.2689655172413793 0.709375 0.25 0.7015625 0.24655172413793106 0.703125 0.23620689655172417 0.6921875 0.23448275862068962 0.68828125 0.2396551724137931 0.68671875 0.23448275862068962 0.6828125 0.2396551724137931 0.67734375 0.23448275862068962 0.68125 0.24482758620689654 0.6765625 0.25 0.67265625 0.27413793103448275 0.671875 0.30344827586206896 0.675 0.32068965517241377
0 0.61796875 0.42586206896551726 0.615625 0.4206896551724138 0.61484375 0.42931034482758623 0.61796875 0.42586206896551726
0 0.625 0.5086206896551724 0.62890625 0.503448275862069 0.6265625 0.4362068965517241 0.6078125 0.43275862068965515 0.60546875 0.4275862068965517 0.60703125 0.4224137931034483 0.5953125 0.41896551724137926 0.59140625 0.43965517241379304 0.590625 0.506896551724138 0.625 0.5086206896551724
0 0.784375 0.5120689655172413 0.82421875 0.5120689655172413 0.82421875 0.48275862068965514 0.82109375 0.4672413793103448 0.8265625 0.4241379310344827 0.825 0.4068965517241379 0.82734375 0.3603448275862069 0.82421875 0.31724137931034485 0.80234375 0.31724137931034485 0.8015625 0.3103448275862069 0.79296875 0.30689655172413793 0.78984375 0.3258620689655172 0.7875 0.38275862068965516 0.78828125 0.4603448275862069 0.784375 0.5120689655172413
0 0.40859375 0.5051724137931035 0.40703125 0.503448275862069 0.40390625 0.5051724137931035 0.40859375 0.5051724137931035
0 0.40078125 0.4517241379310345 0.403125 0.4637931034482759 0.40234375 0.4896551724137931 0.4046875 0.49482758620689654 0.41328125 0.496551724137931 0.43203125 0.49482758620689654 0.4359375 0.33275862068965517 0.434375 0.2189655172413793 0.4328125 0.21206896551724136 0.40703125 0.20344827586206896 0.403125 0.20689655172413796 0.4 0.2206896551724138 0.39921875 0.3896551724137931 0.40078125 0.4517241379310345
0 0.32265625 0.3137931034482758 0.3578125 0.31896551724137934 0.36015625 0.20862068965517241 0.35703125 0.19137931034482758 0.35390625 0.18448275862068966 0.34609375 0.18275862068965515 0.32734375 0.18275862068965515 0.321875 0.1879310344827586 0.3203125 0.19482758620689655 0.32265625 0.3137931034482758
0 0.35859375 0.506896551724138 0.3609375 0.5 0.3578125 0.45517241379310347 0.359375 0.43103448275862066 0.35703125 0.42931034482758623 0.35546875 0.4362068965517241 0.351171875 0.43103448275862066 0.34921875 0.4379310344827586 0.3453125 0.42931034482758623 0.32421875 0.4275862068965517 0.3234375 0.5051724137931035 0.35859375 0.506896551724138
0 0.65546875 0.3448275862068965 0.64609375 0.34310344827586203 0.6458767361111111 0.3435823754789272 0.65546875 0.3448275862068965
0 0.64375 0.34827586206896555 0.6458767361111111 0.3435823754789272 0.6421875 0.34310344827586203 0.64375 0.34827586206896555
0 0.646875 0.33448275862068966 0.64375 0.33275862068965517 0.64140625 0.33448275862068966 0.646875 0.33448275862068966
0 0.640625 0.32068965517241377 0.64296875 0.3293103448275862 0.66796875 0.33448275862068966 0.671875 0.30344827586206896 0.6734375 0.2396551724137931 0.6703125 0.21551724137931033 0.65546875 0.20689655172413796 0.63984375 0.20689655172413796 0.63671875 0.20862068965517241 0.63359375 0.2206896551724138 0.634375 0.31724137931034485 0.640625 0.32068965517241377
0 0.13203125 0.5 0.13984375 0.5051724137931035 0.165625 0.503448275862069 0.16796875 0.4706896551724138 0.165625 0.4362068965517241 0.16640625 0.36724137931034484 0.1625 0.3310344827586207 0.16484375 0.25862068965517243 0.1625 0.19482758620689655 0.1609375 0.1896551724137931 0.14453125 0.1896551724137931 0.12890625 0.2 0.128125 0.30689655172413793 0.13203125 0.5
0 0.28515625 0.28620689655172415 0.2828125 0.3 0.2828125 0.3931034482758621 0.28515625 0.503448275862069 0.3203125 0.5051724137931035 0.32265625 0.5017241379310345 0.32109375 0.20689655172413796 0.31875 0.19137931034482758 0.3140625 0.18448275862068966 0.28359375 0.18448275862068966 0.2828125 0.25862068965517243 0.28515625 0.28620689655172415
0 0.22265625 0.506896551724138 0.24296875 0.5051724137931035 0.24453125 0.46551724137931033 0.2421875 0.44827586206896547 0.24453125 0.44482758620689655 0.2453125 0.41206896551724137 0.2453125 0.4017241379310345 0.2421875 0.3931034482758621 0.24296875 0.33793103448275863 0.21171875 0.3293103448275862 0.20625 0.33275862068965517 0.2078125 0.5017241379310345 0.22265625 0.506896551724138
0 0.246875 0.23620689655172417 0.27890625 0.23620689655172417 0.28359375 0.21551724137931033 0.2828125 0.19827586206896552 0.278125 0.1896551724137931 0.24921875 0.1879310344827586 0.2453125 0.19482758620689655 0.24453125 0.22241379310344828 0.246875 0.23620689655172417
0 0.396875 0.506896551724138 0.39921875 0.4706896551724138 0.396875 0.38448275862068965 0.3984375 0.20172413793103447 0.3921875 0.1879310344827586 0.3625 0.18448275862068966 0.36015625 0.2189655172413793 0.3609375 0.503448275862069 0.396875 0.506896551724138
0 0.21796875 0.39827586206896554 0.240625 0.39655172413793105 0.24140625 0.35517241379310344 0.24453125 0.3448275862068965 0.24140625 0.30344827586206896 0.20625 0.3017241379310345 0.20625 0.3931034482758621 0.21796875 0.39827586206896554
0 0.25234375 0.506896551724138 0.28125 0.506896551724138 0.284375 0.503448275862069 0.28203125 0.39827586206896554 0.28359375 0.33620689655172414 0.28125 0.30344827586206896 0.2828125 0.20172413793103447 0.27578125 0.1896551724137931 0.2484375 0.19137931034482758 0.2453125 0.20689655172413796 0.24453125 0.23620689655172417 0.2453125 0.5017241379310345 0.25234375 0.506896551724138
0 0.14375 0.40344827586206894 0.13359375 0.4051724137931035 0.1328125 0.41034482758620683 0.14375 0.40344827586206894
0 0.1296875 0.33448275862068966 0.13046875 0.39655172413793105 0.14921875 0.39655172413793105 0.153125 0.4068965517241379 0.1640625 0.4086206896551724 0.16328125 0.4 0.16796875 0.3758620689655172 0.1625 0.3258620689655172 0.1640625 0.31724137931034485 0.153515625 0.3155172413793103 0.15078125 0.3103448275862069 0.153125 0.30344827586206896 0.14921875 0.3086206896551724 0.148046875 0.30344827586206896 0.14453125 0.3120689655172414 0.1421875 0.3017241379310345 0.1375 0.3017241379310345 0.13515625 0.3103448275862069 0.1328125 0.3017241379310345 0.13125 0.30344827586206896 0.13359375 0.3120689655172414 0.1296875 0.33448275862068966
0 0.4 0.4379310344827586 0.4 0.506896551724138 0.4359375 0.5086206896551724 0.43515625 0.41034482758620683 0.43203125 0.40344827586206894 0.42265625 0.4086206896551724 0.4109375 0.4051724137931035 0.40546875 0.41724137931034483 0.40078125 0.41896551724137926 0.403125 0.4275862068965517 0.4 0.4379310344827586
0 0.81484375 0.5155172413793103 0.8234375 0.5103448275862068 0.821875 0.46551724137931033 0.82578125 0.45 0.8234375 0.38448275862068965 0.78984375 0.38275862068965516 0.7921875 0.3931034482758621 0.7875 0.4137931034482759 0.7875 0.4603448275862069 0.78515625 0.47586206896551725 0.7859375 0.5137931034482759 0.81484375 0.5155172413793103
0 0.78359375 0.5103448275862068 0.784375 0.4672413793103448 0.7875 0.45344827586206893 0.7859375 0.4413793103448276 0.7828125 0.4362068965517241 0.753125 0.4362068965517241 0.74765625 0.4431034482758621 0.746875 0.5103448275862068 0.78359375 0.5103448275862068
0 0.615625 0.2827586206896552 0.6171875 0.28793103448275864 0.6203125 0.2844827586206896 0.6125 0.2810344827586207 0.6125 0.28793103448275864 0.615625 0.2827586206896552
0 0.5984375 0.2793103448275862 0.5953125 0.2827586206896552 0.59609375 0.2896551724137931 0.60078125 0.28793103448275864 0.6015625 0.27413793103448275 0.62734375 0.27413793103448275 0.63046875 0.2844827586206896 0.63125 0.2482758620689655 0.63359375 0.2396551724137931 0.63125 0.20862068965517241 0.59921875 0.20517241379310341 0.59453125 0.21379310344827585 0.59453125 0.2706896551724138 0.5984375 0.2793103448275862
0 0.47421875 0.27413793103448275 0.47578125 0.23793103448275862 0.4734375 0.20862068965517241 0.4390625 0.2103448275862069 0.4390625 0.27241379310344827 0.47421875 0.27413793103448275
0 0.76875 0.2551724137931034 0.7890625 0.25689655172413794 0.79453125 0.22413793103448273 0.7875 0.21551724137931033 0.77109375 0.2103448275862069 0.7546875 0.21551724137931033 0.7515625 0.22241379310344828 0.7546875 0.26206896551724135 0.76875 0.2551724137931034
0 0.6265625 0.506896551724138 0.62890625 0.4931034482758621 0.6296875 0.44655172413793104 0.62734375 0.43275862068965515 0.6296875 0.4137931034482759 0.6265625 0.39655172413793105 0.62421875 0.4 0.6171875 0.3913793103448276 0.59453125 0.3931034482758621 0.59140625 0.4241379310344827 0.590625 0.5051724137931035 0.6265625 0.506896551724138
0 0.48046875 0.3578125 0.0015625 0.0015625
0 0.48671875 0.3413793103448276 0.4859375 0.34655172413793106 0.48359375 0.3448275862068965 0.48515625 0.35172413793103446 0.48203125 0.35517241379310344 0.48515625 0.35517241379310344 0.4859375 0.3620689655172414 0.48828125 0.35517241379310344 0.490234375 0.3620689655172414 0.5109375 0.3568965517241379 0.5140625 0.30517241379310345 0.51171875 0.2206896551724138 0.50859375 0.21379310344827585 0.4953125 0.20517241379310341 0.48125 0.20517241379310341 0.4765625 0.22758620689655173 0.47734375 0.33275862068965517 0.48671875 0.3413793103448276
0 0.20703125 0.29655172413793107 0.2234375 0.30344827586206896 0.23984375 0.3017241379310345 0.24453125 0.2517241379310345 0.24453125 0.19482758620689655 0.22890625 0.18620689655172412 0.2109375 0.18620689655172412 0.2046875 0.19655172413793104 0.2046875 0.26724137931034486 0.20703125 0.29655172413793107
0 0.73046875 0.5120689655172413 0.73203125 0.503448275862069 0.734375 0.5120689655172413 0.7375 0.503448275862069 0.73828125 0.5120689655172413 0.7421875 0.5103448275862068 0.740625 0.5051724137931035 0.7453125 0.48275862068965514 0.746875 0.45344827586206893 0.74609375 0.4 0.715625 0.3948275862068965 0.7109375 0.4 0.7125 0.4068965517241379 0.709375 0.41206896551724137 0.70859375 0.42586206896551726 0.709375 0.5086206896551724 0.73046875 0.5120689655172413
0 0.74375 0.38620689655172413 0.73359375 0.38448275862068965 0.73125 0.38620689655172413 0.74375 0.38620689655172413
0 0.7234375 0.3896551724137931 0.71875 0.3810344827586207 0.71328125 0.3793103448275862 0.71328125 0.3896551724137931 0.7234375 0.3896551724137931
0 0.7203125 0.37758620689655176 0.73671875 0.3706896551724138 0.74453125 0.37758620689655176 0.7453125 0.3689655172413793 0.715625 0.3689655172413793 0.7203125 0.37758620689655176
0 0.715625 0.3578125 0.00234375 0.0015625
0 0.54296875 0.36379310344827587 0.54296875 0.34827586206896555 0.5390625 0.34655172413793106 0.53671875 0.3568965517241379 0.54296875 0.36379310344827587
0 0.53515625 0.33448275862068966 0.5265625 0.33275862068965517 0.52578125 0.33793103448275863 0.53515625 0.33448275862068966
0 0.50625 0.41724137931034483 0.5078125 0.4275862068965517 0.51171875 0.43103448275862066 0.509375 0.4241379310344827 0.51171875 0.4206896551724138 0.5140625 0.3913793103448276 0.51328125 0.32241379310344825 0.47890625 0.32068965517241377 0.47578125 0.3413793103448276 0.47734375 0.41034482758620683 0.50625 0.41724137931034483
0 0.13984375 0.5051724137931035 0.165625 0.503448275862069 0.16796875 0.46896551724137925 0.16484375 0.42586206896551726 0.14921875 0.42586206896551726 0.14921875 0.41034482758620683 0.1484375 0.4224137931034483 0.140625 0.41896551724137926 0.14296875 0.41034482758620683 0.13515625 0.4224137931034483 0.1328125 0.41724137931034483 0.1328125 0.5 0.13984375 0.5051724137931035
0 0.35625 0.506896551724138 0.36015625 0.503448275862069 0.3609375 0.47586206896551725 0.3609375 0.3758620689655172 0.35859375 0.33620689655172414 0.36015625 0.20172413793103447 0.353125 0.18275862068965515 0.33046875 0.1810344827586207 0.321875 0.1879310344827586 0.3234375 0.503448275862069 0.35625 0.506896551724138
0 0.70703125 0.5086206896551724 0.70703125 0.49827586206896546 0.7046875 0.49482758620689654 0.70703125 0.46896551724137925 0.70390625 0.4275862068965517 0.69375 0.4206896551724138 0.67421875 0.4241379310344827 0.67265625 0.42931034482758623 0.67578125 0.4379310344827586 0.67109375 0.44482758620689655 0.66875 0.5086206896551724 0.70703125 0.5086206896551724
0 0.5125 0.5086206896551724 0.5125 0.4068965517241379 0.50625 0.40344827586206894 0.49765625 0.4086206896551724 0.49140625 0.40344827586206894 0.47734375 0.41034482758620683 0.4765625 0.506896551724138 0.5125 0.5086206896551724
0 0.31015625 0.3120689655172414 0.30390625 0.3086206896551724 0.303125 0.3120689655172414 0.31015625 0.3120689655172414
0 0.2859375 0.30689655172413793 0.3140625 0.30517241379310345 0.3171875 0.3120689655172414 0.321875 0.2827586206896552 0.32109375 0.20862068965517241 0.31796875 0.19137931034482758 0.31328125 0.18620689655172412 0.2828125 0.1879310344827586 0.28359375 0.3017241379310345 0.2859375 0.30689655172413793
0 0.43515625 0.5086206896551724 0.4359375 0.41551724137931034 0.43203125 0.39655172413793105 0.42421875 0.39655172413793105 0.42109375 0.4051724137931035 0.4109375 0.3948275862068965 0.40390625 0.41551724137931034 0.40078125 0.41551724137931034 0.4015625 0.506896551724138 0.43515625 0.5086206896551724
0 0.13125 0.34375 0.00234375 0.0015625
0 0.1296875 0.33275862068965517 0.1609375 0.3310344827586207 0.16484375 0.29482758620689653 0.16484375 0.23275862068965517 0.16171875 0.19310344827586207 0.1453125 0.1896551724137931 0.1296875 0.19827586206896552 0.12734375 0.20862068965517241 0.1296875 0.33275862068965517
0 0.82421875 0.4706896551724138 0.82578125 0.5120689655172413 0.85859375 0.5155172413793103 0.86015625 0.4672413793103448 0.8625 0.4568965517241379 0.86015625 0.43275862068965515 0.86328125 0.4241379310344827 0.86171875 0.4051724137931035 0.86484375 0.3931034482758621 0.8625 0.37241379310344824 0.83125 0.3620689655172414 0.8265625 0.41034482758620683 0.828125 0.4224137931034483 0.82421875 0.4706896551724138
0 0.31953125 0.506896551724138 0.3234375 0.5017241379310345 0.3234375 0.48103448275862065 0.3203125 0.47241379310344833 0.321875 0.45 0.31875 0.42931034482758623 0.3078125 0.4344827586206897 0.28515625 0.42931034482758623 0.2859375 0.5051724137931035 0.31953125 0.506896551724138
0 0.76953125 0.4206896551724138 0.76640625 0.41896551724137926 0.76484375 0.4206896551724138 0.76953125 0.4206896551724138
0 0.75 0.4224137931034483 0.76953125 0.41206896551724137 0.7828125 0.41206896551724137 0.7859375 0.4068965517241379 0.78828125 0.3689655172413793 0.7859375 0.32241379310344825 0.753125 0.32241379310344825 0.75 0.3275862068965517 0.7484375 0.34655172413793106 0.74765625 0.4086206896551724 0.75 0.4224137931034483
0 0.78203125 0.5120689655172413 0.784375 0.4672413793103448 0.7875 0.45344827586206893 0.78515625 0.43103448275862066 0.78515625 0.3258620689655172 0.753125 0.32413793103448274 0.75390625 0.33793103448275863 0.7515625 0.3413793103448276 0.75078125 0.3793103448275862 0.7484375 0.38620689655172413 0.74765625 0.5103448275862068 0.78203125 0.5120689655172413
0 0.553125 0.5017241379310345 0.55703125 0.506896551724138 0.5875 0.506896551724138 0.59140625 0.47413793103448276 0.58828125 0.4224137931034483 0.5875 0.43275862068965515 0.58515625 0.4344827586206897 0.58203125 0.43275862068965515 0.58125 0.4224137931034483 0.55625 0.4241379310344827 0.553125 0.4379310344827586 0.553125 0.5017241379310345
0 0.78984375 0.3689655172413793 0.7921875 0.37241379310344824 0.78828125 0.38275862068965516 0.7890625 0.42586206896551726 0.79453125 0.4241379310344827 0.79375 0.41896551724137926 0.7984375 0.4137931034482759 0.8015625 0.41551724137931034 0.8015625 0.4241379310344827 0.8078125 0.4206896551724138 0.81796875 0.4275862068965517 0.825 0.42586206896551726 0.8234375 0.41034482758620683 0.82578125 0.39827586206896554 0.82578125 0.3586206896551724 0.79375 0.35517241379310344 0.79296875 0.36379310344827587 0.7890625 0.35517241379310344 0.79140625 0.36724137931034484 0.78984375 0.3689655172413793
0 0.675 0.35 0.678125 0.33448275862068966 0.6875 0.33620689655172414 0.6890625 0.34310344827586203 0.684375 0.34827586206896555 0.69296875 0.35 0.69375 0.3396551724137931 0.696875 0.3413793103448276 0.696875 0.35 0.709375 0.34827586206896555 0.71171875 0.33275862068965517 0.71015625 0.3103448275862069 0.70234375 0.30344827586206896 0.709375 0.29655172413793107 0.70703125 0.2896551724137931 0.709375 0.2827586206896552 0.7078125 0.26724137931034486 0.6765625 0.26379310344827583 0.6734375 0.29310344827586204 0.671875 0.32413793103448274 0.675 0.35
0 0.365625 0.506896551724138 0.396875 0.506896551724138 0.3984375 0.42931034482758623 0.396875 0.3896551724137931 0.39375 0.3793103448275862 0.396875 0.3689655172413793 0.39375 0.3586206896551724 0.39453125 0.33793103448275863 0.37734375 0.33793103448275863 0.3765625 0.34310344827586203 0.36953125 0.33793103448275863 0.37109375 0.34827586206896555 0.36796875 0.35 0.36796875 0.35517241379310344 0.3625 0.35172413793103446 0.3609375 0.5 0.365625 0.506896551724138
0 0.55 0.506896551724138 0.55 0.4206896551724138 0.54453125 0.41896551724137926 0.54609375 0.4137931034482759 0.540625 0.4068965517241379 0.515625 0.41206896551724137 0.51484375 0.506896551724138 0.55 0.506896551724138
0 0.78515625 0.49482758620689654 0.78203125 0.5103448275862068 0.784375 0.5137931034482759 0.8578125 0.5155172413793103 0.86015625 0.5103448275862068 0.8578125 0.49137931034482757 0.8609375 0.45862068965517244 0.859375 0.4413793103448276 0.8625 0.42586206896551726 0.8625 0.3758620689655172 0.85703125 0.3706896551724138 0.84296875 0.37241379310344824 0.83984375 0.3810344827586207 0.834375 0.3689655172413793 0.8359375 0.3620689655172414 0.8328125 0.3655172413793103 0.828125 0.3603448275862069 0.81796875 0.37241379310344824 0.81640625 0.3689655172413793 0.81328125 0.3810344827586207 0.80234375 0.3793103448275862 0.80234375 0.3689655172413793 0.78984375 0.3689655172413793 0.79296875 0.3793103448275862 0.78984375 0.38275862068965516 0.7875 0.4362068965517241 0.78359375 0.44482758620689655 0.7859375 0.45 0.78515625 0.49482758620689654
0 0.65078125 0.4931034482758621 0.65 0.4896551724137931 0.6484375 0.49137931034482757 0.65078125 0.4931034482758621
0 0.6609375 0.4844827586206897 0.66171875 0.4775862068965517 0.659375 0.4775862068965517 0.6609375 0.4844827586206897
0 0.65546875 0.47586206896551725 0.64140625 0.47413793103448276 0.6390625 0.47586206896551725 0.65546875 0.47586206896551725
0 0.590625 0.503448275862069 0.6265625 0.503448275862069 0.6296875 0.46896551724137925 0.63515625 0.4672413793103448 0.6265625 0.4637931034482759 0.62734375 0.4275862068965517 0.63203125 0.41551724137931034 0.62890625 0.4068965517241379 0.628125 0.3758620689655172 0.6296875 0.31896551724137934 0.60859375 0.32068965517241377 0.60234375 0.31724137931034485 0.5984375 0.30517241379310345 0.5953125 0.30689655172413793 0.59140625 0.4068965517241379 0.59296875 0.49137931034482757 0.590625 0.503448275862069
0 0.1671875 0.43965517241379304 0.16953125 0.5 0.17734375 0.5051724137931035 0.203125 0.5051724137931035 0.20625 0.5 0.2078125 0.47241379310344833 0.20546875 0.3689655172413793 0.203125 0.3586206896551724 0.20546875 0.35172413793103446 0.2046875 0.33620689655172414 0.16796875 0.33275862068965517 0.16953125 0.3931034482758621 0.1671875 0.43965517241379304
0 0.40078125 0.32413793103448274 0.4109375 0.31896551724137934 0.4328125 0.31896551724137934 0.4359375 0.3017241379310345 0.434375 0.29310344827586204 0.43671875 0.27241379310344827 0.43671875 0.23620689655172417 0.43359375 0.21551724137931033 0.42578125 0.20862068965517241 0.40703125 0.20517241379310341 0.4 0.2206896551724138 0.3984375 0.24137931034482757 0.40078125 0.32413793103448274
0 0.55625 0.3155172413793103 0.58828125 0.31724137931034485 0.59140625 0.30344827586206896 0.59296875 0.27413793103448275 0.59140625 0.22413793103448273 0.58515625 0.21724137931034485 0.56015625 0.21551724137931033 0.5546875 0.23103448275862068 0.55390625 0.3 0.55625 0.3155172413793103
0 0.1328125 0.5 0.16484375 0.503448275862069 0.16796875 0.44655172413793104 0.1640625 0.39827586206896554 0.1328125 0.39655172413793105 0.13046875 0.4137931034482759 0.1328125 0.5
0 0.44140625 0.5051724137931035 0.4671875 0.5086206896551724 0.46796875 0.5017241379310345 0.4734375 0.49482758620689654 0.47421875 0.48275862068965514 0.475 0.4137931034482759 0.4734375 0.35172413793103446 0.46953125 0.34827586206896555 0.47109375 0.33793103448275863 0.45625 0.3310344827586207 0.4421875 0.33275862068965517 0.43828125 0.3689655172413793 0.43671875 0.4431034482758621 0.44140625 0.5051724137931035
0 0.24375 0.29310344827586204 0.24765625 0.3137931034482758 0.2515625 0.30517241379310345 0.2609375 0.3137931034482758 0.265625 0.3137931034482758 0.26640625 0.30689655172413793 0.26953125 0.30517241379310345 0.27890625 0.3155172413793103 0.28359375 0.2827586206896552 0.2828125 0.20517241379310341 0.28046875 0.19655172413793104 0.27421875 0.1896551724137931 0.25078125 0.1896551724137931 0.246875 0.19482758620689655 0.24453125 0.20689655172413796 0.24609375 0.21551724137931033 0.24375 0.29310344827586204
0 0.4359375 0.5086206896551724 0.43515625 0.21724137931034485 0.43203125 0.2103448275862069 0.40625 0.20344827586206896 0.40234375 0.20862068965517241 0.4 0.2206896551724138 0.4 0.506896551724138 0.4359375 0.5086206896551724
0 0.78671875 0.32413793103448274 0.78984375 0.26206896551724135 0.75390625 0.2603448275862069 0.75234375 0.2655172413793103 0.7515625 0.32068965517241377 0.78671875 0.32413793103448274
0 0.34765625 0.23275862068965517 0.3390625 0.22931034482758622 0.3359375 0.23275862068965517 0.34765625 0.23275862068965517
0 0.32421875 0.23448275862068962 0.33046875 0.23275862068965517 0.33046875 0.2206896551724138 0.3515625 0.22241379310344828 0.35703125 0.23275862068965517 0.36015625 0.19482758620689655 0.35625 0.18448275862068966 0.3453125 0.1793103448275862 0.3203125 0.18448275862068966 0.31953125 0.19827586206896552 0.32421875 0.23448275862068962
0 0.51171875 0.21379310344827585 0.515625 0.22758620689655173 0.53203125 0.2189655172413793 0.5515625 0.2206896551724138 0.55625 0.20517241379310341 0.5546875 0.19827586206896552 0.5484375 0.19655172413793104 0.50234375 0.19827586206896552 0.5015625 0.20344827586206896 0.51171875 0.21379310344827585
0 0.2625 0.4896551724137931 0.265625 0.48275862068965514 0.26796875 0.4896551724137931 0.2765625 0.4862068965517241 0.2640625 0.48103448275862065 0.26015625 0.48793103448275865 0.2625 0.4896551724137931
0 0.246875 0.42931034482758623 0.25234375 0.43275862068965515 0.28046875 0.4275862068965517 0.28359375 0.34655172413793106 0.28046875 0.30344827586206896 0.26640625 0.29310344827586204 0.24765625 0.29482758620689653 0.24453125 0.3 0.24375 0.3948275862068965 0.246875 0.42931034482758623
0 0.2640625 0.28620689655172415 0.25625 0.2844827586206896 0.25703125 0.2896551724137931 0.2640625 0.28620689655172415
0 0.115625 0.290625 0.0015625 0.0015625
0 0.03359375 0.44482758620689655 0.05390625 0.45 0.05625 0.44482758620689655 0.053125 0.32413793103448274 0.05390625 0.26206896551724135 0.05 0.25689655172413794 0.03046875 0.2603448275862069 0.03046875 0.3758620689655172 0.03359375 0.44482758620689655
0 0.440625 0.31896551724137934 0.46328125 0.3258620689655172 0.46796875 0.32068965517241377 0.4703125 0.3137931034482758 0.46875 0.3103448275862069 0.47421875 0.30517241379310345 0.475 0.23620689655172417 0.47265625 0.2206896551724138 0.45546875 0.20862068965517241 0.44375 0.21379310344827585 0.43828125 0.22413793103448273 0.4375 0.27413793103448275 0.440625 0.31896551724137934
0 0.7203125 0.4775862068965517 0.73046875 0.47241379310344833 0.71796875 0.4706896551724138 0.71640625 0.47413793103448276 0.7203125 0.4775862068965517
0 0.7203125 0.4206896551724138 0.73203125 0.41724137931034483 0.7203125 0.41551724137931034 0.7203125 0.4206896551724138
0 0.66796875 0.506896551724138 0.70078125 0.5120689655172413 0.71796875 0.5051724137931035 0.71953125 0.5103448275862068 0.73359375 0.5103448275862068 0.7359375 0.5017241379310345 0.734375 0.4931034482758621 0.74140625 0.48793103448275865 0.7296875 0.48103448275862065 0.71015625 0.48103448275862065 0.709375 0.43965517241379304 0.71171875 0.4 0.70859375 0.3793103448275862 0.7109375 0.3706896551724138 0.71015625 0.34655172413793106 0.7125 0.3310344827586207 0.71015625 0.32413793103448274 0.7125 0.30517241379310345 0.71171875 0.2603448275862069 0.71484375 0.24137931034482757 0.71015625 0.2189655172413793 0.68203125 0.21379310344827585 0.675 0.22241379310344828 0.675 0.33448275862068966 0.671875 0.3568965517241379 0.671875 0.40344827586206894 0.66953125 0.41551724137931034 0.6703125 0.48275862068965514 0.66796875 0.506896551724138
0 0.66953125 0.3896551724137931 0.66875 0.34310344827586203 0.67109375 0.33793103448275863 0.67109375 0.3258620689655172 0.63984375 0.3155172413793103 0.6375 0.30689655172413793 0.6328125 0.31896551724137934 0.6328125 0.3931034482758621 0.66953125 0.3896551724137931
0 0.1328125 0.5 0.14296875 0.5051724137931035 0.16484375 0.503448275862069 0.16796875 0.47241379310344833 0.1671875 0.41724137931034483 0.16484375 0.36379310344827587 0.16015625 0.3568965517241379 0.16484375 0.35172413793103446 0.1609375 0.34655172413793106 0.1421875 0.34655172413793106 0.140625 0.3568965517241379 0.137109375 0.34827586206896555 0.1328125 0.34827586206896555 0.1296875 0.39655172413793105 0.1328125 0.5
0 0.63046875 0.27241379310344827 0.63046875 0.20862068965517241 0.59765625 0.20517241379310341 0.5953125 0.2103448275862069 0.5953125 0.27241379310344827 0.63046875 0.27241379310344827
0 0.20859375 0.30689655172413793 0.20625 0.3120689655172414 0.20703125 0.3275862068965517 0.23359375 0.33448275862068966 0.240625 0.3310344827586207 0.24453125 0.26379310344827583 0.24453125 0.19827586206896552 0.23125 0.1879310344827586 0.209375 0.1879310344827586 0.20546875 0.19655172413793104 0.2046875 0.2810344827586207 0.20859375 0.30689655172413793
0 0.6546875 0.5051724137931035 0.65078125 0.503448275862069 0.64765625 0.506896551724138 0.6546875 0.5051724137931035
0 0.64140625 0.4015625 0.0015625 0.003125
0 0.5953125 0.496551724137931 0.59375 0.503448275862069 0.59609375 0.506896551724138 0.59609375 0.5 0.60026015625 0.506896551724138 0.62109375 0.506896551724138 0.63125 0.48793103448275865 0.63671875 0.49482758620689654 0.65 0.496551724137931 0.6609375 0.496551724137931 0.6640625 0.4896551724137931 0.66484375 0.4344827586206897 0.66796875 0.42586206896551726 0.6640625 0.41724137931034483 0.66484375 0.41034482758620683 0.6296875 0.41034482758620683 0.6234375 0.3931034482758621 0.625 0.3793103448275862 0.61953125 0.3706896551724138 0.62265625 0.3655172413793103 0.615625 0.3603448275862069 0.61484375 0.35517241379310344 0.61796875 0.35172413793103446 0.61015625 0.34827586206896555 0.60703125 0.33620689655172414 0.59609375 0.33793103448275863 0.5984375 0.34655172413793106 0.59453125 0.35517241379310344 0.59609375 0.37241379310344824 0.5921875 0.41724137931034483 0.5921875 0.47586206896551725 0.5953125 0.496551724137931
0 0.28984375 0.506896551724138 0.32109375 0.5051724137931035 0.32265625 0.36724137931034484 0.31796875 0.30689655172413793 0.315625 0.30344827586206896 0.3125 0.3137931034482758 0.3109375 0.30517241379310345 0.30703125 0.30517241379310345 0.30234375 0.3137931034482758 0.303125 0.30517241379310345 0.2859375 0.30344827586206896 0.28359375 0.3310344827586207 0.28515625 0.5017241379310345 0.28984375 0.506896551724138
0 0.478125 0.5051724137931035 0.5109375 0.506896551724138 0.5140625 0.4086206896551724 0.509375 0.3396551724137931 0.49453125 0.33275862068965517 0.47890625 0.33620689655172414 0.47578125 0.38275862068965516 0.475 0.4431034482758621 0.478125 0.5051724137931035
0 0.78203125 0.3310344827586207 0.7796875 0.3258620689655172 0.77109375 0.3293103448275862 0.76953125 0.3310344827586207 0.78203125 0.3310344827586207
0 0.78203125 0.5120689655172413 0.784375 0.47241379310344833 0.78828125 0.4517241379310345 0.7859375 0.42931034482758623 0.7875 0.38620689655172413 0.7859375 0.3689655172413793 0.78203125 0.3655172413793103 0.78671875 0.3586206896551724 0.7859375 0.35344827586206895 0.77890625 0.34827586206896555 0.78125 0.33793103448275863 0.7796875 0.3413793103448276 0.778125 0.33620689655172414 0.76796875 0.33620689655172414 0.76796875 0.3293103448275862 0.76484375 0.3258620689655172 0.76171875 0.33448275862068966 0.759765625 0.3258620689655172 0.7546875 0.3258620689655172 0.75390625 0.3310344827586207 0.75703125 0.33620689655172414 0.75234375 0.3413793103448276 0.75234375 0.3655172413793103 0.7484375 0.38620689655172413 0.74765625 0.5103448275862068 0.78203125 0.5120689655172413
0 0.66796875 0.4137931034482759 0.6703125 0.4224137931034483 0.6703125 0.48275862068965514 0.66796875 0.506896551724138 0.68359375 0.5120689655172413 0.70625 0.5103448275862068 0.7046875 0.4931034482758621 0.70703125 0.4844827586206897 0.709375 0.41724137931034483 0.7078125 0.37413793103448273 0.7109375 0.3568965517241379 0.7109375 0.3275862068965517 0.70078125 0.32068965517241377 0.69921875 0.30689655172413793 0.68984375 0.30689655172413793 0.6859375 0.31896551724137934 0.67421875 0.32241379310344825 0.67109375 0.3586206896551724 0.671875 0.40344827586206894 0.66796875 0.4137931034482759
0 0.678125 0.3137931034482758 0.684375 0.3137931034482758 0.6828125 0.30689655172413793 0.67734375 0.3120689655172414 0.67578125 0.30689655172413793 0.675 0.3103448275862069 0.678125 0.3137931034482758
0 0.675 0.3017241379310345 0.6796875 0.29655172413793107 0.678125 0.29310344827586204 0.675 0.2896551724137931 0.675 0.3017241379310345
0 0.6890625 0.26484375 0.00390625 0.0015625
0 0.3625 0.24482758620689654 0.36171875 0.2655172413793103 0.39453125 0.26724137931034486 0.396875 0.26206896551724135 0.4 0.21551724137931033 0.4 0.20517241379310341 0.396875 0.19655172413793104 0.3765625 0.18620689655172412 0.3640625 0.18620689655172412 0.36015625 0.19482758620689655 0.359375 0.23448275862068962 0.3625 0.24482758620689654
0 0.82421875 0.5120689655172413 0.82265625 0.4672413793103448 0.825 0.44482758620689655 0.82109375 0.43103448275862066 0.81640625 0.4362068965517241 0.81484375 0.4275862068965517 0.80859375 0.4241379310344827 0.81015625 0.4206896551724138 0.79296875 0.4241379310344827 0.7875 0.4431034482758621 0.7859375 0.4706896551724138 0.7859375 0.5137931034482759 0.82421875 0.5120689655172413
0 0.1296875 0.23620689655172417 0.1296875 0.2482758620689655 0.1640625 0.2482758620689655 0.1625 0.24137931034482757 0.16796875 0.23448275862068962 0.203125 0.23103448275862068 0.203125 0.19655172413793104 0.19609375 0.18448275862068966 0.17421875 0.1793103448275862 0.16328125 0.18620689655172412 0.14453125 0.1879310344827586 0.128125 0.2 0.1265625 0.22586206896551725 0.1296875 0.23620689655172417
0 0.671875 0.25689655172413794 0.67578125 0.21551724137931033 0.67421875 0.21206896551724136 0.65703125 0.20517241379310341 0.63671875 0.20517241379310341 0.63203125 0.2103448275862069 0.63515625 0.2603448275862069 0.671875 0.25689655172413794
0 0.24765625 0.29482758620689653 0.26640625 0.3 0.27109375 0.29137931034482756 0.27109375 0.3 0.2734375 0.29482758620689653 0.2796875 0.3 0.278125 0.28620689655172415 0.28203125 0.2827586206896552 0.28046875 0.27413793103448275 0.28359375 0.2482758620689655 0.2828125 0.20344827586206896 0.2765625 0.19137931034482758 0.26484375 0.1896551724137931 0.25078125 0.1896551724137931 0.2453125 0.19827586206896552 0.24453125 0.27241379310344827 0.24765625 0.29482758620689653
0 0.4359375 0.5086206896551724 0.43515625 0.41034482758620683 0.43046875 0.4 0.43203125 0.39655172413793105 0.42265625 0.4068965517241379 0.4109375 0.4017241379310345 0.40078125 0.4137931034482759 0.4 0.506896551724138 0.4359375 0.5086206896551724
0 0.51171875 0.3310344827586207 0.5140625 0.26724137931034486 0.51015625 0.22413793103448273 0.4859375 0.2189655172413793 0.48046875 0.2206896551724138 0.4765625 0.22931034482758622 0.47734375 0.32068965517241377 0.51171875 0.3310344827586207
0 0.20859375 0.5051724137931035 0.21875 0.506896551724138 0.24375 0.5051724137931035 0.24453125 0.40344827586206894 0.2421875 0.3948275862068965 0.2421875 0.3586206896551724 0.24453125 0.34310344827586203 0.24140625 0.28793103448275864 0.24453125 0.2551724137931034 0.24453125 0.1896551724137931 0.22734375 0.17758620689655172 0.21015625 0.18275862068965515 0.20625 0.1896551724137931 0.20625 0.5 0.20859375 0.5051724137931035
0 0.1734375 0.5051724137931035 0.20390625 0.5051724137931035 0.20625 0.5017241379310345 0.20703125 0.47413793103448276 0.20390625 0.19655172413793104 0.19609375 0.1793103448275862 0.175 0.1793103448275862 0.16484375 0.1896551724137931 0.1671875 0.5 0.1734375 0.5051724137931035
0 0.20625 0.503448275862069 0.20625 0.43103448275862066 0.20390625 0.42586206896551726 0.17265625 0.42586206896551726 0.16953125 0.4344827586206897 0.16953125 0.503448275862069 0.20625 0.503448275862069
0 0.7828125 0.5120689655172413 0.78515625 0.47241379310344833 0.78359375 0.46551724137931033 0.78671875 0.45862068965517244 0.7875 0.44482758620689655 0.7859375 0.4344827586206897 0.7796875 0.42586206896551726 0.7859375 0.41896551724137926 0.7875 0.3948275862068965 0.790625 0.3896551724137931 0.7875 0.37413793103448273 0.79140625 0.3603448275862069 0.7875 0.35 0.79140625 0.3413793103448276 0.79140625 0.3258620689655172 0.78828125 0.31896551724137934 0.79140625 0.27586206896551724 0.790625 0.22758620689655173 0.78828125 0.2189655172413793 0.76171875 0.21551724137931033 0.75546875 0.2206896551724138 0.75234375 0.23275862068965517 0.75390625 0.30517241379310345 0.7515625 0.32241379310344825 0.74921875 0.41724137931034483 0.74921875 0.5086206896551724 0.7828125 0.5120689655172413
0 0.13125 0.25862068965517243 0.1296875 0.26724137931034486 0.13671875 0.25 0.16171875 0.2482758620689655 0.1640625 0.23275862068965517 0.16171875 0.1879310344827586 0.13203125 0.19310344827586207 0.128125 0.19655172413793104 0.1265625 0.20517241379310341 0.1265625 0.23103448275862068 0.13125 0.25862068965517243
0 0.740625 0.5103448275862068 0.72734375 0.5086206896551724 0.72578125 0.5103448275862068 0.740625 0.5103448275862068
0 0.7375 0.49827586206896546 0.74296875 0.4931034482758621 0.74765625 0.4241379310344827 0.74453125 0.4017241379310345 0.738671875 0.4 0.734375 0.4051724137931035 0.734375 0.4 0.730078125 0.4 0.7265625 0.4086206896551724 0.7234375 0.4051724137931035 0.725 0.39827586206896554 0.71875 0.4068965517241379 0.7171875 0.39827586206896554 0.7140625 0.4051724137931035 0.7109375 0.4 0.7125 0.4086206896551724 0.709375 0.41206896551724137 0.7078125 0.4275862068965517 0.709375 0.49482758620689654 0.7375 0.49827586206896546
0 0.8234375 0.5137931034482759 0.85703125 0.5172413793103449 0.8609375 0.5120689655172413 0.85859375 0.49827586206896546 0.85859375 0.4637931034482759 0.8609375 0.4568965517241379 0.84921875 0.44827586206896547 0.83125 0.44827586206896547 0.82578125 0.4793103448275862 0.82578125 0.506896551724138 0.8234375 0.5137931034482759
0 0.553125 0.4068965517241379 0.55390625 0.5017241379310345 0.58671875 0.5051724137931035 0.590625 0.47413793103448276 0.5890625 0.37758620689655176 0.55703125 0.37413793103448273 0.55546875 0.3810344827586207 0.55625 0.4017241379310345 0.553125 0.4068965517241379
0 0.58828125 0.36724137931034484 0.56822890625 0.3620689655172414 0.56640625 0.3689655172413793 0.5640625 0.3620689655172414 0.56328125 0.3706896551724138 0.58828125 0.36724137931034484
0 0.78515625 0.3793103448275862 0.7859375 0.37241379310344824 0.78125 0.3706896551724138 0.77734375 0.3793103448275862 0.78515625 0.3793103448275862
0 0.7603125000000001 0.3810344827586207 0.7578125 0.3706896551724138 0.76041640625 0.36724137931034484 0.7646875 0.3810344827586207 0.76744765625 0.37241379310344824 0.7690625 0.3810344827586207 0.7734375 0.3810344827586207 0.77109375 0.3655172413793103 0.78671875 0.3655172413793103 0.7859375 0.35172413793103446 0.78984375 0.3293103448275862 0.78984375 0.23448275862068962 0.7859375 0.22241379310344828 0.77421875 0.21724137931034485 0.75625 0.2206896551724138 0.7515625 0.23448275862068962 0.7515625 0.3810344827586207 0.7603125000000001 0.3810344827586207
0 0.3171875 0.1879310344827586 0.33125 0.17758620689655172 0.3296875 0.1706896551724138 0.3171875 0.16034482758620688 0.2828125 0.16206896551724137 0.27890625 0.1879310344827586 0.3171875 0.1879310344827586
0 0.6671875 0.5051724137931035 0.6828125 0.5120689655172413 0.70703125 0.5086206896551724 0.70546875 0.48793103448275865 0.70859375 0.4241379310344827 0.7078125 0.37413793103448273 0.7109375 0.3413793103448276 0.7109375 0.2551724137931034 0.71328125 0.24482758620689654 0.709375 0.21724137931034485 0.6796875 0.21379310344827585 0.675 0.2206896551724138 0.67421875 0.33448275862068966 0.67109375 0.3586206896551724 0.671875 0.4051724137931035 0.66875 0.4137931034482759 0.67109375 0.4275862068965517 0.6671875 0.5051724137931035
0 0.1328125 0.5017241379310345 0.16640625 0.503448275862069 0.1671875 0.44655172413793104 0.165625 0.42931034482758623 0.16171875 0.4224137931034483 0.1640625 0.4137931034482759 0.155859375 0.41034482758620683 0.15390625 0.41724137931034483 0.15078125 0.4086206896551724 0.13203125 0.4137931034482759 0.13046875 0.45517241379310347 0.1328125 0.5017241379310345
0 0.7875 0.22413793103448273 0.8046875 0.21379310344827585 0.80078125 0.20517241379310341 0.78828125 0.20344827586206896 0.7671875 0.20344827586206896 0.76171875 0.20862068965517241 0.7609375 0.21379310344827585 0.7875 0.22413793103448273
0 0.56875 0.506896551724138 0.58671875 0.5051724137931035 0.590625 0.47586206896551725 0.5890625 0.45344827586206893 0.59140625 0.41034482758620683 0.58828125 0.3913793103448276 0.5890625 0.3655172413793103 0.57109375 0.3603448275862069 0.5703125 0.35172413793103446 0.56328125 0.35172413793103446 0.55625 0.3620689655172414 0.55703125 0.37241379310344824 0.5546875 0.3810344827586207 0.55390625 0.5017241379310345 0.56875 0.506896551724138
0 0.5296875 0.44827586206896547 0.52578125 0.43965517241379304 0.521875 0.43965517241379304 0.521875 0.44482758620689655 0.5296875 0.44827586206896547
0 0.528125 0.4275862068965517 0.525 0.4241379310344827 0.52578125 0.4362068965517241 0.528125 0.4275862068965517
0 0.5359375 0.4241379310344827 0.5359375 0.4344827586206897 0.5390625 0.4379310344827586 0.5375 0.44655172413793104 0.540625 0.44827586206896547 0.540625 0.4379310344827586 0.54375 0.4344827586206897 0.5390625 0.41896551724137926 0.53984375 0.4241379310344827 0.5359375 0.4241379310344827
0 0.5390625 0.41484375 0.00078125 0.0015625
0 0.47734375 0.49137931034482757 0.48203125 0.496551724137931 0.48046875 0.506896551724138 0.49609375 0.506896551724138 0.49765625 0.5 0.5 0.506896551724138 0.5078125 0.506896551724138 0.50625 0.5017241379310345 0.51171875 0.4931034482758621 0.51328125 0.48275862068965514 0.5140625 0.43103448275862066 0.51640625 0.42586206896551726 0.51328125 0.4017241379310345 0.51015625 0.3948275862068965 0.496875 0.3913793103448276 0.4796875 0.3948275862068965 0.4765625 0.4017241379310345 0.4765625 0.48275862068965514 0.47734375 0.49137931034482757
0 0.478125 0.38828125 0.0015625 0.003125
0 0.5 0.3758620689655172 0.49921875 0.3655172413793103 0.4796875 0.36724137931034484 0.4875 0.3758620689655172 0.5 0.3758620689655172
0 0.48984375 0.34827586206896555 0.4875 0.3448275862068965 0.48671875 0.34827586206896555 0.48984375 0.34827586206896555
0 0.4765625 0.506896551724138 0.5125 0.5086206896551724 0.51171875 0.2206896551724138 0.5078125 0.21206896551724136 0.49765625 0.20517241379310341 0.478125 0.20689655172413796 0.47578125 0.23103448275862068 0.4765625 0.506896551724138
0 0.36484375 0.29655172413793107 0.3625 0.29482758620689653 0.3625 0.3 0.36484375 0.29655172413793107
0 0.39375 0.2810344827586207 0.390625 0.2827586206896552 0.3953125 0.28620689655172415 0.39375 0.2810344827586207
0 0.396875 0.2689655172413793 0.39921875 0.22241379310344828 0.39921875 0.20517241379310341 0.396875 0.19827586206896552 0.3875 0.1896551724137931 0.365625 0.18620689655172412 0.3625 0.1879310344827586 0.36015625 0.20172413793103447 0.36171875 0.2689655172413793 0.396875 0.2689655172413793
0 0.81015625 0.3793103448275862 0.80703125 0.37413793103448273 0.80703125 0.3793103448275862 0.81015625 0.3793103448275862
0 0.7890625 0.3017241379310345 0.78984375 0.34655172413793106 0.79296875 0.35344827586206895 0.79140625 0.3758620689655172 0.79375 0.3793103448275862 0.796875 0.3655172413793103 0.8109375 0.36724137931034484 0.81328125 0.3568965517241379 0.82578125 0.35517241379310344 0.828125 0.3413793103448276 0.83125 0.23103448275862068 0.8234375 0.2206896551724138 0.8 0.2189655172413793 0.79140625 0.23275862068965517 0.790625 0.25 0.79140625 0.2793103448275862 0.7890625 0.3017241379310345
0 0.7453125 0.5103448275862068 0.74453125 0.43965517241379304 0.709375 0.43965517241379304 0.7078125 0.46896551724137925 0.70703125 0.5103448275862068 0.7453125 0.5103448275862068
0 0.59453125 0.5051724137931035 0.6203125 0.506896551724138 0.6296875 0.48103448275862065 0.6359375 0.48103448275862065 0.6390625 0.49137931034482757 0.640625 0.4862068965517241 0.646875 0.49482758620689654 0.66171875 0.49137931034482757 0.6640625 0.48103448275862065 0.66171875 0.47241379310344833 0.6640625 0.46551724137931033 0.6640625 0.45 0.65703125 0.4413793103448276 0.66015625 0.4379310344827586 0.65703125 0.43103448275862066 0.659375 0.4241379310344827 0.65859375 0.41034482758620683 0.64609375 0.4086206896551724 0.64765625 0.4 0.64140625 0.3948275862068965 0.63671875 0.4 0.63046875 0.4 0.62890625 0.3948275862068965 0.6265625 0.3448275862068965 0.62890625 0.32413793103448274 0.5953125 0.31896551724137934 0.59296875 0.35 0.5921875 0.47586206896551725 0.59453125 0.5051724137931035
0 0.8234375 0.5103448275862068 0.825 0.5155172413793103 0.85703125 0.5172413793103449 0.8609375 0.5120689655172413 0.85859375 0.4931034482758621 0.8609375 0.48275862068965514 0.859375 0.4672413793103448 0.8625 0.45517241379310347 0.85703125 0.44827586206896547 0.83046875 0.44482758620689655 0.82421875 0.47241379310344833 0.825 0.506896551724138 0.8234375 0.5103448275862068
0 0.24453125 0.5051724137931035 0.24453125 0.40344827586206894 0.24140625 0.39827586206896554 0.20703125 0.4 0.2078125 0.503448275862069 0.24453125 0.5051724137931035
0 0.209375 0.35 0.00078125 0.003125
0 0.4875 0.33620689655172414 0.5109375 0.33793103448275863 0.5140625 0.30344827586206896 0.51171875 0.2206896551724138 0.49453125 0.20862068965517241 0.48046875 0.21551724137931033 0.4765625 0.22586206896551725 0.47734375 0.32413793103448274 0.4875 0.33620689655172414
0 0.4828125 0.20859375 0.00546875 0.003125
0 0.7859375 0.32241379310344825 0.79140625 0.2775862068965517 0.7890625 0.22241379310344828 0.77734375 0.21551724137931033 0.7609375 0.21551724137931033 0.7515625 0.22758620689655173 0.75234375 0.32068965517241377 0.7859375 0.32241379310344825
0 0.66796875 0.4137931034482759 0.67109375 0.42586206896551726 0.66796875 0.5051724137931035 0.684375 0.5120689655172413 0.70546875 0.5103448275862068 0.70703125 0.503448275862069 0.7046875 0.48793103448275865 0.70703125 0.48275862068965514 0.70859375 0.42586206896551726 0.70703125 0.37241379310344824 0.71015625 0.3586206896551724 0.70625 0.33448275862068966 0.709375 0.3275862068965517 0.70625 0.33275862068965517 0.7015625 0.32413793103448274 0.6765625 0.32413793103448274 0.671875 0.3586206896551724 0.671875 0.4051724137931035 0.66796875 0.4137931034482759
0 0.5484375 0.49827586206896546 0.54921875 0.503448275862069 0.54921875 0.496551724137931 0.54296875 0.5017241379310345 0.5484375 0.49827586206896546
0 0.515625 0.4517241379310345 0.51796875 0.46551724137931033 0.51640625 0.47413793103448276 0.5203125 0.4931034482758621 0.51796875 0.5051724137931035 0.5203125 0.5051724137931035 0.53046875 0.4931034482758621 0.54296875 0.4931034482758621 0.54609375 0.4862068965517241 0.55 0.4896551724137931 0.553125 0.2706896551724138 0.5515625 0.2551724137931034 0.55390625 0.2189655172413793 0.5515625 0.20344827586206896 0.5234375 0.20344827586206896 0.51796875 0.20689655172413796 0.5140625 0.2206896551724138 0.51328125 0.3706896551724138 0.515625 0.4517241379310345
0 0.4390625 0.506896551724138 0.47421875 0.5086206896551724 0.47421875 0.4137931034482759 0.4703125 0.4068965517241379 0.4734375 0.39655172413793105 0.4734375 0.3810344827586207 0.4484375 0.38620689655172413 0.44921875 0.39655172413793105 0.43828125 0.41034482758620683 0.43671875 0.4706896551724138 0.4390625 0.506896551724138
0 0.6890625 0.2103448275862069 0.7125 0.21551724137931033 0.72734375 0.21206896551724136 0.73125 0.20862068965517241 0.73125 0.20172413793103447 0.72421875 0.19137931034482758 0.69921875 0.1896551724137931 0.69140625 0.19137931034482758 0.6796875 0.20862068965517241 0.6796875 0.21379310344827585 0.6890625 0.2103448275862069
0 0.55078125 0.5051724137931035 0.55 0.43103448275862066 0.540625 0.41896551724137926 0.52734375 0.41551724137931034 0.5171875 0.41896551724137926 0.51484375 0.4362068965517241 0.515625 0.5086206896551724 0.55078125 0.5051724137931035
0 0.20234375 0.23103448275862068 0.203125 0.1896551724137931 0.19921875 0.17758620689655172 0.17421875 0.17586206896551723 0.16171875 0.1810344827586207 0.165625 0.23103448275862068 0.20234375 0.23103448275862068
0 0.0828125 0.4413793103448276 0.0875 0.44655172413793104 0.0875 0.4068965517241379 0.08515625 0.3948275862068965 0.08359375 0.4017241379310345 0.08125 0.4 0.0796875 0.42931034482758623 0.0828125 0.4413793103448276
0 0.0859375 0.38275862068965516 0.08515625 0.37758620689655176 0.08203125 0.37758620689655176 0.08125 0.38275862068965516 0.0859375 0.38275862068965516
0 0.08046875 0.33620689655172414 0.078125 0.35517241379310344 0.0796875 0.37241379310344824 0.0890625 0.37413793103448273 0.09140625 0.38448275862068965 0.0984375 0.38275862068965516 0.09765625 0.3586206896551724 0.09375 0.34827586206896555 0.09609375 0.33793103448275863 0.09140625 0.33275862068965517 0.0875 0.33793103448275863 0.08515625 0.32413793103448274 0.08125 0.32413793103448274 0.078125 0.3310344827586207 0.08046875 0.33620689655172414
0 0.08125 0.26328125 0.0015625 0.0015625
0 0.00546875 0.3293103448275862 0.00859375 0.33793103448275863 0.009375 0.35172413793103446 0.00703125 0.35517241379310344 0.0109375 0.37241379310344824 0.01015625 0.43965517241379304 0.0140625 0.44827586206896547 0.03046875 0.45 0.0328125 0.44482758620689655 0.03359375 0.38620689655172413 0.0296875 0.3 0.03046875 0.25689655172413794 0.040625 0.25 0.03203125 0.24310344827586206 0.00625 0.24482758620689654 0.00859375 0.3155172413793103 0.00546875 0.3293103448275862
0 0.54921875 0.506896551724138 0.5515625 0.4775862068965517 0.55078125 0.2775862068965517 0.553125 0.2206896551724138 0.55 0.20689655172413796 0.54296875 0.21379310344827585 0.5328125 0.20517241379310341 0.52578125 0.20517241379310341 0.51484375 0.2189655172413793 0.51484375 0.5051724137931035 0.54921875 0.506896551724138
0 0.5953125 0.3948275862068965 0.5953125 0.40344827586206894 0.61875 0.4051724137931035 0.621875 0.40344827586206894 0.62265625 0.3948275862068965 0.6296875 0.3913793103448276 0.62890625 0.34827586206896555 0.6328125 0.3293103448275862 0.63046875 0.30344827586206896 0.63203125 0.29310344827586204 0.6296875 0.28793103448275864 0.5984375 0.28620689655172415 0.59453125 0.29310344827586204 0.59296875 0.31896551724137934 0.5921875 0.3896551724137931 0.5953125 0.3948275862068965
0 0.53125 0.28515625 0.00390625 0.0015625
0 0.52109375 0.28793103448275864 0.51953125 0.2793103448275862 0.521875 0.27413793103448275 0.528125 0.27241379310344827 0.53125 0.2655172413793103 0.53203125 0.27241379310344827 0.5359375 0.2706896551724138 0.55 0.2896551724137931 0.55390625 0.23793103448275862 0.55234375 0.21551724137931033 0.515625 0.21724137931034485 0.515625 0.29655172413793107 0.52109375 0.28793103448275864
0 0.74453125 0.5103448275862068 0.74921875 0.3706896551724138 0.746875 0.33448275862068966 0.7484375 0.3258620689655172 0.7171875 0.32068965517241377 0.71328125 0.32413793103448274 0.709375 0.38275862068965516 0.7078125 0.5086206896551724 0.74453125 0.5103448275862068
0 0.63125 0.28793103448275864 0.63203125 0.23448275862068962 0.6296875 0.21551724137931033 0.5984375 0.21379310344827585 0.5953125 0.2189655172413793 0.5953125 0.30517241379310345 0.63125 0.28793103448275864
0 0.71328125 0.41206896551724137 0.74453125 0.41206896551724137 0.75 0.3655172413793103 0.7484375 0.35344827586206895 0.7515625 0.3086206896551724 0.74921875 0.22241379310344828 0.73203125 0.21551724137931033 0.71640625 0.2189655172413793 0.71328125 0.22931034482758622 0.71171875 0.2775862068965517 0.7109375 0.4068965517241379 0.71328125 0.41206896551724137
0 0.63046875 0.38448275862068965 0.63046875 0.41551724137931034 0.6328125 0.4241379310344827 0.63046875 0.46896551724137925 0.63203125 0.496551724137931 0.63671875 0.5086206896551724 0.66328125 0.5086206896551724 0.665625 0.5051724137931035 0.66796875 0.48103448275862065 0.66796875 0.4068965517241379 0.6703125 0.3896551724137931 0.66875 0.34310344827586203 0.67109375 0.3310344827586207 0.66953125 0.31896551724137934 0.671875 0.2982758620689655 0.67265625 0.23103448275862068 0.66875 0.21379310344827585 0.653125 0.20689655172413796 0.63984375 0.20689655172413796 0.63515625 0.2103448275862069 0.63359375 0.21724137931034485 0.634375 0.30344827586206896 0.63046875 0.38448275862068965
0 0.70703125 0.3017241379310345 0.71015625 0.30517241379310345 0.709375 0.29655172413793107 0.70546875 0.3017241379310345 0.70546875 0.30689655172413793 0.70703125 0.3017241379310345
0 0.70390625 0.26379310344827583 0.71015625 0.27586206896551724 0.7078125 0.2689655172413793 0.71328125 0.24482758620689654 0.71015625 0.21724137931034485 0.67890625 0.21379310344827585 0.67421875 0.22241379310344828 0.675 0.26206896551724135 0.70390625 0.26379310344827583
0 0.79296875 0.3879310344827586 0.7984375 0.3810344827586207 0.8109375 0.38275862068965516 0.8171875 0.3758620689655172 0.82421875 0.3758620689655172 0.82421875 0.3620689655172414 0.828125 0.35517241379310344 0.828125 0.33448275862068966 0.82421875 0.32068965517241377 0.803125 0.3258620689655172 0.7921875 0.31896551724137934 0.7890625 0.3275862068965517 0.7890625 0.3758620689655172 0.79296875 0.3879310344827586
0 0.784375 0.5103448275862068 0.79609375 0.5155172413793103 0.82578125 0.5137931034482759 0.825 0.46551724137931033 0.828125 0.44655172413793104 0.82734375 0.3603448275862069 0.82421875 0.34827586206896555 0.80390625 0.35 0.79375 0.33448275862068966 0.79296875 0.32068965517241377 0.78828125 0.35517241379310344 0.78828125 0.45517241379310347 0.784375 0.5103448275862068
0 0.39453125 0.5051724137931035 0.39765625 0.49482758620689654 0.3984375 0.4379310344827586 0.39609375 0.38275862068965516 0.39765625 0.20172413793103447 0.3890625 0.1896551724137931 0.3625 0.1879310344827586 0.36015625 0.2706896551724138 0.3625 0.503448275862069 0.39453125 0.5051724137931035
0 0.40078125 0.2603448275862069 0.42578125 0.25862068965517243 0.43046875 0.2482758620689655 0.43515625 0.2551724137931034 0.43671875 0.23620689655172417 0.434375 0.21206896551724136 0.41171875 0.20172413793103447 0.403125 0.20172413793103447 0.4 0.20862068965517241 0.3984375 0.2396551724137931 0.40078125 0.2603448275862069
0 0.5703125 0.2390625 0.0015625 0.0015625
0 0.55859375 0.23103448275862068 0.55625 0.23448275862068962 0.55703125 0.24482758620689654 0.56328125 0.23103448275862068 0.5890625 0.22931034482758622 0.59140625 0.23620689655172417 0.59609375 0.20689655172413796 0.59296875 0.19827586206896552 0.5828125 0.19310344827586207 0.56328125 0.19310344827586207 0.55546875 0.2 0.5546875 0.21379310344827585 0.55859375 0.23103448275862068
0 0.246875 0.5051724137931035 0.28359375 0.5051724137931035 0.28203125 0.42931034482758623 0.24765625 0.42931034482758623 0.2453125 0.44482758620689655 0.24453125 0.48793103448275865 0.246875 0.5051724137931035
0 0.24765625 0.41896551724137926 0.25078125 0.4137931034482759 0.24765625 0.4137931034482759 0.24765625 0.41896551724137926
0 0.85234375 0.4413793103448276 0.8453125 0.4344827586206897 0.83828125 0.4362068965517241 0.8359375 0.4379310344827586 0.85234375 0.4413793103448276
0 0.83125 0.41724137931034483 0.83046875 0.42586206896551726 0.85234375 0.42931034482758623 0.8625 0.4241379310344827 0.8625 0.40344827586206894 0.86484375 0.39655172413793105 0.8625 0.3706896551724138 0.8453125 0.36724137931034484 0.83515625 0.3586206896551724 0.83125 0.3586206896551724 0.82890625 0.3655172413793103 0.828125 0.4086206896551724 0.83125 0.41724137931034483
0 0.325 0.34375 0.00078125 0.00546875
0 0.3203125 0.3086206896551724 0.32421875 0.33448275862068966 0.328125 0.33448275862068966 0.33359375 0.3448275862068965 0.33671875 0.3448275862068965 0.3375 0.33620689655172414 0.34921875 0.33620689655172414 0.35625 0.3448275862068965 0.35546875 0.33793103448275863 0.359375 0.3275862068965517 0.359375 0.3017241379310345 0.3546875 0.29310344827586204 0.35703125 0.2896551724137931 0.35703125 0.27241379310344827 0.35234375 0.2775862068965517 0.35390625 0.29137931034482756 0.3515625 0.2982758620689655 0.34453125 0.29655172413793107 0.3453125 0.28620689655172415 0.334375 0.2896551724137931 0.32421875 0.27586206896551724 0.32578125 0.2827586206896552 0.3203125 0.3086206896551724
0 0.7453125 0.5086206896551724 0.74609375 0.43275862068965515 0.75 0.3689655172413793 0.74921875 0.32068965517241377 0.75234375 0.3017241379310345 0.7515625 0.22931034482758622 0.74921875 0.2189655172413793 0.71953125 0.21551724137931033 0.71328125 0.22758620689655173 0.7125 0.34827586206896555 0.71015625 0.3586206896551724 0.7078125 0.4413793103448276 0.7078125 0.5103448275862068 0.7453125 0.5086206896551724
0 0.7453125 0.5103448275862068 0.74609375 0.44482758620689655 0.74375 0.4362068965517241 0.73671875 0.4413793103448276 0.71875 0.43965517241379304 0.7140625 0.4344827586206897 0.71796875 0.4275862068965517 0.71640625 0.42586206896551726 0.71484375 0.43275862068965515 0.71171875 0.42586206896551726 0.709375 0.42931034482758623 0.7109375 0.4344827586206897 0.7078125 0.4568965517241379 0.70703125 0.5103448275862068 0.7453125 0.5103448275862068
0 0.32421875 0.5051724137931035 0.35859375 0.5051724137931035 0.3609375 0.43103448275862066 0.359375 0.33793103448275863 0.35703125 0.32241379310344825 0.33671875 0.3155172413793103 0.3265625 0.3155172413793103 0.32265625 0.32068965517241377 0.321875 0.4379310344827586 0.32421875 0.5051724137931035