0 0.29921875 0.9536082474226806 0.3078125 0.9536082474226806 0.3125 0.9450171821305842 0.3140625 0.9501718213058419 0.31640625 0.9415807560137457 0.35078125 0.9347079037800687 0.346875 0.9175257731958764 0.33828125 0.9106529209621994 0.33203125 0.9140893470790379 0.31640625 0.9089347079037802 0.29375 0.8934707903780069 0.2734375 0.8934707903780069 0.2578125 0.9020618556701031 0.26171875 0.9140893470790379 0.29921875 0.9536082474226806
0 0.303125 0.957044673539519 0.3125 0.9759450171821307 0.31875 0.9793814432989691 0.37890625 0.9879725085910653 0.38203125 0.9845360824742269 0.38203125 0.9742268041237114 0.37890625 0.9690721649484537 0.38359375 0.9656357388316152 0.3828125 0.9604810996563575 0.3765625 0.957044673539519 0.36953125 0.9587628865979383 0.35546875 0.9501718213058419 0.353125 0.9553264604810998 0.34765625 0.9536082474226806 0.340625 0.9432989690721649 0.3390625 0.9347079037800687 0.33203125 0.9415807560137457 0.30703125 0.9484536082474226 0.30078125 0.9450171821305842 0.303125 0.9484536082474226 0.3015625 0.9536082474226806 0.2953125 0.9450171821305842 0.29375 0.9484536082474226 0.303125 0.957044673539519
0 0.446875 0.8848797250859107 0.44921875 0.9054982817869417 0.45390625 0.9140893470790379 0.453125 0.9209621993127148 0.46875 0.9484536082474226 0.4765625 0.9450171821305842 0.4765625 0.9381443298969072 0.49765625 0.9415807560137457 0.49921875 0.936426116838488 0.509375 0.9347079037800687 0.51171875 0.929553264604811 0.53046875 0.929553264604811 0.5359375 0.9329896907216495 0.5375 0.9415807560137457 0.55625 0.936426116838488 0.56015625 0.9312714776632303 0.5609375 0.9209621993127148 0.57109375 0.9037800687285223 0.571875 0.8780068728522338 0.575 0.8694158075601376 0.57421875 0.8591065292096222 0.56640625 0.8573883161512029 0.559375 0.845360824742268 0.54296875 0.8402061855670103 0.471875 0.8505154639175257 0.45 0.8505154639175257 0.44375 0.8436426116838488 0.440625 0.8470790378006873 0.4421875 0.8711340206185568 0.446875 0.8848797250859107
0 0.5390625 0.82890625 0.00078125 0.0015625
0 0.44921875 0.9175257731958764 0.45625 0.9278350515463918 0.48046875 0.9329896907216495 0.49296875 0.929553264604811 0.50078125 0.9347079037800687 0.5046875 0.929553264604811 0.52890625 0.929553264604811 0.54296875 0.9398625429553265 0.56015625 0.9347079037800687 0.571875 0.9037800687285223 0.56875 0.8934707903780069 0.56484375 0.8917525773195877 0.53203125 0.8900343642611684 0.5125 0.8814432989690723 0.446875 0.8934707903780069 0.44453125 0.8969072164948454 0.44921875 0.9175257731958764
0 0.44453125 0.8831615120274915 0.45625 0.8951890034364262 0.47734375 0.88659793814433 0.48984375 0.8969072164948454 0.5015625 0.8969072164948454 0.5046875 0.8900343642611684 0.51796875 0.8848797250859107 0.5421875 0.8969072164948454 0.5609375 0.8934707903780069 0.5671875 0.8986254295532646 0.57421875 0.8728522336769761 0.57421875 0.8659793814432991 0.5703125 0.8625429553264606 0.53671875 0.8487972508591065 0.4890625 0.8487972508591065 0.48125 0.8556701030927837 0.4546875 0.8556701030927837 0.44375 0.8608247422680414 0.44140625 0.8728522336769761 0.44453125 0.8831615120274915
0 0.18203125 0.8075601374570448 0.18359375 0.8178694158075602 0.1921875 0.8316151202749141 0.20703125 0.8419243986254296 0.209375 0.8505154639175257 0.21796875 0.8556701030927837 0.221875 0.8676975945017184 0.22890625 0.8711340206185568 0.24375 0.8917525773195877 0.253125 0.8934707903780069 0.25390625 0.9003436426116839 0.25625 0.8951890034364262 0.25859375 0.9003436426116839 0.2703125 0.8986254295532646 0.2734375 0.8900343642611684 0.27578125 0.8969072164948454 0.27890625 0.8831615120274915 0.2859375 0.8883161512027492 0.303125 0.8676975945017184 0.31171875 0.8676975945017184 0.3140625 0.8762886597938145 0.315625 0.8694158075601376 0.325 0.8608247422680414 0.321875 0.852233676975945 0.31171875 0.8419243986254296 0.30703125 0.8247422680412372 0.2875 0.7920962199312716 0.24609375 0.7938144329896908 0.2171875 0.7869415807560138 0.1703125 0.7903780068728523 0.17109375 0.8058419243986255 0.18203125 0.8075601374570448
0 0.26171875 0.9106529209621994 0.2828125 0.929553264604811 0.3265625 0.9278350515463918 0.35234375 0.9381443298969072 0.3625 0.9312714776632303 0.3765625 0.9450171821305842 0.39140625 0.9450171821305842 0.39375 0.9329896907216495 0.40546875 0.9261168384879725 0.4203125 0.9278350515463918 0.434375 0.9381443298969072 0.45078125 0.9347079037800687 0.4453125 0.8969072164948454 0.4140625 0.8883161512027492 0.4046875 0.8780068728522338 0.35859375 0.879725085910653 0.33515625 0.8917525773195877 0.28984375 0.88659793814433 0.28203125 0.8969072164948454 0.26171875 0.8951890034364262 0.259375 0.9003436426116839 0.26171875 0.9106529209621994
0 0.640625 0.9982817869415808 0.72265625 0.9982817869415808 0.73671875 0.9914089347079038 0.74921875 0.9759450171821307 0.7453125 0.9793814432989691 0.74270859375 0.9742268041237114 0.71015625 0.9656357388316152 0.70234375 0.9725085910652922 0.6671875 0.9656357388316152 0.64921875 0.9742268041237114 0.63671875 0.9896907216494846 0.63515625 0.993127147766323 0.640625 0.9982817869415808
0 0.46328125 0.9553264604810998 0.46171875 0.9776632302405499 0.46484375 0.993127147766323 0.48828125 0.993127147766323 0.49453125 0.9879725085910653 0.4953125 0.993127147766323 0.50234375 0.9948453608247423 0.54609375 0.9948453608247423 0.54765625 0.9896907216494846 0.5453125 0.9828178694158076 0.5546875 0.9587628865979383 0.56015625 0.9278350515463918 0.553125 0.9226804123711341 0.484375 0.929553264604811 0.4625 0.9243986254295533 0.459375 0.929553264604811 0.45859375 0.9450171821305842 0.46328125 0.9553264604810998
0 0.584375 0.8556701030927837 0.6546875 0.8505154639175257 0.66953125 0.8402061855670103 0.696875 0.845360824742268 0.71015625 0.8539518900343642 0.73125 0.8470790378006873 0.7375 0.8298969072164949 0.7046875 0.8247422680412372 0.68359375 0.8144329896907218 0.64375 0.8144329896907218 0.61953125 0.8195876288659795 0.59140625 0.8178694158075602 0.5828125 0.8367697594501718 0.58203125 0.852233676975945 0.584375 0.8556701030927837
0 0.55859375 0.9742268041237114 0.546875 0.9948453608247423 0.54921875 0.9914089347079038 0.55234375 0.9982817869415808 0.6296875 0.9982817869415808 0.63984375 0.9948453608247423 0.6359375 0.9896907216494846 0.64453125 0.9690721649484537 0.6375 0.9587628865979383 0.5984375 0.9536082474226806 0.58828125 0.9536082474226806 0.58515625 0.9587628865979383 0.55703125 0.9587628865979383 0.56015625 0.9673539518900345 0.55859375 0.9742268041237114
0 0.2765625 0.809278350515464 0.271875 0.8075601374570448 0.27109375 0.8109965635738833 0.2765625 0.809278350515464
0 0.21328125 0.816151202749141 0.2046875 0.8264604810996564 0.19140625 0.8230240549828179 0.196875 0.8264604810996564 0.196875 0.8384879725085911 0.20859375 0.8419243986254296 0.2109375 0.8505154639175257 0.21484375 0.852233676975945 0.23046875 0.8487972508591065 0.24765625 0.8556701030927837 0.27578125 0.8556701030927837 0.3125 0.8470790378006873 0.31015625 0.8316151202749141 0.30625 0.8247422680412372 0.29296875 0.8195876288659795 0.26744765625 0.8213058419243987 0.2671875 0.8109965635738833 0.26328125 0.809278350515464 0.2609375 0.816151202749141 0.25234375 0.7989690721649485 0.24453125 0.802405498281787 0.246875 0.809278350515464 0.24140625 0.816151202749141 0.24140625 0.8230240549828179 0.2375 0.8230240549828179 0.2328125 0.8127147766323025 0.23515625 0.802405498281787 0.2328125 0.809278350515464 0.230859375 0.802405498281787 0.22734375 0.8109965635738833 0.2265625 0.802405498281787 0.225 0.8195876288659795 0.21328125 0.816151202749141
0 0.39921875 0.993127147766323 0.43359375 0.9982817869415808 0.46171875 0.9982817869415808 0.4640625 0.9914089347079038 0.465625 0.9982817869415808 0.46796875 0.9948453608247423 0.45078125 0.9656357388316152 0.45859375 0.9656357388316152 0.459375 0.957044673539519 0.4484375 0.9656357388316152 0.396875 0.9604810996563575 0.384375 0.9742268041237114 0.384375 0.9879725085910653 0.39921875 0.993127147766323
0 0.48984375 0.9209621993127148 0.4875 0.9192439862542956 0.484375 0.9209621993127148 0.48984375 0.9209621993127148
0 0.4828125 0.9209621993127148 0.4796875 0.9192439862542956 0.48046875 0.9140893470790379 0.46171875 0.9175257731958764 0.4609375 0.9209621993127148 0.4828125 0.9209621993127148
0 0.5671875 0.9037800687285223 0.5671875 0.8969072164948454 0.5640625 0.9003436426116839 0.5671875 0.9037800687285223
0 0.4453125 0.879725085910653 0.45546875 0.8900343642611684 0.45546875 0.9037800687285223 0.46015625 0.8969072164948454 0.46171875 0.9037800687285223 0.46328125 0.8848797250859107 0.47109375 0.8831615120274915 0.48671875 0.8900343642611684 0.49453125 0.8848797250859107 0.49765625 0.8969072164948454 0.5140625 0.8831615120274915 0.52421875 0.8917525773195877 0.5671875 0.8917525773195877 0.57109375 0.88659793814433 0.571875 0.8762886597938145 0.578125 0.8608247422680414 0.58203125 0.8316151202749141 0.58125 0.8264604810996564 0.575 0.8230240549828179 0.52578125 0.8144329896907218 0.4359375 0.8178694158075602 0.4390625 0.8539518900343642 0.4453125 0.879725085910653
0 0.6828125 0.9432989690721649 0.684375 0.9347079037800687 0.690625 0.9329896907216495 0.69375 0.9381443298969072 0.69140625 0.9484536082474226 0.70390625 0.9518900343642611 0.7046875 0.963917525773196 0.70546875 0.957044673539519 0.70859375 0.963917525773196 0.71171875 0.9501718213058419 0.73203125 0.9329896907216495 0.73828125 0.9347079037800687 0.73359375 0.9484536082474226 0.7375 0.9501718213058419 0.7421875 0.9450171821305842 0.74453125 0.9518900343642611 0.771875 0.9501718213058419 0.8203125 0.9192439862542956 0.825 0.9072164948453609 0.83515625 0.9037800687285223 0.8359375 0.8969072164948454 0.8265625 0.88659793814433 0.71875 0.8831615120274915 0.7109375 0.88659793814433 0.6875 0.9140893470790379 0.6859375 0.9226804123711341 0.678125 0.9347079037800687 0.6765625 0.9415807560137457 0.6828125 0.9432989690721649
0 0.2953125 0.9484536082474226 0.30234375 0.9536082474226806 0.3109375 0.9725085910652922 0.3171875 0.9776632302405499 0.378125 0.9879725085910653 0.38203125 0.9828178694158076 0.38203125 0.9742268041237114 0.37890625 0.9673539518900345 0.38359375 0.963917525773196 0.3828125 0.9587628865979383 0.37734375 0.9553264604810998 0.36953125 0.957044673539519 0.35546875 0.9467353951890034 0.35078125 0.9501718213058419 0.33671875 0.9381443298969072 0.3203125 0.9398625429553265 0.30625 0.9484536082474226 0.296875 0.9415807560137457 0.2984375 0.9450171821305842 0.2953125 0.9484536082474226
0 0.5625 0.9725085910652922 0.55859375 0.9862542955326461 0.553125 0.993127147766323 0.5921875 0.993127147766323 0.5890625 0.9742268041237114 0.59140625 0.9604810996563575 0.61953125 0.9604810996563575 0.62734375 0.9656357388316152 0.628125 0.9725085910652922 0.61875 0.9845360824742269 0.62421875 0.9776632302405499 0.62265625 0.9845360824742269 0.63046875 0.993127147766323 0.64453125 0.9656357388316152 0.6578125 0.9553264604810998 0.66328125 0.9398625429553265 0.67421875 0.9312714776632303 0.67734375 0.9209621993127148 0.66796875 0.9123711340206186 0.65234375 0.9089347079037802 0.62265625 0.9140893470790379 0.621875 0.9072164948453609 0.60390625 0.9020618556701031 0.5734375 0.9072164948453609 0.56640625 0.9158075601374571 0.55703125 0.9518900343642611 0.55703125 0.9604810996563575 0.5625 0.9725085910652922
0 0.7265625 0.6477663230240551 0.7265625 0.6735395189003437 0.73125 0.6958762886597938 0.73046875 0.7233676975945018 0.7390625 0.7371134020618557 0.74140625 0.7577319587628867 0.7390625 0.7680412371134021 0.74453125 0.7903780068728523 0.74375 0.8006872852233677 0.74765625 0.816151202749141 0.74609375 0.8298969072164949 0.7484375 0.8402061855670103 0.7546875 0.8470790378006873 0.815625 0.845360824742268 0.865625 0.8539518900343642 0.8765625 0.8505154639175257 0.88359375 0.8316151202749141 0.884375 0.816151202749141 0.87890625 0.8109965635738833 0.8765625 0.802405498281787 0.87734375 0.7611683848797252 0.86796875 0.7577319587628867 0.8640625 0.7491408934707905 0.8625 0.7371134020618557 0.86640625 0.7164948453608248 0.85234375 0.7027491408934708 0.85390625 0.6701030927835052 0.8421875 0.6597938144329898 0.84296875 0.6288659793814434 0.83125 0.6168384879725086 0.828125 0.5910652920962199 0.8125 0.5807560137457045 0.775 0.584192439862543 0.76953125 0.5790378006872853 0.728125 0.5790378006872853 0.72578125 0.5824742268041238 0.7265625 0.5910652920962199 0.7222550675675675 0.5942230890684499 0.725 0.5996563573883162 0.721875 0.6013745704467355 0.72421875 0.6082474226804124 0.721875 0.6288659793814434 0.7265625 0.6477663230240551
0 0.29453125 0.7989690721649485 0.30078125 0.8041237113402062 0.30546875 0.8178694158075602 0.31796875 0.8247422680412372 0.34140625 0.8230240549828179 0.35546875 0.816151202749141 0.39296875 0.8195876288659795 0.4046875 0.8264604810996564 0.428125 0.8247422680412372 0.43203125 0.7972508591065293 0.428125 0.7886597938144331 0.396875 0.7886597938144331 0.3640625 0.7783505154639176 0.29296875 0.7800687285223369 0.28984375 0.7817869415807561 0.29453125 0.7989690721649485
0 0.26640625 0.9175257731958764 0.28671875 0.9329896907216495 0.2890625 0.9415807560137457 0.30859375 0.9347079037800687 0.353125 0.9398625429553265 0.3625 0.9347079037800687 0.365625 0.9398625429553265 0.37265625 0.9381443298969072 0.3765625 0.9450171821305842 0.3921875 0.9450171821305842 0.3984375 0.9329896907216495 0.4234375 0.9381443298969072 0.43515625 0.9467353951890034 0.45234375 0.936426116838488 0.44375 0.9089347079037802 0.4453125 0.9037800687285223 0.4015625 0.88659793814433 0.3921875 0.8900343642611684 0.38828125 0.8831615120274915 0.3859375 0.8831615120274915 0.38671875 0.8934707903780069 0.3828125 0.8986254295532646 0.346875 0.8900343642611684 0.3265625 0.8934707903780069 0.315625 0.9020618556701031 0.29375 0.8900343642611684 0.26484375 0.9020618556701031 0.26171875 0.9089347079037802 0.26640625 0.9175257731958764
0 0.31953125 0.9793814432989691 0.43515625 0.9965635738831615 0.4578125 0.9965635738831615 0.46015625 0.9845360824742269 0.463671875 0.9948453608247423 0.46953125 0.993127147766323 0.4609375 0.9810996563573884 0.4609375 0.9553264604810998 0.45703125 0.9536082474226806 0.45234375 0.9415807560137457 0.4421875 0.9381443298969072 0.43203125 0.9261168384879725 0.4125 0.9261168384879725 0.40546875 0.9140893470790379 0.3828125 0.9243986254295533 0.34921875 0.9243986254295533 0.34140625 0.9312714776632303 0.33203125 0.9261168384879725 0.30546875 0.9261168384879725 0.2875 0.9329896907216495 0.2890625 0.9415807560137457 0.31953125 0.9793814432989691
0 0.3078125 0.9106529209621994 0.30390625 0.9089347079037802 0.2984375 0.9106529209621994 0.3078125 0.9106529209621994
0 0.4304378094059406 0.9108230410669934 0.425 0.9089347079037802 0.42890625 0.9192439862542956 0.4304378094059406 0.9108230410669934
0 0.43984375 0.9140893470790379 0.4306131827731092 0.9108839412053482 0.4390625 0.9243986254295533 0.43984375 0.9140893470790379
0 0.140625 0.7646048109965636 0.14921875 0.7646048109965636 0.15078125 0.7783505154639176 0.15390625 0.7835051546391754 0.22421875 0.7869415807560138 0.2421875 0.7938144329896908 0.2796875 0.7920962199312716 0.28515625 0.7869415807560138 0.2796875 0.7697594501718215 0.275 0.7646048109965636 0.27890625 0.7577319587628867 0.27890625 0.7491408934707905 0.278125 0.7439862542955327 0.27265625 0.7405498281786942 0.271875 0.7336769759450172 0.2578125 0.7285223367697595 0.2390625 0.731958762886598 0.23046875 0.7233676975945018 0.21953125 0.7302405498281788 0.203125 0.7302405498281788 0.1859375 0.718213058419244 0.175 0.7216494845360826 0.1734375 0.7268041237113403 0.16171875 0.7216494845360826 0.14609375 0.725085910652921 0.1375 0.7147766323024055 0.1328125 0.7164948453608248 0.134375 0.7560137457044674 0.140625 0.7646048109965636
0 0.3546875 0.8375 0.00234375 0.0015625
0 0.2890625 0.7749140893470792 0.28828125 0.7835051546391754 0.2921875 0.79553264604811 0.31796875 0.8384879725085911 0.35546875 0.8281786941580757 0.35859375 0.8195876288659795 0.3625 0.8247422680412372 0.390625 0.8213058419243987 0.41015625 0.8298969072164949 0.43203125 0.8247422680412372 0.43203125 0.7920962199312716 0.42890625 0.7886597938144331 0.3890625 0.7869415807560138 0.36484375 0.7783505154639176 0.3015625 0.7800687285223369 0.3 0.7749140893470792 0.30390625 0.7646048109965636 0.3 0.7594501718213059 0.3 0.7508591065292097 0.2859375 0.7542955326460482 0.28515625 0.7714776632302407 0.2890625 0.7749140893470792
0 0.20546875 0.8402061855670103 0.21015625 0.852233676975945 0.21796875 0.8556701030927837 0.221875 0.8676975945017184 0.240625 0.8814432989690723 0.2578125 0.8831615120274915 0.26015625 0.8745704467353953 0.26875 0.8728522336769761 0.29296875 0.879725085910653 0.29375 0.8711340206185568 0.303125 0.8659793814432991 0.3234375 0.8676975945017184 0.325 0.8591065292096222 0.325 0.852233676975945 0.32109375 0.845360824742268 0.31328125 0.8419243986254296 0.309375 0.8298969072164949 0.30078125 0.8247422680412372 0.23359375 0.8213058419243987 0.2265625 0.8264604810996564 0.21484375 0.8144329896907218 0.20703125 0.8264604810996564 0.196875 0.8264604810996564 0.19765625 0.8384879725085911 0.20546875 0.8402061855670103
0 0.2125 0.81015625 0.0015625 0.0015625
0 0.23046875 0.8144329896907218 0.23828125 0.802405498281787 0.22578125 0.8041237113402062 0.23046875 0.8144329896907218
0 0.25625 0.8109965635738833 0.25078125 0.8006872852233677 0.2453125 0.8041237113402062 0.25625 0.8109965635738833
0 0.28515625 0.7731958762886599 0.28984375 0.7800687285223369 0.32109375 0.7835051546391754 0.3328125 0.7783505154639176 0.36015625 0.7783505154639176 0.384375 0.7869415807560138 0.428125 0.7886597938144331 0.43203125 0.7783505154639176 0.4296875 0.7646048109965636 0.43046875 0.7044673539518901 0.43671875 0.6374570446735396 0.4359375 0.6013745704467355 0.43984375 0.5876288659793815 0.43828125 0.5652920962199313 0.44296875 0.5463917525773196 0.44296875 0.534364261168385 0.4390625 0.5240549828178694 0.4328125 0.520618556701031 0.42109375 0.527491408934708 0.41171875 0.520618556701031 0.4015625 0.5257731958762888 0.3859375 0.5223367697594502 0.3796875 0.527491408934708 0.3703125 0.5189003436426117 0.35625 0.5240549828178694 0.34921875 0.5189003436426117 0.31953125 0.5223367697594502 0.315625 0.534364261168385 0.315625 0.5549828178694158 0.30859375 0.5721649484536082 0.30859375 0.5910652920962199 0.3015625 0.6065292096219932 0.3015625 0.6408934707903781 0.296875 0.6546391752577321 0.29453125 0.6821305841924399 0.2890625 0.7061855670103093 0.28984375 0.7336769759450172 0.28671875 0.7405498281786942 0.28828125 0.7542955326460482 0.28515625 0.7731958762886599
0 0.54140625 0.9896907216494846 0.5265625 0.9896907216494846 0.525 0.9914089347079038 0.54140625 0.9896907216494846
0 0.45390625 0.9003436426116839 0.4515625 0.9089347079037802 0.4546875 0.9140893470790379 0.45234375 0.9209621993127148 0.46328125 0.9536082474226806 0.46328125 0.9776632302405499 0.4703125 0.993127147766323 0.47734375 0.9896907216494846 0.4828125 0.9742268041237114 0.49453125 0.9862542955326461 0.49869765624999995 0.9862542955326461 0.498828125 0.9776632302405499 0.5028648437500001 0.9862542955326461 0.5029296875 0.9776632302405499 0.50703125 0.9776632302405499 0.50703125 0.9862542955326461 0.51015625 0.9862542955326461 0.51171875 0.9828178694158076 0.5078125 0.9621993127147768 0.51171875 0.957044673539519 0.51875 0.963917525773196 0.53046875 0.963917525773196 0.53671875 0.970790378006873 0.5390625 0.9810996563573884 0.54296875 0.9793814432989691 0.54609375 0.9656357388316152 0.553125 0.9587628865979383 0.5671875 0.9106529209621994 0.5640625 0.8934707903780069 0.528125 0.8917525773195877 0.515625 0.8831615120274915 0.49609375 0.8900343642611684 0.46875 0.88659793814433 0.4625 0.8934707903780069 0.4515625 0.8934707903780069 0.45 0.8969072164948454 0.45390625 0.9003436426116839
0 0.57734375 0.9140893470790379 0.5765625 0.9209621993127148 0.57890625 0.9226804123711341 0.590625 0.9226804123711341 0.584375 0.9381443298969072 0.5984375 0.9347079037800687 0.596875 0.9278350515463918 0.6 0.9243986254295533 0.609375 0.9243986254295533 0.615625 0.9329896907216495 0.62265625 0.9347079037800687 0.62421875 0.929553264604811 0.63125 0.9278350515463918 0.6296875 0.9415807560137457 0.63125 0.9398625429553265 0.6328125 0.9518900343642611 0.6515625 0.957044673539519 0.6578125 0.9536082474226806 0.66640625 0.9381443298969072 0.6765625 0.9329896907216495 0.68359375 0.9192439862542956 0.70078125 0.9020618556701031 0.70625 0.8900343642611684 0.72265625 0.8745704467353953 0.7140625 0.8487972508591065 0.70390625 0.8505154639175257 0.6984375 0.845360824742268 0.665625 0.8402061855670103 0.64765625 0.845360824742268 0.646875 0.8505154639175257 0.64375 0.845360824742268 0.640625 0.852233676975945 0.58359375 0.8573883161512029 0.57578125 0.8780068728522338 0.57265625 0.9140893470790379 0.57734375 0.9140893470790379
0 0.640625 0.9703125 0.00234375 0.0015625
0 0.54609375 0.993127147766323 0.55234375 0.9982817869415808 0.6109375 0.9982817869415808 0.63515625 0.993127147766323 0.63046875 0.9862542955326461 0.6328125 0.9759450171821307 0.63125 0.9725085910652922 0.61953125 0.970790378006873 0.61484375 0.9621993127147768 0.578125 0.9656357388316152 0.5703125 0.9776632302405499 0.55390625 0.9810996563573884 0.5515625 0.9896907216494846 0.54609375 0.993127147766323
0 0.7015625 0.9536082474226806 0.7046875 0.9621993127147768 0.709375 0.9621993127147768 0.7109375 0.9518900343642611 0.72421875 0.9467353951890034 0.7640625 0.9604810996563575 0.79609375 0.9381443298969072 0.79244765625 0.9278350515463918 0.8046875 0.929553264604811 0.8078125 0.9226804123711341 0.7640625 0.9278350515463918 0.76171875 0.9209621993127148 0.7609375 0.9261168384879725 0.740625 0.929553264604811 0.7125 0.9261168384879725 0.71015625 0.9158075601374571 0.7 0.9140893470790379 0.68125 0.9209621993127148 0.6734375 0.9312714776632303 0.671875 0.9518900343642611 0.7015625 0.9536082474226806
0 0.434375 0.993127147766323 0.43203125 0.9914089347079038 0.4296875 0.993127147766323 0.434375 0.993127147766323
0 0.42734375 0.993127147766323 0.40078125 0.9879725085910653 0.4078125 0.9948453608247423 0.42734375 0.993127147766323
0 0.434375 0.9828178694158076 0.4375 0.9793814432989691 0.43125 0.9776632302405499 0.4296875 0.9793814432989691 0.434375 0.9828178694158076
0 0.40625 0.9484536082474226 0.40234375 0.9450171821305842 0.4015625 0.9484536082474226 0.40625 0.9484536082474226
0 0.36640625 0.9421875 0.0015625 0.0015625
0 0.2890625 0.9415807560137457 0.31796875 0.9793814432989691 0.39375 0.9896907216494846 0.3984375 0.9862542955326461 0.4 0.9759450171821307 0.4109375 0.9725085910652922 0.41484375 0.9793814432989691 0.42265625 0.9810996563573884 0.4265625 0.9690721649484537 0.425 0.9604810996563575 0.39296875 0.9553264604810998 0.39140625 0.9484536082474226 0.37890625 0.9484536082474226 0.3734375 0.9415807560137457 0.36796875 0.9467353951890034 0.35 0.9467353951890034 0.34765625 0.9415807560137457 0.353125 0.9347079037800687 0.34765625 0.9278350515463918 0.34140625 0.9329896907216495 0.33046875 0.9278350515463918 0.32421875 0.9381443298969072 0.3203125 0.929553264604811 0.31875 0.9347079037800687 0.31640625 0.929553264604811 0.30703125 0.9278350515463918 0.28828125 0.9329896907216495 0.28671875 0.9347079037800687 0.2890625 0.9415807560137457
0 0.403125 0.9879725085910653 0.39453125 0.9690721649484537 0.38671875 0.9742268041237114 0.38671875 0.9845360824742269 0.403125 0.9879725085910653
0 0.39375 0.963917525773196 0.39453125 0.9604810996563575 0.390625 0.9553264604810998 0.38671875 0.957044673539519 0.39375 0.963917525773196
0 0.37421875 0.9312714776632303 0.38671875 0.929553264604811 0.38671875 0.9484536082474226 0.39375 0.9501718213058419 0.39609375 0.957044673539519 0.42578125 0.9604810996563575 0.43515625 0.9656357388316152 0.43828125 0.9742268041237114 0.44765625 0.9759450171821307 0.45 0.9828178694158076 0.45625 0.9828178694158076 0.4578125 0.9759450171821307 0.45546875 0.9690721649484537 0.46171875 0.957044673539519 0.4484375 0.9209621993127148 0.43359375 0.9106529209621994 0.41953125 0.9140893470790379 0.409375 0.9072164948453609 0.40546875 0.9243986254295533 0.40078125 0.9261168384879725 0.396875 0.9209621993127148 0.39921875 0.9140893470790379 0.39765625 0.9072164948453609 0.39453125 0.9158075601374571 0.38046875 0.9123711340206186 0.37421875 0.9209621993127148 0.36953125 0.9209621993127148 0.36875 0.9261168384879725 0.37421875 0.9312714776632303
0 0.5796875 0.8969072164948454 0.60546875 0.9003436426116839 0.60703125 0.8951890034364262 0.6171875 0.8934707903780069 0.61953125 0.8951890034364262 0.61875 0.9037800687285223 0.62109375 0.9037800687285223 0.6203125 0.8969072164948454 0.6296875 0.8969072164948454 0.6390625 0.9054982817869417 0.63984375 0.8986254295532646 0.64296875 0.9054982817869417 0.6578125 0.9089347079037802 0.6625 0.9037800687285223 0.66484375 0.88659793814433 0.66953125 0.88659793814433 0.66796875 0.9054982817869417 0.66953125 0.9072164948453609 0.6703125 0.8969072164948454 0.67447890625 0.8969072164948454 0.675 0.8883161512027492 0.68125 0.8883161512027492 0.68359375 0.8951890034364262 0.6786460937500001 0.8969072164948454 0.67578125 0.9072164948453609 0.68203125 0.9072164948453609 0.69609375 0.9003436426116839 0.70703125 0.8814432989690723 0.721875 0.8762886597938145 0.72265625 0.8608247422680414 0.7328125 0.852233676975945 0.73828125 0.8316151202749141 0.6875 0.816151202749141 0.59140625 0.8178694158075602 0.584375 0.8316151202749141 0.57734375 0.8676975945017184 0.57578125 0.8917525773195877 0.5796875 0.8969072164948454
0 0.4625 0.9553264604810998 0.46171875 0.9776632302405499 0.46484375 0.993127147766323 0.46796875 0.9948453608247423 0.48828125 0.9879725085910653 0.50859375 0.9948453608247423 0.54609375 0.9896907216494846 0.54765625 0.993127147766323 0.5453125 0.9810996563573884 0.55390625 0.9604810996563575 0.5609375 0.929553264604811 0.55703125 0.9192439862542956 0.5484375 0.9243986254295533 0.4578125 0.9261168384879725 0.45625 0.936426116838488 0.4625 0.9553264604810998
0 0.51484375 0.9072164948453609 0.51484375 0.9020618556701031 0.50703125 0.9072164948453609 0.51484375 0.9072164948453609
0 0.4734375 0.8969072164948454 0.47890625 0.8951890034364262 0.471875 0.8883161512027492 0.46875 0.8900343642611684 0.4734375 0.8969072164948454
0 0.3203125 0.9003436426116839 0.3171875 0.8934707903780069 0.3125 0.8934707903780069 0.31328125 0.9003436426116839 0.3203125 0.9003436426116839
0 0.3 0.8006872852233677 0.30859375 0.8230240549828179 0.31015625 0.8350515463917526 0.328125 0.8625429553264606 0.328125 0.8831615120274915 0.32265625 0.8900343642611684 0.3453125 0.8900343642611684 0.38984375 0.879725085910653 0.41875 0.88659793814433 0.425 0.8969072164948454 0.43046875 0.8969072164948454 0.44140625 0.88659793814433 0.43671875 0.8608247422680414 0.4375 0.8419243986254296 0.43046875 0.8144329896907218 0.42890625 0.7920962199312716 0.33984375 0.7783505154639176 0.32265625 0.7835051546391754 0.31953125 0.7886597938144331 0.31796875 0.7852233676975946 0.31640625 0.7903780068728523 0.3109375 0.7835051546391754 0.29375 0.7835051546391754 0.29296875 0.79553264604811 0.3 0.8006872852233677
0 0.3796875 0.936426116838488 0.38515625 0.9415807560137457 0.38203125 0.9518900343642611 0.38515625 0.9673539518900345 0.3828125 0.9845360824742269 0.3859375 0.9879725085910653 0.4046875 0.993127147766323 0.40625 0.9828178694158076 0.409375 0.993127147766323 0.41328125 0.9690721649484537 0.41796875 0.9673539518900345 0.43203125 0.9759450171821307 0.4296875 0.993127147766323 0.43203125 0.9948453608247423 0.4328125 0.9845360824742269 0.4375 0.9948453608247423 0.4453125 0.9896907216494846 0.45234375 0.993127147766323 0.45859375 0.9828178694158076 0.459375 0.9742268041237114 0.45625 0.970790378006873 0.4625 0.957044673539519 0.4484375 0.9226804123711341 0.43515625 0.9192439862542956 0.43359375 0.9106529209621994 0.42890625 0.9072164948453609 0.4265625 0.9140893470790379 0.42265625 0.9072164948453609 0.425 0.9192439862542956 0.42109375 0.9278350515463918 0.4109375 0.9243986254295533 0.4 0.929553264604811 0.390625 0.9106529209621994 0.3796875 0.9123711340206186 0.38046875 0.9192439862542956 0.3703125 0.9226804123711341 0.37578125 0.9450171821305842 0.3796875 0.936426116838488
0 0.41953125 0.9054982817869417 0.41796875 0.9020618556701031 0.41640625 0.9037800687285223 0.41953125 0.9054982817869417
0 0.63828125 0.993127147766323 0.640625 0.9896907216494846 0.64296875 0.9948453608247423 0.64765625 0.9879725085910653 0.646875 0.9948453608247423 0.7265625 0.9948453608247423 0.753125 0.9759450171821307 0.78203125 0.9450171821305842 0.775 0.9415807560137457 0.759375 0.9518900343642611 0.74296875 0.9536082474226806 0.7265625 0.9467353951890034 0.7203125 0.9347079037800687 0.71328125 0.9467353951890034 0.6890625 0.9432989690721649 0.68203125 0.929553264604811 0.66875 0.9398625429553265 0.66171875 0.9553264604810998 0.646875 0.9725085910652922 0.6484375 0.9776632302405499 0.63828125 0.993127147766323
0 0.378125 0.8515625 0.00390625 0.0015625
0 0.2921875 0.79553264604811 0.3140625 0.8367697594501718 0.33046875 0.8470790378006873 0.3390625 0.8487972508591065 0.3484375 0.8419243986254296 0.35 0.8470790378006873 0.36796875 0.8487972508591065 0.3703125 0.845360824742268 0.37109375 0.8264604810996564 0.3921875 0.8247422680412372 0.40703125 0.8333333333333334 0.41953125 0.8333333333333334 0.43125 0.8298969072164949 0.4328125 0.8230240549828179 0.43203125 0.7920962199312716 0.428125 0.7886597938144331 0.39609375 0.7886597938144331 0.3640625 0.7783505154639176 0.2921875 0.7800687285223369 0.2890625 0.7817869415807561 0.2921875 0.79553264604811
0 0.29296875 0.7714776632302407 0.29453125 0.7577319587628867 0.29296875 0.7542955326460482 0.28984375 0.7611683848797252 0.28671875 0.752577319587629 0.2859375 0.7714776632302407 0.29296875 0.7714776632302407
0 0.73046875 0.993127147766323 0.71875 0.9896907216494846 0.715625 0.993127147766323 0.73046875 0.993127147766323
0 0.69921875 0.9742268041237114 0.70234375 0.9656357388316152 0.71171875 0.9656357388316152 0.715625 0.9536082474226806 0.72734375 0.9536082474226806 0.72890625 0.9587628865979383 0.72421875 0.9656357388316152 0.7421875 0.9810996563573884 0.75546875 0.9742268041237114 0.79296875 0.9381443298969072 0.76640625 0.9347079037800687 0.7609375 0.936426116838488 0.7609375 0.9415807560137457 0.7546875 0.9501718213058419 0.74453125 0.9484536082474226 0.74921875 0.9347079037800687 0.74140625 0.9398625429553265 0.73828125 0.9329896907216495 0.71640625 0.9381443298969072 0.70078125 0.9347079037800687 0.68984375 0.9450171821305842 0.68515625 0.9381443298969072 0.68359375 0.9501718213058419 0.66953125 0.9536082474226806 0.66171875 0.9673539518900345 0.659375 0.9725085910652922 0.69921875 0.9742268041237114
0 0.7375 0.8419243986254296 0.7390625 0.8505154639175257 0.7484375 0.8556701030927837 0.778125 0.8556701030927837 0.784375 0.8608247422680414 0.7890625 0.8745704467353953 0.825 0.8642611683848799 0.83125 0.8728522336769761 0.8359375 0.8676975945017184 0.83671875 0.8728522336769761 0.846875 0.8762886597938145 0.86328125 0.8762886597938145 0.8671875 0.8728522336769761 0.8671875 0.8625429553264606 0.88671875 0.8487972508591065 0.8921875 0.8230240549828179 0.88984375 0.8109965635738833 0.8609375 0.8041237113402062 0.8453125 0.7852233676975946 0.840625 0.7886597938144331 0.84140625 0.802405498281787 0.8390625 0.8075601374570448 0.8296875 0.8178694158075602 0.81953125 0.8178694158075602 0.81015625 0.8075601374570448 0.796875 0.8144329896907218 0.790625 0.8041237113402062 0.7828125 0.8127147766323025 0.76640625 0.8144329896907218 0.7609375 0.809278350515464 0.7484375 0.8178694158075602 0.7453125 0.8316151202749141 0.7375 0.8419243986254296
0 0.8390625 0.76875 0.00390625 0.0015625
0 0.84609375 0.7680412371134021 0.84765625 0.7783505154639176 0.85 0.7783505154639176 0.8515625 0.7731958762886599 0.8484375 0.7646048109965636 0.84296875 0.7697594501718215 0.84609375 0.7680412371134021
0 0.8625 0.7714776632302407 0.875 0.7731958762886599 0.87578125 0.7817869415807561 0.878125 0.7628865979381444 0.87109375 0.7577319587628867 0.86171875 0.7577319587628867 0.8625 0.7714776632302407
0 0.325 0.8900343642611684 0.35546875 0.8900343642611684 0.36875 0.8831615120274915 0.4 0.8814432989690723 0.42890625 0.8951890034364262 0.44375 0.88659793814433 0.43515625 0.8539518900343642 0.409375 0.8487972508591065 0.40078125 0.8402061855670103 0.39453125 0.8487972508591065 0.375 0.8505154639175257 0.35859375 0.8436426116838488 0.33671875 0.8505154639175257 0.3265625 0.8470790378006873 0.325 0.852233676975945 0.32890625 0.8642611683848799 0.325 0.8900343642611684
0 0.72734375 0.8728522336769761 0.76796875 0.8831615120274915 0.796875 0.8814432989690723 0.80078125 0.8762886597938145 0.8671875 0.8762886597938145 0.8703125 0.8591065292096222 0.86640625 0.852233676975945 0.84453125 0.8539518900343642 0.828125 0.845360824742268 0.8109375 0.8505154639175257 0.775 0.8505154639175257 0.7671875 0.8402061855670103 0.76171875 0.8487972508591065 0.75703125 0.8487972508591065 0.74375 0.8367697594501718 0.7234375 0.852233676975945 0.72265625 0.8591065292096222 0.72734375 0.8728522336769761
0 0.67890625 0.9725085910652922 0.696875 0.9725085910652922 0.7 0.9673539518900345 0.71171875 0.9656357388316152 0.71640625 0.957044673539519 0.72890625 0.9690721649484537 0.7390625 0.9673539518900345 0.7515625 0.9742268041237114 0.784375 0.9450171821305842 0.784375 0.9381443298969072 0.78828125 0.9381443298969072 0.76484375 0.9347079037800687 0.74765625 0.9467353951890034 0.74609375 0.9398625429553265 0.7484375 0.9347079037800687 0.7453125 0.9329896907216495 0.7125 0.9329896907216495 0.70546875 0.9261168384879725 0.696875 0.9278350515463918 0.6921875 0.9209621993127148 0.68515625 0.9209621993127148 0.6671875 0.9415807560137457 0.66328125 0.9536082474226806 0.6625 0.9656357388316152 0.67890625 0.9725085910652922
0 0.68828125 0.9140893470790379 0.69140625 0.9261168384879725 0.70234375 0.9347079037800687 0.80390625 0.929553264604811 0.809375 0.9192439862542956 0.82109375 0.9175257731958764 0.82421875 0.9072164948453609 0.834375 0.9037800687285223 0.83671875 0.8934707903780069 0.85 0.8900343642611684 0.85 0.8814432989690723 0.846875 0.8780068728522338 0.7625 0.8780068728522338 0.73046875 0.8694158075601376 0.728125 0.8608247422680414 0.72421875 0.8625429553264606 0.72578125 0.8711340206185568 0.7234375 0.8780068728522338 0.70625 0.8848797250859107 0.70078125 0.8986254295532646 0.68828125 0.9140893470790379
0 0.4421875 0.8711340206185568 0.4453125 0.8831615120274915 0.45234375 0.8883161512027492 0.48046875 0.8848797250859107 0.4875 0.8900343642611684 0.49296875 0.8831615120274915 0.5015625 0.8883161512027492 0.5046875 0.8831615120274915 0.515625 0.8814432989690723 0.525 0.8900343642611684 0.56796875 0.8917525773195877 0.571875 0.88659793814433 0.57734375 0.8625429553264606 0.57734375 0.8487972508591065 0.5671875 0.8539518900343642 0.5578125 0.8402061855670103 0.54921875 0.8436426116838488 0.54140625 0.8367697594501718 0.5203125 0.845360824742268 0.4890625 0.8436426116838488 0.46328125 0.8487972508591065 0.45390625 0.8384879725085911 0.4421875 0.8436426116838488 0.43984375 0.8505154639175257 0.4421875 0.8711340206185568
0 0.85 0.8900343642611684 0.84765625 0.8831615120274915 0.83515625 0.8883161512027492 0.83359375 0.8900343642611684 0.85 0.8900343642611684
0 0.7859375 0.816151202749141 0.7796875 0.8178694158075602 0.77578125 0.8247422680412372 0.7859375 0.816151202749141
0 0.72734375 0.879725085910653 0.77421875 0.88659793814433 0.7859375 0.8814432989690723 0.7953125 0.8900343642611684 0.803125 0.8831615120274915 0.80234375 0.8780068728522338 0.81015625 0.8831615120274915 0.82421875 0.8780068728522338 0.828125 0.8848797250859107 0.83203125 0.8780068728522338 0.8671875 0.8762886597938145 0.87578125 0.8487972508591065 0.8796875 0.8470790378006873 0.8828125 0.8367697594501718 0.88984375 0.8333333333333334 0.890625 0.8178694158075602 0.87578125 0.809278350515464 0.86796875 0.8264604810996564 0.86484375 0.8230240549828179 0.86640625 0.816151202749141 0.8609375 0.8195876288659795 0.86328125 0.8230240549828179 0.86171875 0.8298969072164949 0.85625 0.8298969072164949 0.85234375 0.8402061855670103 0.84375 0.8367697594501718 0.83515625 0.8436426116838488 0.81875 0.8350515463917526 0.8 0.8384879725085911 0.7890625 0.8367697594501718 0.7859375 0.8316151202749141 0.78046875 0.8367697594501718 0.7703125 0.8350515463917526 0.76875 0.8298969072164949 0.7578125 0.8367697594501718 0.7515625 0.8213058419243987 0.73359375 0.8470790378006873 0.7234375 0.852233676975945 0.7234375 0.8642611683848799 0.72734375 0.879725085910653
0 0.8515625 0.8144329896907218 0.8546875 0.8213058419243987 0.85859375 0.8213058419243987 0.85390625 0.8109965635738833 0.85546875 0.8075601374570448 0.853125 0.8058419243986255 0.85234375 0.8127147766323025 0.84921875 0.8058419243986255 0.8484375 0.8213058419243987 0.8515625 0.8144329896907218
0 0.49609375 0.9106529209621994 0.49453125 0.9089347079037802 0.49375 0.9140893470790379 0.49609375 0.9106529209621994
0 0.4546875 0.8953125 0.00546875 0.003125
0 0.4640625 0.9089347079037802 0.45625 0.9123711340206186 0.45234375 0.9209621993127148 0.45625 0.9398625429553265 0.46328125 0.9553264604810998 0.4625 0.9759450171821307 0.46875 0.993127147766323 0.47734375 0.9914089347079038 0.48359375 0.9828178694158076 0.51015625 0.9879725085910653 0.5203125 0.970790378006873 0.52265625 0.970790378006873 0.5265625 0.9914089347079038 0.53359375 0.9862542955326461 0.5359375 0.9914089347079038 0.53515625 0.9862542955326461 0.5375 0.9828178694158076 0.53984375 0.9828178694158076 0.540625 0.9914089347079038 0.540625 0.9810996563573884 0.55078125 0.9656357388316152 0.56640625 0.9106529209621994 0.56328125 0.8934707903780069 0.52578125 0.8900343642611684 0.515625 0.8831615120274915 0.49765625 0.8900343642611684 0.47421875 0.8848797250859107 0.46328125 0.8934707903780069 0.4671875 0.8986254295532646 0.4640625 0.9089347079037802
0 0.36953125 0.9518900343642611 0.38125 0.9621993127147768 0.3796875 0.9828178694158076 0.38359375 0.9879725085910653 0.39921875 0.993127147766323 0.4625 0.993127147766323 0.45703125 0.9862542955326461 0.45859375 0.9759450171821307 0.45546875 0.970790378006873 0.46015625 0.9656357388316152 0.46171875 0.9553264604810998 0.45234375 0.9398625429553265 0.4390625 0.9312714776632303 0.3953125 0.9312714776632303 0.39453125 0.9243986254295533 0.38671875 0.9209621993127148 0.3828125 0.929553264604811 0.3734375 0.929553264604811 0.37109375 0.9381443298969072 0.37265625 0.9432989690721649 0.36953125 0.9518900343642611
0 0.6046875 0.9003436426116839 0.63203125 0.9123711340206186 0.64296875 0.9089347079037802 0.67421875 0.9158075601374571 0.6953125 0.9037800687285223 0.71015625 0.8831615120274915 0.70625 0.879725085910653 0.70703125 0.8848797250859107 0.70390625 0.8883161512027492 0.70078125 0.879725085910653 0.67734375 0.8762886597938145 0.65859375 0.8642611683848799 0.65703125 0.8694158075601376 0.64375 0.8728522336769761 0.60390625 0.8728522336769761 0.60078125 0.8814432989690723 0.59140625 0.8728522336769761 0.578125 0.8745704467353953 0.57890625 0.8969072164948454 0.6046875 0.9003436426116839
0 0.18203125 0.8058419243986255 0.1859375 0.8213058419243987 0.19609375 0.8281786941580757 0.1984375 0.8384879725085911 0.2078125 0.8419243986254296 0.2109375 0.852233676975945 0.21875 0.8556701030927837 0.2234375 0.8694158075601376 0.2390625 0.8814432989690723 0.24453125 0.8917525773195877 0.25625 0.8917525773195877 0.265625 0.9003436426116839 0.271875 0.9003436426116839 0.2734375 0.8917525773195877 0.27890625 0.8986254295532646 0.27890625 0.8883161512027492 0.32109375 0.8848797250859107 0.3265625 0.8676975945017184 0.32421875 0.8505154639175257 0.3125 0.8419243986254296 0.30859375 0.8281786941580757 0.28671875 0.7938144329896908 0.17109375 0.7903780068728523 0.171875 0.8058419243986255 0.18203125 0.8058419243986255
0 0.1828125 0.8075601374570448 0.1859375 0.8213058419243987 0.1953125 0.8264604810996564 0.1984375 0.8384879725085911 0.20625 0.8402061855670103 0.2109375 0.852233676975945 0.21796875 0.8556701030927837 0.2234375 0.8694158075601376 0.26171875 0.9054982817869417 0.2796875 0.9072164948453609 0.28203125 0.8986254295532646 0.29140625 0.8883161512027492 0.321875 0.8900343642611684 0.328125 0.8659793814432991 0.32734375 0.852233676975945 0.32421875 0.845360824742268 0.3140625 0.8402061855670103 0.31171875 0.8298969072164949 0.30078125 0.8144329896907218 0.3 0.8075601374570448 0.2921875 0.802405498281787 0.2875 0.7920962199312716 0.17109375 0.7920962199312716 0.171875 0.8058419243986255 0.1828125 0.8075601374570448
0 0.21875 0.8539518900343642 0.22265625 0.8676975945017184 0.2390625 0.8814432989690723 0.24375 0.8917525773195877 0.2625 0.9054982817869417 0.27890625 0.9072164948453609 0.28984375 0.8986254295532646 0.2921875 0.8917525773195877 0.2984375 0.8986254295532646 0.31796875 0.9020618556701031 0.32890625 0.8951890034364262 0.33359375 0.8831615120274915 0.33046875 0.8745704467353953 0.3296875 0.8573883161512029 0.321875 0.8436426116838488 0.31328125 0.8402061855670103 0.3109375 0.8298969072164949 0.2578125 0.8298969072164949 0.25 0.8384879725085911 0.24296875 0.8333333333333334 0.24296875 0.8384879725085911 0.2375 0.8367697594501718 0.234375 0.8419243986254296 0.225 0.8316151202749141 0.22421875 0.8402061855670103 0.2171875 0.8350515463917526 0.2109375 0.8402061855670103 0.21015625 0.8487972508591065 0.21875 0.8539518900343642
0 0.2171875 0.82890625 0.00234375 0.0015625
0 0.4578125 0.9450171821305842 0.4625 0.9553264604810998 0.4609375 0.9742268041237114 0.4640625 0.993127147766323 0.46640625 0.9948453608247423 0.4875 0.993127147766323 0.49140625 0.9879725085910653 0.50078125 0.9948453608247423 0.5425 0.993127147766323 0.54375 0.9862542955326461 0.546875 0.993127147766323 0.54375 0.9828178694158076 0.55078125 0.9673539518900345 0.55703125 0.9415807560137457 0.55625 0.9329896907216495 0.53359375 0.9329896907216495 0.52734375 0.9278350515463918 0.4609375 0.9278350515463918 0.4578125 0.9347079037800687 0.4578125 0.9450171821305842
0 0.18046875 0.809278350515464 0.18515625 0.8230240549828179 0.209375 0.8367697594501718 0.225 0.8384879725085911 0.23359375 0.8316151202749141 0.26875 0.8298969072164949 0.30546875 0.8350515463917526 0.3078125 0.8298969072164949 0.3 0.809278350515464 0.2875 0.7903780068728523 0.24921875 0.79553264604811 0.22578125 0.7886597938144331 0.16953125 0.7886597938144331 0.16953125 0.8058419243986255 0.18046875 0.809278350515464
0 0.37109375 0.9123711340206186 0.37239609375 0.9175257731958764 0.38125 0.9175257731958764 0.3734375 0.9106529209621994 0.37109375 0.9123711340206186
0 0.36640625 0.9158075601374571 0.35390625 0.9123711340206186 0.353125 0.9175257731958764 0.36796875 0.9175257731958764 0.37109375 0.9123711340206186 0.36640625 0.9158075601374571
0 0.32109375 0.8436426116838488 0.32890625 0.8642611683848799 0.32578125 0.8900343642611684 0.40390625 0.8831615120274915 0.42890625 0.8986254295532646 0.4390625 0.8951890034364262 0.44453125 0.88659793814433 0.4375 0.8573883161512029 0.4359375 0.8367697594501718 0.42890625 0.8230240549828179 0.4171875 0.8264604810996564 0.4109375 0.8195876288659795 0.40703125 0.8230240549828179 0.36796875 0.8178694158075602 0.359375 0.8230240549828179 0.3484375 0.8195876288659795 0.3125 0.8247422680412372 0.3125 0.8350515463917526 0.32109375 0.8436426116838488
0 0.19453125 0.8230240549828179 0.1859375 0.8178694158075602 0.1875 0.8230240549828179 0.19453125 0.8230240549828179
0 0.2234375 0.8230240549828179 0.221875 0.816151202749141 0.215625 0.816151202749141 0.2234375 0.8230240549828179
0 0.29921875 0.8125 0.0015625 0.003125
0 0.23046875 0.809375 0.0015625 0.003125
0 0.18203125 0.8006872852233677 0.17734375 0.8041237113402062 0.1921875 0.8127147766323025 0.18203125 0.8006872852233677
0 0.1734375 0.8058419243986255 0.171875 0.7972508591065293 0.17109375 0.8041237113402062 0.1734375 0.8058419243986255
0 0.13671875 0.7611683848797252 0.15 0.7646048109965636 0.15390625 0.7835051546391754 0.16640625 0.7852233676975946 0.17109375 0.7938144329896908 0.20703125 0.7903780068728523 0.2171875 0.79553264604811 0.2203125 0.8075601374570448 0.228125 0.8006872852233677 0.24140625 0.8041237113402062 0.2609375 0.79553264604811 0.28828125 0.79553264604811 0.2796875 0.7714776632302407 0.27890625 0.7422680412371134 0.27421875 0.7371134020618557 0.27578125 0.731958762886598 0.26796875 0.7336769759450172 0.25390625 0.7233676975945018 0.240625 0.731958762886598 0.23125 0.7199312714776632 0.21484375 0.7285223367697595 0.20625 0.7199312714776632 0.19453125 0.7268041237113403 0.18515625 0.718213058419244 0.17734375 0.7199312714776632 0.16875 0.7302405498281788 0.15546875 0.7199312714776632 0.15078125 0.7268041237113403 0.14375 0.7268041237113403 0.13671875 0.7147766323024055 0.1328125 0.7164948453608248 0.13203125 0.7268041237113403 0.13671875 0.7611683848797252
0 0.775 0.94921875 0.00078125 0.0015625
0 0.7515625 0.9776632302405499 0.7609375 0.9604810996563575 0.74453125 0.9587628865979383 0.7234375 0.9484536082474226 0.6734375 0.9553264604810998 0.66796875 0.9467353951890034 0.64375 0.9759450171821307 0.6384840197340197 0.9901002295045824 0.64083359375 0.9948453608247423 0.72109375 0.9982817869415808 0.7515625 0.9776632302405499
0 0.3171875 0.9793814432989691 0.43515625 0.9982817869415808 0.4671875 0.9948453608247423 0.45546875 0.9810996563573884 0.453125 0.970790378006873 0.45546875 0.963917525773196 0.453125 0.9604810996563575 0.453125 0.9690721649484537 0.44453125 0.9621993127147768 0.428125 0.963917525773196 0.39765625 0.957044673539519 0.38984375 0.9656357388316152 0.37890625 0.957044673539519 0.30625 0.957044673539519 0.30625 0.963917525773196 0.3171875 0.9793814432989691
0 0.33984375 0.94921875 0.0046875 0.0015625
0 0.2078125 0.8419243986254296 0.209375 0.8505154639175257 0.21875 0.8556701030927837 0.22421875 0.8694158075601376 0.23359375 0.8711340206185568 0.234375 0.8780068728522338 0.24296875 0.8814432989690723 0.25390625 0.8831615120274915 0.25703125 0.8762886597938145 0.2578125 0.8831615120274915 0.2609375 0.8711340206185568 0.2625 0.8745704467353953 0.2640625 0.8659793814432991 0.2671875 0.8659793814432991 0.2671875 0.8745704467353953 0.26796875 0.8676975945017184 0.28203125 0.8780068728522338 0.28125 0.88659793814433 0.2859375 0.8883161512027492 0.2953125 0.879725085910653 0.296875 0.8848797250859107 0.296875 0.8728522336769761 0.29921875 0.8694158075601376 0.32421875 0.8676975945017184 0.32890625 0.8556701030927837 0.325 0.8436426116838488 0.3171875 0.8402061855670103 0.3140625 0.8298969072164949 0.303125 0.8213058419243987 0.3 0.8109965635738833 0.29296875 0.8058419243986255 0.265625 0.8109965635738833 0.2578125 0.809278350515464 0.25390625 0.8006872852233677 0.23046875 0.8006872852233677 0.2265625 0.8058419243986255 0.21328125 0.802405498281787 0.20859375 0.8213058419243987 0.1984375 0.8247422680412372 0.1984375 0.8384879725085911 0.2078125 0.8419243986254296
0 0.45859375 0.9467353951890034 0.4625 0.9553264604810998 0.4609375 0.9742268041237114 0.46328125 0.993127147766323 0.465625 0.9948453608247423 0.546875 0.9948453608247423 0.5484375 0.9914089347079038 0.54609375 0.9828178694158076 0.5546875 0.9587628865979383 0.55859375 0.9347079037800687 0.55703125 0.9261168384879725 0.490625 0.9278350515463918 0.48125 0.9329896907216495 0.46953125 0.9261168384879725 0.46171875 0.9278350515463918 0.45859375 0.9347079037800687 0.45859375 0.9467353951890034
0 0.56015625 0.970790378006873 0.55390625 0.9742268041237114 0.54609375 0.9948453608247423 0.6296875 0.9982817869415808 0.634375 0.9948453608247423 0.64375 0.970790378006873 0.64375 0.9656357388316152 0.63671875 0.9587628865979383 0.62890625 0.9621993127147768 0.6015625 0.957044673539519 0.59609375 0.9536082474226806 0.5953125 0.9484536082474226 0.5828125 0.957044673539519 0.55703125 0.9553264604810998 0.55625 0.9604810996563575 0.56015625 0.970790378006873
0 0.5890625 0.6769759450171822 0.58828125 0.7027491408934708 0.5921875 0.7611683848797252 0.5921875 0.7852233676975946 0.5890625 0.7903780068728523 0.58828125 0.8041237113402062 0.59140625 0.8144329896907218 0.596875 0.8178694158075602 0.67734375 0.8127147766323025 0.7125 0.8230240549828179 0.74140625 0.8195876288659795 0.740625 0.7938144329896908 0.7375 0.7800687285223369 0.740625 0.7594501718213059 0.73984375 0.7405498281786942 0.73046875 0.7199312714776632 0.73203125 0.6958762886597938 0.7296875 0.6666666666666667 0.734375 0.6529209621993128 0.72734375 0.6494845360824744 0.7203125 0.6219931271477663 0.72734375 0.6116838487972509 0.72734375 0.5927835051546392 0.7203125 0.584192439862543 0.7125 0.5824742268041238 0.71328125 0.563573883161512 0.70859375 0.5481099656357389 0.6921875 0.5429553264604812 0.634375 0.5412371134020619 0.62578125 0.5498281786941581 0.6171875 0.5395189003436427 0.6109375 0.5395189003436427 0.60390625 0.5446735395189004 0.590625 0.5412371134020619 0.5859375 0.5446735395189004 0.5828125 0.5549828178694158 0.5828125 0.6099656357388317 0.5890625 0.6769759450171822
0 0.3640625 0.9329896907216495 0.3640625 0.9278350515463918 0.36015625 0.9312714776632303 0.3640625 0.9329896907216495
0 0.30234375 0.9536082474226806 0.3140625 0.9759450171821307 0.3203125 0.9793814432989691 0.40625 0.9948453608247423 0.46640625 0.9948453608247423 0.45859375 0.9845360824742269 0.45859375 0.9759450171821307 0.45546875 0.9725085910652922 0.46015625 0.957044673539519 0.44921875 0.9415807560137457 0.428125 0.9415807560137457 0.42578125 0.9347079037800687 0.4125 0.929553264604811 0.40703125 0.9329896907216495 0.40625 0.9278350515463918 0.38984375 0.9329896907216495 0.38828125 0.9243986254295533 0.38125 0.9312714776632303 0.37265625 0.929553264604811 0.36328125 0.936426116838488 0.3625 0.9432989690721649 0.35859375 0.9432989690721649 0.35625 0.9381443298969072 0.3578125 0.9347079037800687 0.353125 0.9278350515463918 0.34453125 0.9278350515463918 0.3421875 0.9329896907216495 0.33046875 0.929553264604811 0.32421875 0.9347079037800687 0.32109375 0.929553264604811 0.3078125 0.9278350515463918 0.2875 0.9329896907216495 0.28984375 0.9432989690721649 0.30234375 0.9536082474226806
0 0.70390625 0.9072164948453609 0.7421875 0.9054982817869417 0.75 0.9192439862542956 0.759375 0.9158075601374571 0.7609375 0.9054982817869417 0.79296875 0.9106529209621994 0.8 0.9175257731958764 0.8203125 0.9175257731958764 0.8234375 0.9072164948453609 0.83515625 0.9037800687285223 0.83828125 0.8934707903780069 0.8484375 0.8934707903780069 0.8515625 0.8831615120274915 0.84609375 0.8762886597938145 0.80859375 0.8745704467353953 0.7640625 0.8814432989690723 0.7265625 0.8711340206185568 0.7234375 0.8814432989690723 0.70703125 0.88659793814433 0.70390625 0.8934707903780069 0.7015625 0.9003436426116839 0.70390625 0.9072164948453609
0 0.3859375 0.9896907216494846 0.43515625 0.9982817869415808 0.4640625 0.9982817869415808 0.465625 0.9879725085910653 0.46953125 0.9914089347079038 0.46875 0.9965635738831615 0.47421875 0.993127147766323 0.46484375 0.9862542955326461 0.46484375 0.9759450171821307 0.46015625 0.970790378006873 0.4625 0.9553264604810998 0.45625 0.9484536082474226 0.45234375 0.9484536082474226 0.44921875 0.9587628865979383 0.44296875 0.9536082474226806 0.425 0.9587628865979383 0.40625 0.9536082474226806 0.38359375 0.963917525773196 0.38203125 0.9845360824742269 0.3859375 0.9896907216494846
0 0.4046875 0.94609375 0.00234375 0.0015625
0 0.3140625 0.8402061855670103 0.3203125 0.8419243986254296 0.33125 0.8556701030927837 0.35390625 0.8556701030927837 0.3625 0.8625429553264606 0.3796875 0.8573883161512029 0.38671875 0.8625429553264606 0.39453125 0.8556701030927837 0.43046875 0.8608247422680414 0.43828125 0.852233676975945 0.43671875 0.8316151202749141 0.428125 0.809278350515464 0.42109375 0.8178694158075602 0.41015625 0.816151202749141 0.403515625 0.8213058419243987 0.3515625 0.816151202749141 0.3109375 0.8230240549828179 0.3109375 0.8333333333333334 0.3140625 0.8402061855670103
0 0.28359375 0.9329896907216495 0.290625 0.9467353951890034 0.30703125 0.9604810996563575 0.32109375 0.957044673539519 0.3171875 0.9759450171821307 0.32265625 0.9776632302405499 0.35078125 0.9845360824742269 0.3546875 0.9845360824742269 0.35703125 0.9776632302405499 0.35859375 0.9845360824742269 0.371875 0.9810996563573884 0.3984375 0.9896907216494846 0.4 0.9759450171821307 0.403125 0.9742268041237114 0.40390625 0.9896907216494846 0.409375 0.993127147766323 0.41015625 0.963917525773196 0.4359375 0.9656357388316152 0.4421875 0.9810996563573884 0.4546875 0.9828178694158076 0.45703125 0.9776632302405499 0.4546875 0.9690721649484537 0.46015625 0.9553264604810998 0.45546875 0.9518900343642611 0.45546875 0.9415807560137457 0.44609375 0.9175257731958764 0.43125 0.8986254295532646 0.4015625 0.88659793814433 0.3859375 0.8934707903780069 0.38125 0.9003436426116839 0.33828125 0.8917525773195877 0.328125 0.8934707903780069 0.32265625 0.9037800687285223 0.3171875 0.9037800687285223 0.29921875 0.8934707903780069 0.28828125 0.8934707903780069 0.2859375 0.8969072164948454 0.2875 0.9020618556701031 0.28359375 0.9072164948453609 0.26875 0.9072164948453609 0.2671875 0.9175257731958764 0.28359375 0.9329896907216495
0 0.803125 0.7953125 0.00078125 0.003125
0 0.8125 0.7714776632302407 0.809375 0.7697594501718215 0.8109375 0.7783505154639176 0.8125 0.7714776632302407
0 0.74609375 0.7817869415807561 0.746875 0.7869415807560138 0.7515625 0.7903780068728523 0.75625 0.7783505154639176 0.74765625 0.7680412371134021 0.75 0.7783505154639176 0.74609375 0.7817869415807561
0 0.7546875 0.7422680412371134 0.75546875 0.731958762886598 0.753125 0.731958762886598 0.75234375 0.7405498281786942 0.7546875 0.7422680412371134
0 0.746875 0.7371134020618557 0.746875 0.7439862542955327 0.75078125 0.7439862542955327 0.7515625 0.7302405498281788 0.74453125 0.7216494845360826 0.74296875 0.7302405498281788 0.746875 0.7371134020618557
0 0.73125 0.6202749140893471 0.7265625 0.6254295532646049 0.7296875 0.6391752577319588 0.734375 0.6357388316151203 0.73671875 0.6426116838487973 0.73984375 0.6374570446735396 0.74296875 0.6408934707903781 0.74375 0.6477663230240551 0.7390625 0.6546391752577321 0.740625 0.6632302405498283 0.74609375 0.6649484536082475 0.74765625 0.6718213058419245 0.74765625 0.6993127147766324 0.74453125 0.7096219931271478 0.75625 0.7199312714776632 0.75703125 0.7268041237113403 0.76484375 0.7371134020618557 0.76171875 0.7508591065292097 0.753125 0.745704467353952 0.7463334517045455 0.7623008434864106 0.7609375 0.7714776632302407 0.7625 0.7903780068728523 0.75703125 0.7886597938144331 0.7625 0.7989690721649485 0.75859375 0.8109965635738833 0.75 0.8144329896907218 0.74375 0.8350515463917526 0.7375 0.8384879725085911 0.73359375 0.8487972508591065 0.72265625 0.852233676975945 0.725 0.8745704467353953 0.70546875 0.8934707903780069 0.69921875 0.9072164948453609 0.6984375 0.9243986254295533 0.6953125 0.9261168384879725 0.6953125 0.9312714776632303 0.70078125 0.936426116838488 0.71640625 0.9347079037800687 0.71796875 0.9209621993127148 0.72421875 0.9140893470790379 0.7265625 0.9192439862542956 0.725 0.9278350515463918 0.73515625 0.9329896907216495 0.73125 0.9484536082474226 0.740625 0.9450171821305842 0.73984375 0.9501718213058419 0.74375 0.9553264604810998 0.746875 0.9501718213058419 0.75859375 0.9501718213058419 0.76171875 0.9398625429553265 0.771875 0.9484536082474226 0.7734375 0.9432989690721649 0.79375 0.9381443298969072 0.80703125 0.9278350515463918 0.81015625 0.9192439862542956 0.8203125 0.9175257731958764 0.82421875 0.9054982817869417 0.834375 0.9037800687285223 0.8375 0.8934707903780069 0.8484375 0.8917525773195877 0.8515625 0.8762886597938145 0.865625 0.8745704467353953 0.86796875 0.8556701030927837 0.8796875 0.852233676975945 0.88984375 0.8281786941580757 0.88984375 0.8178694158075602 0.87890625 0.809278350515464 0.8765625 0.802405498281787 0.8765625 0.7611683848797252 0.8671875 0.7577319587628867 0.8640625 0.7508591065292097 0.8625 0.7216494845360826 0.865625 0.7164948453608248 0.85234375 0.7027491408934708 0.8546875 0.668384879725086 0.84296875 0.661512027491409 0.84296875 0.6271477663230242 0.834375 0.6219931271477663 0.83203125 0.6151202749140894 0.83125 0.5859106529209622 0.796875 0.5790378006872853 0.778125 0.5807560137457045 0.77578125 0.5859106529209622 0.7671875 0.5807560137457045 0.725 0.5807560137457045 0.73046875 0.5910652920962199 0.734375 0.6082474226804124 0.73046875 0.6134020618556701 0.73125 0.6202749140893471
0 0.13359375 0.7199312714776632 0.13359375 0.7336769759450172 0.13671875 0.7405498281786942 0.13671875 0.7577319587628867 0.13984375 0.7611683848797252 0.16015625 0.7628865979381444 0.1625 0.7577319587628867 0.171875 0.7646048109965636 0.17890625 0.7577319587628867 0.18515625 0.7646048109965636 0.178125 0.7680412371134021 0.178125 0.7783505154639176 0.18671875 0.7817869415807561 0.20234375 0.7766323024054984 0.22421875 0.7817869415807561 0.23046875 0.7766323024054984 0.240625 0.7852233676975946 0.24765625 0.7749140893470792 0.25234375 0.7749140893470792 0.265625 0.7835051546391754 0.26875 0.7731958762886599 0.2765625 0.7749140893470792 0.27890625 0.7439862542955327 0.2734375 0.7336769759450172 0.28203125 0.7164948453608248 0.28671875 0.6872852233676976 0.2859375 0.6752577319587629 0.29609375 0.6288659793814434 0.29609375 0.5979381443298969 0.30390625 0.577319587628866 0.303125 0.5601374570446735 0.30703125 0.5567010309278351 0.3109375 0.5292096219931273 0.3078125 0.5189003436426117 0.2984375 0.5103092783505155 0.1921875 0.5051546391752578 0.18515625 0.5154639175257733 0.184375 0.5378006872852235 0.175 0.5498281786941581 0.17265625 0.5601374570446735 0.1734375 0.577319587628866 0.16015625 0.5945017182130584 0.159375 0.6099656357388317 0.16171875 0.6219931271477663 0.153125 0.6374570446735396 0.1515625 0.6666666666666667 0.14140625 0.6769759450171822 0.13671875 0.6890034364261168 0.13828125 0.7130584192439863 0.13359375 0.7199312714776632
0 0.66796875 0.9518900343642611 0.66796875 0.9604810996563575 0.67421875 0.9725085910652922 0.68671875 0.9742268041237114 0.69140625 0.9810996563573884 0.7015625 0.9810996563573884 0.70625 0.9759450171821307 0.7140625 0.9776632302405499 0.71640625 0.9845360824742269 0.72734375 0.9810996563573884 0.73046875 0.9914089347079038 0.75078125 0.9793814432989691 0.7859375 0.9467353951890034 0.78515625 0.9432989690721649 0.77890625 0.9501718213058419 0.7796875 0.9432989690721649 0.77421875 0.9432989690721649 0.7609375 0.9518900343642611 0.74453125 0.9536082474226806 0.72109375 0.9450171821305842 0.696875 0.9450171821305842 0.67578125 0.9536082474226806 0.66796875 0.9518900343642611
0 0.4421875 0.8573883161512029 0.53515625 0.8505154639175257 0.53984375 0.8556701030927837 0.57421875 0.8642611683848799 0.5828125 0.8402061855670103 0.5828125 0.8281786941580757 0.578125 0.8247422680412372 0.53984375 0.8213058419243987 0.53203125 0.816151202749141 0.4359375 0.816151202749141 0.434375 0.8247422680412372 0.4421875 0.8573883161512029
0 0.50625 0.9879725085910653 0.5125 0.9828178694158076 0.503125 0.9828178694158076 0.5015625 0.9862542955326461 0.50625 0.9879725085910653
0 0.46328125 0.9553264604810998 0.46328125 0.9776632302405499 0.4671875 0.9810996563573884 0.46953125 0.9914089347079038 0.475 0.9914089347079038 0.4828125 0.9776632302405499 0.48984375 0.9776632302405499 0.4953125 0.9621993127147768 0.50546875 0.963917525773196 0.5140625 0.9742268041237114 0.52890625 0.970790378006873 0.534375 0.9742268041237114 0.5359375 0.9810996563573884 0.54296875 0.9793814432989691 0.55078125 0.9656357388316152 0.55703125 0.9432989690721649 0.55390625 0.9347079037800687 0.53828125 0.9347079037800687 0.52890625 0.9278350515463918 0.45859375 0.929553264604811 0.45859375 0.9450171821305842 0.46328125 0.9553264604810998
0 0.696875 0.9192439862542956 0.7015625 0.9398625429553265 0.7390625 0.9312714776632303 0.73359375 0.9484536082474226 0.746875 0.9467353951890034 0.74921875 0.9518900343642611 0.74765625 0.9450171821305842 0.75234375 0.9432989690721649 0.753125 0.9518900343642611 0.76171875 0.9484536082474226 0.76328125 0.9398625429553265 0.77578125 0.9432989690721649 0.80390625 0.9312714776632303 0.8203125 0.9192439862542956 0.82578125 0.9072164948453609 0.834375 0.9054982817869417 0.83828125 0.8934707903780069 0.8484375 0.8934707903780069 0.85078125 0.8831615120274915 0.80390625 0.879725085910653 0.75234375 0.8848797250859107 0.72734375 0.8780068728522338 0.7109375 0.88659793814433 0.69375 0.9106529209621994 0.690625 0.9175257731958764 0.696875 0.9192439862542956
0 0.20703125 0.8384879725085911 0.21015625 0.852233676975945 0.2171875 0.8556701030927837 0.22265625 0.8694158075601376 0.24453125 0.8848797250859107 0.246875 0.8917525773195877 0.26875 0.8934707903780069 0.2765625 0.9003436426116839 0.284375 0.8969072164948454 0.29296875 0.8848797250859107 0.32421875 0.8814432989690723 0.32421875 0.8573883161512029 0.315625 0.8505154639175257 0.30703125 0.8350515463917526 0.28984375 0.8298969072164949 0.234375 0.8316151202749141 0.2234375 0.8402061855670103 0.20703125 0.8384879725085911
0 0.65208359375 0.9948453608247423 0.65546875 0.9879725085910653 0.65651015625 0.9948453608247423 0.73203125 0.9948453608247423 0.7748632232937686 0.9538223867355992 0.77421875 0.9467353951890034 0.76484375 0.9553264604810998 0.75078125 0.957044673539519 0.7203125 0.9467353951890034 0.678125 0.9553264604810998 0.66640625 0.9518900343642611 0.66015625 0.9793814432989691 0.6453125 0.993127147766323 0.65078125 0.9896907216494846 0.65208359375 0.9948453608247423
0 0.48359375 0.9982817869415808 0.55234375 0.9948453608247423 0.553125 0.9845360824742269 0.55859375 0.9793814432989691 0.55859375 0.970790378006873 0.5546875 0.9656357388316152 0.5546875 0.957044673539519 0.54296875 0.9725085910652922 0.515625 0.963917525773196 0.503125 0.9810996563573884 0.49609375 0.9759450171821307 0.49921875 0.9896907216494846 0.496875 0.9948453608247423 0.48828125 0.9879725085910653 0.47734375 0.9914089347079038 0.47578125 0.9948453608247423 0.48359375 0.9982817869415808
0 0.515625 0.9203125 0.003125 0.0015625
0 0.5484375 0.9209621993127148 0.546875 0.9175257731958764 0.54296875 0.9209621993127148 0.5484375 0.9209621993127148
0 0.49140625 0.9226804123711341 0.4828125 0.9192439862542956 0.48125 0.9123711340206186 0.46328125 0.9123711340206186 0.459375 0.9209621993127148 0.49140625 0.9226804123711341
0 0.4390625 0.8556701030927837 0.4453125 0.8814432989690723 0.453125 0.8934707903780069 0.4546875 0.9037800687285223 0.459765625 0.9037800687285223 0.46171875 0.8969072164948454 0.46484375 0.9037800687285223 0.4671875 0.8848797250859107 0.47890625 0.8848797250859107 0.49921875 0.8986254295532646 0.51328125 0.8848797250859107 0.52890625 0.8951890034364262 0.5390625 0.8883161512027492 0.5390625 0.9003436426116839 0.5421875 0.8934707903780069 0.5453125 0.9003436426116839 0.55234375 0.8917525773195877 0.56171875 0.8917525773195877 0.5640625 0.8969072164948454 0.5625 0.9003436426116839 0.5671875 0.9037800687285223 0.5671875 0.8934707903780069 0.578125 0.8608247422680414 0.58125 0.8316151202749141 0.578125 0.8247422680412372 0.53203125 0.816151202749141 0.4875 0.8127147766323025 0.48046875 0.8178694158075602 0.4375 0.8178694158075602 0.4359375 0.8264604810996564 0.4390625 0.8556701030927837
0 0.725 0.9914089347079038 0.71953125 0.9896907216494846 0.71640625 0.993127147766323 0.725 0.9914089347079038
0 0.684375 0.9875 0.00078125 0.0015625
0 0.65234375 0.9690721649484537 0.659375 0.9828178694158076 0.6578125 0.9862542955326461 0.66875 0.9828178694158076 0.67265625 0.9879725085910653 0.68125 0.9879725085910653 0.68203125 0.9810996563573884 0.6890625 0.9793814432989691 0.690625 0.9742268041237114 0.7 0.9742268041237114 0.70234375 0.9673539518900345 0.71328125 0.9656357388316152 0.7171875 0.9553264604810998 0.71953125 0.9604810996563575 0.7234375 0.9553264604810998 0.72421875 0.9656357388316152 0.73125 0.9725085910652922 0.73359375 0.9810996563573884 0.7421875 0.9793814432989691 0.8078125 0.9278350515463918 0.81015625 0.9192439862542956 0.8203125 0.9175257731958764 0.8234375 0.9054982817869417 0.834375 0.9037800687285223 0.8359375 0.8934707903780069 0.8484375 0.8917525773195877 0.85 0.8831615120274915 0.8359375 0.8762886597938145 0.834375 0.8711340206185568 0.8375 0.8591065292096222 0.83125 0.8539518900343642 0.75078125 0.8573883161512029 0.73046875 0.8470790378006873 0.72421875 0.8487972508591065 0.7203125 0.852233676975945 0.72421875 0.8694158075601376 0.72265625 0.8728522336769761 0.70625 0.8814432989690723 0.6921875 0.9089347079037802 0.66953125 0.9347079037800687 0.6609375 0.9604810996563575 0.6515625 0.9690721649484537 0.65078125 0.9725085910652922 0.65234375 0.9690721649484537
0 0.5375 0.8734375 0.00390625 0.0015625
0 0.446875 0.87109375 0.00078125 0.003125
0 0.45390625 0.9140893470790379 0.45234375 0.9209621993127148 0.46171875 0.9484536082474226 0.48203125 0.9604810996563575 0.509375 0.9553264604810998 0.5328125 0.9621993127147768 0.55 0.9604810996563575 0.553125 0.9536082474226806 0.553125 0.9450171821305842 0.56171875 0.9312714776632303 0.56484375 0.9140893470790379 0.57109375 0.9037800687285223 0.56796875 0.8883161512027492 0.5203125 0.8728522336769761 0.51796875 0.8625429553264606 0.51953125 0.8556701030927837 0.515625 0.852233676975945 0.509375 0.8694158075601376 0.50625 0.8608247422680414 0.50625 0.8711340206185568 0.47265625 0.8694158075601376 0.46953125 0.8745704467353953 0.4671875 0.8694158075601376 0.4703125 0.8814432989690723 0.44921875 0.8848797250859107 0.44921875 0.9054982817869417 0.45390625 0.9140893470790379
0 0.63828125 0.9896907216494846 0.6407984375 0.9948453608247423 0.68203125 0.993127147766323 0.72109375 0.9982817869415808 0.73203125 0.9948453608247423 0.75234375 0.9776632302405499 0.77734375 0.9484536082474226 0.75078125 0.9587628865979383 0.72421875 0.9484536082474226 0.66484375 0.9553264604810998 0.65390625 0.963917525773196 0.653125 0.970790378006873 0.6375 0.9896907216494846 0.63671875 0.9948453608247423 0.63828125 0.9896907216494846
0 0.55703125 0.9690721649484537 0.54609375 0.9948453608247423 0.54921875 0.9879725085910653 0.54921875 0.9948453608247423 0.55234375 0.9982817869415808 0.63125 0.9965635738831615 0.640625 0.9810996563573884 0.64609375 0.963917525773196 0.65546875 0.9553264604810998 0.63515625 0.9501718213058419 0.634375 0.9381443298969072 0.634375 0.9484536082474226 0.63203125 0.9484536082474226 0.62578125 0.9347079037800687 0.61171875 0.936426116838488 0.609375 0.9432989690721649 0.60234375 0.9467353951890034 0.58125 0.9432989690721649 0.56015625 0.9484536082474226 0.55625 0.9536082474226806 0.5546875 0.9621993127147768 0.55703125 0.9690721649484537
0 0.48828125 0.9914089347079038 0.48046875 0.9862542955326461 0.47890625 0.993127147766323 0.48828125 0.9914089347079038
0 0.38671875 0.9862542955326461 0.434375 0.9982817869415808 0.4609375 0.9982817869415808 0.465625 0.9879725085910653 0.466015625 0.9982817869415808 0.46875 0.9914089347079038 0.47109375 0.9982817869415808 0.475 0.9948453608247423 0.465625 0.9862542955326461 0.4625 0.9776632302405499 0.453125 0.9725085910652922 0.453125 0.9673539518900345 0.4609375 0.963917525773196 0.46015625 0.9553264604810998 0.4515625 0.9690721649484537 0.41640625 0.9690721649484537 0.41484375 0.9742268041237114 0.41015625 0.9725085910652922 0.40390625 0.9793814432989691 0.396875 0.9759450171821307 0.39765625 0.9845360824742269 0.38671875 0.9862542955326461
0 0.19609375 0.8264604810996564 0.196875 0.8367697594501718 0.20078125 0.8402061855670103 0.21875 0.845360824742268 0.234375 0.8419243986254296 0.2390625 0.8470790378006873 0.24609375 0.845360824742268 0.24765625 0.8402061855670103 0.25078125 0.845360824742268 0.25703125 0.8402061855670103 0.2578125 0.845360824742268 0.29921875 0.8419243986254296 0.30390625 0.8470790378006873 0.31484375 0.8470790378006873 0.31015625 0.8281786941580757 0.29296875 0.8058419243986255 0.259375 0.8075601374570448 0.253125 0.7972508591065293 0.246875 0.7972508591065293 0.24375 0.802405498281787 0.21171875 0.8006872852233677 0.18515625 0.809278350515464 0.18515625 0.8213058419243987 0.19609375 0.8264604810996564
0 0.4828125 0.9982817869415808 0.54921875 0.9948453608247423 0.55078125 0.9828178694158076 0.5578125 0.9725085910652922 0.55390625 0.9656357388316152 0.55625 0.9398625429553265 0.5515625 0.9398625429553265 0.54375 0.9536082474226806 0.525 0.9553264604810998 0.51875 0.9467353951890034 0.49609375 0.9467353951890034 0.4640625 0.9656357388316152 0.46328125 0.993127147766323 0.4828125 0.9982817869415808
0 0.7328125 0.8316151202749141 0.72734375 0.8281786941580757 0.73046875 0.8402061855670103 0.7328125 0.8316151202749141
0 0.69765625 0.8281786941580757 0.6921875 0.8247422680412372 0.690625 0.8264604810996564 0.69765625 0.8281786941580757
0 0.6 0.8213058419243987 0.59140625 0.8195876288659795 0.59140625 0.8247422680412372 0.6 0.8213058419243987
0 0.57578125 0.8969072164948454 0.5890625 0.9072164948453609 0.6125 0.9037800687285223 0.621875 0.9175257731958764 0.6328125 0.9175257731958764 0.63671875 0.9243986254295533 0.64140625 0.9140893470790379 0.64453125 0.9209621993127148 0.64375 0.9261168384879725 0.653125 0.9140893470790379 0.65703125 0.9192439862542956 0.68125 0.9175257731958764 0.7125 0.8814432989690723 0.7234375 0.8745704467353953 0.7171875 0.8419243986254296 0.69921875 0.8419243986254296 0.696875 0.8367697594501718 0.68828125 0.8402061855670103 0.67890625 0.8350515463917526 0.6734375 0.8195876288659795 0.665625 0.8178694158075602 0.6609375 0.8247422680412372 0.64375 0.8178694158075602 0.63828125 0.8247422680412372 0.63828125 0.8333333333333334 0.634375 0.8402061855670103 0.62734375 0.8333333333333334 0.63046875 0.8230240549828179 0.628125 0.8195876288659795 0.6265625 0.8247422680412372 0.62109375 0.8195876288659795 0.61953125 0.8247422680412372 0.60625 0.8213058419243987 0.6078125 0.8264604810996564 0.6046875 0.8316151202749141 0.58515625 0.8384879725085911 0.57734375 0.8676975945017184 0.575 0.8780068728522338 0.57578125 0.8969072164948454
0 0.3203125 0.9759450171821307 0.35625 0.9810996563573884 0.353125 0.9673539518900345 0.34375 0.9621993127147768 0.31953125 0.9621993127147768 0.31171875 0.9656357388316152 0.3203125 0.9759450171821307
0 0.55 0.95 0.00078125 0.003125
0 0.534375 0.9243986254295533 0.5328125 0.9226804123711341 0.53125 0.9243986254295533 0.534375 0.9243986254295533
0 0.55078125 0.9312714776632303 0.5484375 0.9381443298969072 0.55 0.9398625429553265 0.55625 0.936426116838488 0.55859375 0.9278350515463918 0.55625 0.9209621993127148 0.54921875 0.9243986254295533 0.54765625 0.9278350515463918 0.55078125 0.9312714776632303
0 0.5625 0.9106529209621994 0.56171875 0.9037800687285223 0.559375 0.9037800687285223 0.55703125 0.9106529209621994 0.5625 0.9106529209621994
0 0.53046875 0.9037800687285223 0.53203125 0.9054982817869417 0.53359375 0.8986254295532646 0.5359375 0.9054982817869417 0.53671875 0.9003436426116839 0.5328125 0.8969072164948454 0.53046875 0.8969072164948454 0.53046875 0.9037800687285223
0 0.29453125 0.9158075601374571 0.28671875 0.9106529209621994 0.275 0.9140893470790379 0.27578125 0.9243986254295533 0.2796875 0.9243986254295533 0.30703125 0.957044673539519 0.31171875 0.9518900343642611 0.3078125 0.9450171821305842 0.309375 0.9381443298969072 0.31796875 0.936426116838488 0.3203125 0.9312714776632303 0.3328125 0.9398625429553265 0.34140625 0.9398625429553265 0.34453125 0.9329896907216495 0.35390625 0.9381443298969072 0.35546875 0.9536082474226806 0.365625 0.9587628865979383 0.36640625 0.9810996563573884 0.36875 0.9828178694158076 0.36796875 0.9776632302405499 0.371875 0.9725085910652922 0.3765625 0.9725085910652922 0.37421875 0.9845360824742269 0.4109375 0.9914089347079038 0.41171875 0.9862542955326461 0.40234375 0.9690721649484537 0.40390625 0.9621993127147768 0.41328125 0.9621993127147768 0.42265625 0.9656357388316152 0.428125 0.9759450171821307 0.42734375 0.9810996563573884 0.4328125 0.9828178694158076 0.43203125 0.993127147766323 0.4484375 0.993127147766323 0.44921875 0.9862542955326461 0.4546875 0.993127147766323 0.4734375 0.9948453608247423 0.4828125 0.9896907216494846 0.50234375 0.9896907216494846 0.509375 0.9845360824742269 0.5125 0.9742268041237114 0.51875 0.9673539518900345 0.521875 0.9690721649484537 0.52109375 0.9845360824742269 0.51640625 0.993127147766323 0.5203125 0.993127147766323 0.52109375 0.9879725085910653 0.52421875 0.993127147766323 0.52734375 0.9862542955326461 0.52890625 0.9914089347079038 0.534375 0.9845360824742269 0.53671875 0.9879725085910653 0.53828125 0.9742268041237114 0.54296875 0.9810996563573884 0.54375 0.9759450171821307 0.5375 0.9673539518900345 0.54765625 0.9604810996563575 0.54765625 0.9553264604810998 0.54375 0.9553264604810998 0.5421875 0.9621993127147768 0.5390625 0.9621993127147768 0.53984375 0.9553264604810998 0.534375 0.9690721649484537 0.53125 0.963917525773196 0.53359375 0.9604810996563575 0.53203125 0.9553264604810998 0.52734375 0.963917525773196 0.52708359375 0.9553264604810998 0.52213515625 0.9553264604810998 0.5203125 0.9467353951890034 0.52265625 0.9415807560137457 0.51875 0.9312714776632303 0.521875 0.9278350515463918 0.51640625 0.9192439862542956 0.52578125 0.9072164948453609 0.51953125 0.9003436426116839 0.52421875 0.8934707903780069 0.51640625 0.88659793814433 0.5109375 0.88659793814433 0.5015625 0.9054982817869417 0.49453125 0.9054982817869417 0.475 0.8883161512027492 0.459375 0.8969072164948454 0.41953125 0.8934707903780069 0.40390625 0.879725085910653 0.3953125 0.8814432989690723 0.39375 0.88659793814433 0.38203125 0.8814432989690723 0.378125 0.88659793814433 0.36640625 0.8848797250859107 0.3609375 0.8900343642611684 0.35546875 0.8900343642611684 0.35234375 0.8831615120274915 0.3296875 0.8934707903780069 0.3203125 0.9054982817869417 0.296875 0.8934707903780069 0.29453125 0.8969072164948454 0.29453125 0.9158075601374571
0 0.4390625 0.6907216494845361 0.4375 0.7646048109965636 0.434375 0.7869415807560138 0.43515625 0.8109965635738833 0.52109375 0.8127147766323025 0.57109375 0.8213058419243987 0.58359375 0.816151202749141 0.58359375 0.7886597938144331 0.58125 0.7783505154639176 0.5859375 0.7594501718213059 0.5859375 0.7474226804123713 0.58203125 0.7268041237113403 0.57890625 0.6752577319587629 0.5796875 0.6563573883161513 0.575 0.584192439862543 0.57734375 0.5652920962199313 0.57421875 0.5498281786941581 0.55625 0.5481099656357389 0.54921875 0.5412371134020619 0.5421875 0.5412371134020619 0.5359375 0.5481099656357389 0.51171875 0.5463917525773196 0.5078125 0.5412371134020619 0.4515625 0.5446735395189004 0.44765625 0.5532646048109966 0.44609375 0.5807560137457045 0.44140625 0.5962199312714777 0.4421875 0.6254295532646049 0.4390625 0.6426116838487973 0.44140625 0.6752577319587629 0.4390625 0.6907216494845361
0 0.559375 0.9725085910652922 0.55234375 0.9828178694158076 0.54921875 0.993127147766323 0.55078125 0.9948453608247423 0.63359375 0.9948453608247423 0.64609375 0.9673539518900345 0.66015625 0.9536082474226806 0.6640625 0.9398625429553265 0.67421875 0.9312714776632303 0.67734375 0.9209621993127148 0.6671875 0.9106529209621994 0.65 0.9072164948453609 0.59921875 0.9003436426116839 0.57734375 0.9037800687285223 0.5671875 0.9140893470790379 0.55703125 0.9501718213058419 0.55625 0.9656357388316152 0.559375 0.9725085910652922
0 0.83359375 0.9037800687285223 0.8296875 0.9020618556701031 0.82734375 0.9037800687285223 0.83359375 0.9037800687285223
0 0.6875 0.9312714776632303 0.7015625 0.9398625429553265 0.7453125 0.9329896907216495 0.7515625 0.9347079037800687 0.75703125 0.9484536082474226 0.7625 0.9501718213058419 0.765625 0.9467353951890034 0.7640625 0.9415807560137457 0.7671875 0.936426116838488 0.775 0.9415807560137457 0.79296875 0.9398625429553265 0.8203125 0.9192439862542956 0.82265625 0.9106529209621994 0.7953125 0.8986254295532646 0.7578125 0.9003436426116839 0.75390625 0.9054982817869417 0.7046875 0.9020618556701031 0.6890625 0.9175257731958764 0.6859375 0.9278350515463918 0.6875 0.9312714776632303
0 0.7828125 0.8900343642611684 0.775 0.8848797250859107 0.77578125 0.8917525773195877 0.7828125 0.8900343642611684
0 0.57890625 0.8969072164948454 0.65625 0.9089347079037802 0.68203125 0.9089347079037802 0.69140625 0.9037800687285223 0.70703125 0.8831615120274915 0.72109375 0.8762886597938145 0.72265625 0.8711340206185568 0.71875 0.852233676975945 0.71484375 0.8470790378006873 0.66875 0.8384879725085911 0.6515625 0.8487972508591065 0.58671875 0.852233676975945 0.58125 0.8556701030927837 0.5765625 0.8694158075601376 0.57578125 0.8917525773195877 0.57890625 0.8969072164948454
0 0.20546875 0.8402061855670103 0.21015625 0.852233676975945 0.21875 0.8556701030927837 0.22421875 0.8694158075601376 0.25703125 0.8625429553264606 0.29296875 0.8642611683848799 0.3171875 0.8573883161512029 0.31796875 0.8487972508591065 0.32265625 0.8539518900343642 0.3078125 0.8316151202749141 0.2859375 0.8281786941580757 0.2515625 0.8350515463917526 0.2375 0.8281786941580757 0.19765625 0.8298969072164949 0.1984375 0.8384879725085911 0.20546875 0.8402061855670103
0 0.578125 0.8986254295532646 0.61015625 0.9037800687285223 0.621875 0.9158075601374571 0.65390625 0.9123711340206186 0.659375 0.9192439862542956 0.6828125 0.9175257731958764 0.72421875 0.8745704467353953 0.71875 0.852233676975945 0.71484375 0.8470790378006873 0.67109375 0.8402061855670103 0.61796875 0.8556701030927837 0.58671875 0.8539518900343642 0.58125 0.8573883161512029 0.5765625 0.8711340206185568 0.575 0.8934707903780069 0.578125 0.8986254295532646
0 0.496875 0.9359375 0.0046875 0.0015625
0 0.4640625 0.9948453608247423 0.51328125 0.9982817869415808 0.54765625 0.993127147766323 0.54609375 0.9845360824742269 0.553125 0.9621993127147768 0.55546875 0.9381443298969072 0.5328125 0.9347079037800687 0.521875 0.9432989690721649 0.51328125 0.9415807560137457 0.51171875 0.9329896907216495 0.509375 0.9432989690721649 0.4921875 0.9381443298969072 0.4828125 0.9432989690721649 0.48046875 0.9381443298969072 0.4734375 0.9381443298969072 0.4625 0.9415807560137457 0.46171875 0.9467353951890034 0.4609375 0.9725085910652922 0.4640625 0.9948453608247423
0 0.2546875 0.9020618556701031 0.28359375 0.8986254295532646 0.29296875 0.8883161512027492 0.328125 0.8900343642611684 0.3265625 0.8848797250859107 0.32890625 0.8762886597938145 0.32421875 0.8573883161512029 0.315625 0.8539518900343642 0.290625 0.8591065292096222 0.26640625 0.8539518900343642 0.22109375 0.8573883161512029 0.22265625 0.8676975945017184 0.2546875 0.9020618556701031
0 0.4 0.993127147766323 0.434375 0.9982817869415808 0.46875 0.9948453608247423 0.45390625 0.9725085910652922 0.46015625 0.9621993127147768 0.45703125 0.9536082474226806 0.44921875 0.963917525773196 0.396875 0.9587628865979383 0.38515625 0.9725085910652922 0.38359375 0.9862542955326461 0.4 0.993127147766323
0 0.5359375 0.9875 0.0015625 0.0015625
0 0.46328125 0.9536082474226806 0.4625 0.9759450171821307 0.46875 0.993127147766323 0.47890625 0.9914089347079038 0.4828125 0.9845360824742269 0.50859375 0.9896907216494846 0.525 0.970790378006873 0.5328125 0.9725085910652922 0.5359375 0.9793814432989691 0.54375 0.9793814432989691 0.5578125 0.9398625429553265 0.55625 0.9329896907216495 0.53828125 0.9329896907216495 0.5328125 0.9278350515463918 0.48046875 0.929553264604811 0.4625 0.9243986254295533 0.45703125 0.929553264604811 0.45625 0.9347079037800687 0.46328125 0.9536082474226806
0 0.23046875 0.8762886597938145 0.25546875 0.9037800687285223 0.28359375 0.9003436426116839 0.29140625 0.8969072164948454 0.2921875 0.8917525773195877 0.3140625 0.9003436426116839 0.32734375 0.8951890034364262 0.3296875 0.8900343642611684 0.32890625 0.8728522336769761 0.32265625 0.8573883161512029 0.29296875 0.8642611683848799 0.24453125 0.8625429553264606 0.23203125 0.8676975945017184 0.2296875 0.8711340206185568 0.23046875 0.8762886597938145
0 0.77890625 0.9003436426116839 0.775 0.8986254295532646 0.7734375 0.9003436426116839 0.77890625 0.9003436426116839
0 0.72734375 0.8814432989690723 0.76328125 0.8831615120274915 0.77578125 0.8900343642611684 0.7921875 0.8848797250859107 0.79453125 0.8917525773195877 0.8 0.8917525773195877 0.803125 0.8848797250859107 0.8125 0.8848797250859107 0.83828125 0.8934707903780069 0.844140625 0.8917525773195877 0.8453125 0.8814432989690723 0.84921875 0.8814432989690723 0.84921875 0.8917525773195877 0.85078125 0.8780068728522338 0.8671875 0.8762886597938145 0.8703125 0.8591065292096222 0.865625 0.8539518900343642 0.8453125 0.8556701030927837 0.8296875 0.8505154639175257 0.82734375 0.845360824742268 0.81171875 0.8505154639175257 0.775 0.8505154639175257 0.76875 0.8402061855670103 0.76171875 0.8505154639175257 0.75625 0.8505154639175257 0.7421875 0.8384879725085911 0.7328125 0.8487972508591065 0.72265625 0.852233676975945 0.725 0.879725085910653 0.72734375 0.8814432989690723
0 0.56640625 0.9536082474226806 0.59140625 0.9415807560137457 0.603125 0.9450171821305842 0.628125 0.9398625429553265 0.6359375 0.9536082474226806 0.6515625 0.9553264604810998 0.6609375 0.9501718213058419 0.66796875 0.9329896907216495 0.675 0.9312714776632303 0.68203125 0.9192439862542956 0.68203125 0.9140893470790379 0.60703125 0.9003436426116839 0.5765625 0.9003436426116839 0.5671875 0.9123711340206186 0.56484375 0.9209621993127148 0.56015625 0.9501718213058419 0.56640625 0.9536082474226806
0 0.30625 0.9553264604810998 0.3046875 0.9501718213058419 0.3 0.9518900343642611 0.30625 0.9553264604810998
0 0.303125 0.929553264604811 0.3171875 0.9347079037800687 0.32109375 0.929553264604811 0.32734375 0.9381443298969072 0.35625 0.9381443298969072 0.3625 0.9329896907216495 0.36640625 0.9415807560137457 0.37890625 0.9467353951890034 0.38984375 0.9467353951890034 0.3953125 0.9312714776632303 0.40390625 0.9312714776632303 0.40625 0.9261168384879725 0.42109375 0.9278350515463918 0.4375 0.9381443298969072 0.441796875 0.9381443298969072 0.44453125 0.9312714776632303 0.44609375 0.9381443298969072 0.44921875 0.9347079037800687 0.44609375 0.9192439862542956 0.44140625 0.9123711340206186 0.44375 0.9037800687285223 0.4375 0.8969072164948454 0.41484375 0.8917525773195877 0.39609375 0.879725085910653 0.35546875 0.8917525773195877 0.346875 0.8883161512027492 0.3234375 0.8934707903780069 0.29375 0.88659793814433 0.2828125 0.8934707903780069 0.2609375 0.8917525773195877 0.25650201612903223 0.9015075933931935 0.26875 0.9209621993127148 0.28828125 0.9347079037800687 0.2890625 0.9415807560137457 0.303125 0.929553264604811
0 0.3484375 0.98046875 0.00234375 0.0015625
0 0.453125 0.97109375 0.00078125 0.003125
0 0.3140625 0.95078125 0.00078125 0.0015625
0 0.334375 0.9518900343642611 0.328125 0.9467353951890034 0.32578125 0.9518900343642611 0.334375 0.9518900343642611
0 0.26875 0.9072164948453609 0.26875 0.9175257731958764 0.30703125 0.957044673539519 0.31015625 0.9501718213058419 0.3078125 0.9450171821305842 0.31015625 0.936426116838488 0.3265625 0.9432989690721649 0.35078125 0.9398625429553265 0.35234375 0.9467353951890034 0.346875 0.9536082474226806 0.38046875 0.9587628865979383 0.38671875 0.9673539518900345 0.39375 0.9621993127147768 0.39375 0.9553264604810998 0.453125 0.957044673539519 0.453125 0.9347079037800687 0.4453125 0.9020618556701031 0.41484375 0.8900343642611684 0.4015625 0.879725085910653 0.34375 0.88659793814433 0.32734375 0.8917525773195877 0.32265625 0.8986254295532646 0.31015625 0.8986254295532646 0.30703125 0.8917525773195877 0.296875 0.8900343642611684 0.2890625 0.8934707903780069 0.2859375 0.9072164948453609 0.26875 0.9072164948453609