0 0.15390625 0.89765625 0.00078125 0.003125
0 0.18125 0.7108333333333333 0.181875 0.7066666666666667 0.17875000000000002 0.7066666666666667 0.18125 0.7108333333333333
0 0.150625 0.7166666666666667 0.155 0.715 0.15875 0.7066666666666667 0.146875 0.705 0.145625 0.7066666666666667 0.150625 0.7166666666666667
0 0.16 0.6958333333333333 0.150625 0.6941666666666666 0.14750000000000002 0.6958333333333333 0.16 0.6958333333333333
0 0.1515625 0.6890625 0.0078125 0.00078125
0 0.16125 0.6816666666666666 0.16125 0.6783333333333333 0.15750000000000003 0.6775 0.15687500000000001 0.6825 0.16125 0.6816666666666666
0 0.206875 0.6183333333333334 0.22375000000000003 0.6283333333333333 0.22875 0.6233333333333333 0.215 0.6166666666666667 0.2225 0.6091666666666666 0.22062500000000002 0.6058333333333333 0.210625 0.5983333333333334 0.20125 0.6 0.20249999999999999 0.6133333333333333 0.206875 0.6183333333333334
0 0.79296875 0.5953125 0.00078125 0.00078125
0 0.7818750000000001 0.6166666666666667 0.789375 0.6174999999999999 0.794375 0.61 0.7931250000000001 0.6066666666666667 0.7887500000000001 0.6091666666666666 0.7825 0.6058333333333333 0.7831250000000001 0.6016666666666667 0.7875 0.5983333333333334 0.7875 0.595 0.775 0.6 0.775 0.6125 0.7818750000000001 0.6166666666666667
0 0.22625 0.6025 0.22875 0.605 0.22749999999999998 0.6125 0.230625 0.6141666666666666 0.23374999999999999 0.605 0.23125 0.6016666666666667 0.23562500000000003 0.595 0.23000000000000004 0.5941666666666666 0.23000000000000004 0.6008333333333333 0.22625 0.6025
0 0.396875 0.5733333333333334 0.39937500000000004 0.5708333333333333 0.3975 0.5683333333333334 0.395625 0.5708333333333333 0.396875 0.5733333333333334
0 0.586875 0.5566666666666666 0.586875 0.5533333333333333 0.58125 0.5525 0.581875 0.5575 0.586875 0.5566666666666666
0 0.164375 0.7533333333333333 0.164375 0.7583333333333333 0.17 0.76 0.16875 0.7725 0.164375 0.7758333333333333 0.16812500000000002 0.7841666666666667 0.165625 0.7933333333333333 0.159375 0.7983333333333333 0.16 0.8066666666666666 0.14375 0.8233333333333333 0.13687500000000002 0.8358333333333332 0.13375 0.8474999999999999 0.13562500000000002 0.8525 0.13375 0.8608333333333332 0.13625 0.8641666666666665 0.14125000000000001 0.865 0.14375 0.8708333333333333 0.15125000000000002 0.8691666666666666 0.14875 0.8808333333333334 0.14375 0.8808333333333334 0.140625 0.8866666666666667 0.145625 0.8908333333333334 0.153125 0.8916666666666666 0.155625 0.9008333333333333 0.15875 0.9041666666666666 0.150625 0.9075 0.14750000000000002 0.9158333333333333 0.15250000000000002 0.9199999999999999 0.15 0.9283333333333333 0.15375 0.9383333333333332 0.16187500000000002 0.9433333333333334 0.19375 0.9475 0.21875 0.9458333333333334 0.22687500000000002 0.95 0.24250000000000002 0.95 0.246875 0.9525 0.261875 0.9508333333333333 0.30062500000000003 0.9574999999999999 0.309375 0.9550000000000001 0.34625000000000006 0.9566666666666667 0.35250000000000004 0.9541666666666666 0.35625 0.9574999999999999 0.376875 0.9558333333333333 0.385 0.96 0.418125 0.96 0.43187500000000006 0.9574999999999999 0.45375000000000004 0.9633333333333333 0.47437500000000005 0.9633333333333333 0.47875000000000006 0.9591666666666667 0.509375 0.9666666666666666 0.555 0.9675 0.56625 0.9716666666666667 0.573125 0.9691666666666666 0.5787500000000001 0.9708333333333334 0.5900000000000001 0.9666666666666666 0.5956250000000001 0.96 0.5987500000000001 0.9641666666666666 0.5975 0.9675 0.6025 0.9683333333333334 0.608125 0.9733333333333333 0.6125 0.9708333333333334 0.6225 0.9741666666666667 0.63875 0.975 0.65625 0.9716666666666667 0.6825 0.9733333333333333 0.709375 0.9683333333333334 0.7375 0.9741666666666667 0.75125 0.9691666666666666 0.759375 0.9733333333333333 0.765625 0.97 0.7731250000000001 0.9708333333333334 0.784375 0.9616666666666667 0.8006249999999999 0.9633333333333333 0.805 0.9658333333333333 0.8043750000000001 0.97 0.81125 0.97 0.8175000000000001 0.9650000000000001 0.828125 0.9658333333333333 0.8393750000000001 0.96 0.843125 0.9558333333333333 0.8487500000000001 0.9550000000000001 0.8512500000000001 0.9491666666666667 0.8550000000000001 0.9533333333333334 0.85875 0.9525 0.858125 0.9491666666666667 0.8625 0.9466666666666667 0.8606250000000001 0.9316666666666666 0.851875 0.9216666666666666 0.85625 0.9191666666666667 0.8556250000000001 0.9108333333333333 0.8612500000000001 0.9041666666666666 0.85875 0.8591666666666666 0.8556250000000001 0.8525 0.8550000000000001 0.8416666666666666 0.844375 0.8300000000000001 0.843125 0.8241666666666667 0.844375 0.8033333333333333 0.8487500000000001 0.8066666666666666 0.851875 0.8 0.853125 0.7891666666666667 0.8525 0.7741666666666667 0.8462500000000001 0.7649999999999999 0.850625 0.7516666666666667 0.8462500000000001 0.7424999999999999 0.8487500000000001 0.7274999999999999 0.8450000000000001 0.7233333333333334 0.8462500000000001 0.7158333333333333 0.844375 0.7133333333333333 0.8450000000000001 0.7075 0.8487500000000001 0.7024999999999999 0.8481250000000001 0.6858333333333333 0.84375 0.6833333333333333 0.834375 0.6849999999999999 0.834375 0.6941666666666666 0.8300000000000001 0.6950000000000001 0.8231250000000001 0.6908333333333333 0.81125 0.6983333333333334 0.8006249999999999 0.6925 0.7939581250000001 0.6925 0.79125 0.6950000000000001 0.79 0.6916666666666667 0.79125 0.6958333333333333 0.785625 0.7033333333333334 0.775625 0.7033333333333334 0.766875 0.7 0.7518750000000001 0.6849999999999999 0.73375 0.6758333333333333 0.7306250000000001 0.6641666666666667 0.7275 0.6675 0.7237500000000001 0.6625 0.7100000000000001 0.6558333333333334 0.7050000000000001 0.6558333333333334 0.7037500000000001 0.6541666666666667 0.7106250000000001 0.6475 0.7100000000000001 0.64 0.703125 0.6341666666666667 0.6987500000000001 0.6241666666666666 0.703125 0.6166666666666667 0.7075 0.6174999999999999 0.711875 0.6125 0.71125 0.5991666666666666 0.70625 0.595 0.6993750000000001 0.5966666666666667 0.686875 0.5858333333333333 0.6743750000000001 0.5708333333333333 0.6725000000000001 0.5650000000000001 0.665 0.5650000000000001 0.6631250000000001 0.5599999999999999 0.65125 0.5508333333333333 0.6362500000000001 0.5525 0.6300000000000001 0.5558333333333334 0.62 0.5808333333333333 0.6162500000000001 0.5841666666666667 0.6125 0.5833333333333333 0.60875 0.5900000000000001 0.6112500000000001 0.595 0.60875 0.5983333333333334 0.6 0.5983333333333334 0.5962500000000001 0.6016666666666667 0.5925 0.6 0.58875 0.5941666666666666 0.5806250000000001 0.5925 0.575 0.5858333333333333 0.566875 0.5816666666666667 0.5650000000000001 0.5725 0.57125 0.5741666666666666 0.56875 0.5666666666666667 0.5725 0.5633333333333332 0.571875 0.5599999999999999 0.5675000000000001 0.5599999999999999 0.5643750000000001 0.5566666666666666 0.56 0.5599999999999999 0.5537500000000001 0.5533333333333333 0.54625 0.5533333333333333 0.540625 0.55 0.525 0.5525 0.519375 0.5575 0.5112500000000001 0.5675 0.50875 0.5825 0.50125 0.585 0.496875 0.595 0.49750000000000005 0.5983333333333334 0.4912500000000001 0.6025 0.476875 0.6 0.473125 0.5958333333333333 0.46312500000000006 0.5958333333333333 0.45437500000000003 0.5841666666666667 0.453125 0.5741666666666666 0.4425 0.5616666666666666 0.43875000000000003 0.5633333333333332 0.43875000000000003 0.5675 0.43624999999999997 0.5691666666666666 0.43125 0.5666666666666667 0.433125 0.5633333333333332 0.428125 0.5650000000000001 0.42374999999999996 0.5616666666666666 0.414375 0.5616666666666666 0.4025 0.5683333333333334 0.40062500000000006 0.575 0.3975 0.575 0.3925 0.5808333333333333 0.39437500000000003 0.5891666666666666 0.39125 0.5958333333333333 0.38125 0.6066666666666667 0.38 0.605 0.37625000000000003 0.6075 0.374375 0.6025 0.369375 0.605 0.36312500000000003 0.5966666666666667 0.35187500000000005 0.6016666666666667 0.35 0.5900000000000001 0.34500000000000003 0.5841666666666667 0.34375 0.5766666666666667 0.335 0.5725 0.316875 0.575 0.296875 0.5858333333333333 0.275625 0.6133333333333333 0.27937500000000004 0.6333333333333333 0.28250000000000003 0.6366666666666666 0.280625 0.6475 0.288125 0.6575 0.288125 0.6608333333333334 0.28250000000000003 0.6691666666666667 0.261875 0.67 0.25125000000000003 0.6666666666666667 0.240625 0.6741666666666666 0.23125 0.6858333333333333 0.22937500000000002 0.6966666666666667 0.22375000000000003 0.7108333333333333 0.216875 0.7091666666666667 0.21375000000000002 0.7116666666666667 0.20125 0.71 0.1925 0.7125 0.19187500000000002 0.7166666666666667 0.185625 0.725 0.17625000000000002 0.7166666666666667 0.17750000000000002 0.7133333333333333 0.17312500000000003 0.7125 0.165 0.72 0.16125 0.7166666666666667 0.16125 0.72 0.175625 0.7258333333333333 0.17375000000000002 0.7333333333333333 0.16125 0.7316666666666667 0.15625 0.7341666666666666 0.15875 0.7474999999999999 0.164375 0.7533333333333333
0 0.47750000000000004 0.5566666666666666 0.47750000000000004 0.5516666666666666 0.471875 0.5516666666666666 0.471875 0.5591666666666667 0.47750000000000004 0.5566666666666666
0 0.36125 0.5616666666666666 0.36812500000000004 0.5566666666666666 0.366875 0.5508333333333333 0.36312500000000003 0.5466666666666666 0.35750000000000004 0.55 0.356875 0.5566666666666666 0.36125 0.5616666666666666
0 0.578125 0.546875 0.00078125 0.00234375
0 0.591875 0.5566666666666666 0.59375 0.5558333333333334 0.59375 0.5599999999999999 0.596875 0.5575 0.598125 0.5599999999999999 0.603125 0.5533333333333333 0.6006250000000001 0.55 0.599375 0.5358333333333334 0.5925 0.5325 0.588125 0.5349999999999999 0.588125 0.5516666666666666 0.591875 0.5566666666666666
0 0.484375 0.5328125 0.0015625 0.00078125
0 0.834375 0.6008333333333333 0.834375 0.5941666666666666 0.8325000000000001 0.5941666666666666 0.8318749999999999 0.5983333333333334 0.834375 0.6008333333333333
0 0.18375000000000002 0.5466666666666666 0.181875 0.5391666666666667 0.181875 0.55 0.18375000000000002 0.5466666666666666
0 0.18828125 0.5359375 0.00078125 0.00234375
0 0.8231250000000001 0.47000000000000003 0.8200000000000001 0.4683333333333334 0.820625 0.4716666666666667 0.8231250000000001 0.47000000000000003
0 0.8243750000000001 0.465 0.8243750000000001 0.45916666666666667 0.821875 0.4608333333333333 0.82125 0.465 0.8243750000000001 0.465
0 0.1984375 0.428125 0.0015625 0.00078125
0 0.224375 0.425 0.21812499999999999 0.42416666666666664 0.215625 0.425 0.224375 0.425
0 0.28250000000000003 0.12 0.28687500000000005 0.12 0.288125 0.11583333333333332 0.293125 0.11916666666666667 0.29375 0.11750000000000001 0.293125 0.11416666666666667 0.28687500000000005 0.11499999999999999 0.28375000000000006 0.10916666666666666 0.27937500000000004 0.11000000000000001 0.275625 0.10666666666666666 0.27375000000000005 0.10833333333333332 0.275 0.11416666666666667 0.28250000000000003 0.12
0 0.35875 0.10916666666666666 0.36062500000000003 0.10583333333333333 0.3625 0.10916666666666666 0.36625 0.10916666666666666 0.369375 0.10666666666666666 0.37062500000000004 0.09833333333333333 0.36875 0.095 0.36750000000000005 0.1 0.364375 0.09916666666666667 0.36541687500000003 0.095 0.36312500000000003 0.09833333333333333 0.362083125 0.095 0.35875 0.095 0.35875 0.1 0.35625 0.1025 0.355625 0.10500000000000001 0.35875 0.10916666666666666
0 0.76 0.08499999999999999 0.75625 0.08416666666666667 0.7550000000000001 0.08499999999999999 0.76 0.08499999999999999
0 0.7325 0.09666666666666666 0.7306250000000001 0.08083333333333334 0.7306250000000001 0.10333333333333332 0.7325 0.09666666666666666
0 0.7175 0.08083333333333334 0.71625 0.07916666666666666 0.715625 0.08166666666666667 0.7175 0.08083333333333334
0 0.7362500000000001 0.07583333333333334 0.743125 0.07666666666666666 0.7393750000000001 0.08166666666666667 0.745 0.08499999999999999 0.7456250000000001 0.08083333333333334 0.74375 0.0775 0.7462500000000001 0.07416666666666667 0.744375 0.07083333333333333 0.7393750000000001 0.0725 0.73875 0.075 0.734375 0.07333333333333333 0.735625 0.07583333333333334 0.733125 0.0775 0.7300000000000001 0.07333333333333333 0.733125 0.07916666666666666 0.7362500000000001 0.07583333333333334
0 0.80375 0.0675 0.8043750000000001 0.06416666666666666 0.8018750000000001 0.06333333333333332 0.7993750000000001 0.06833333333333333 0.80375 0.0675
0 0.75125 0.058333333333333334 0.749375 0.059166666666666666 0.7525000000000001 0.06083333333333333 0.75125 0.058333333333333334
0 0.7475 0.06 0.74375 0.056666666666666664 0.744375 0.06333333333333332 0.7475 0.06
0 0.146875 0.7316666666666667 0.15750000000000003 0.7441666666666666 0.15750000000000003 0.7474999999999999 0.15375 0.7516666666666667 0.15687500000000001 0.7558333333333334 0.15375 0.7591666666666667 0.154375 0.7616666666666666 0.16187500000000002 0.7525 0.165625 0.7591666666666667 0.171875 0.7516666666666667 0.17312500000000003 0.7583333333333333 0.169375 0.7666666666666667 0.17 0.7758333333333333 0.16625 0.78 0.164375 0.7741666666666667 0.16125 0.775 0.16187500000000002 0.7858333333333334 0.165 0.7858333333333334 0.165 0.7966666666666666 0.16125 0.7958333333333333 0.15687500000000001 0.8008333333333333 0.154375 0.7941666666666667 0.15125000000000002 0.7966666666666666 0.15125000000000002 0.8066666666666666 0.149375 0.8108333333333333 0.14750000000000002 0.8099999999999999 0.153125 0.8133333333333332 0.15250000000000002 0.8183333333333334 0.14375 0.8241666666666667 0.14 0.8316666666666667 0.138125 0.8416666666666666 0.14 0.8458333333333334 0.13687500000000002 0.8483333333333333 0.133125 0.8591666666666666 0.133125 0.8800000000000001 0.148125 0.9016666666666666 0.146875 0.905 0.143125 0.9058333333333334 0.14500000000000002 0.925 0.14 0.9291666666666666 0.138125 0.9341666666666667 0.14 0.9383333333333332 0.18125 0.9466666666666667 0.216875 0.9458333333333334 0.22749999999999998 0.95 0.261875 0.9491666666666667 0.275625 0.9541666666666666 0.29625 0.9550000000000001 0.30125 0.9574999999999999 0.3175 0.9541666666666666 0.343125 0.9566666666666667 0.35 0.9533333333333334 0.365625 0.9533333333333334 0.37625000000000003 0.9541666666666666 0.379375 0.9574999999999999 0.38875000000000004 0.96 0.449375 0.9583333333333334 0.45625 0.9625 0.47062499999999996 0.9625 0.476875 0.9591666666666667 0.48500000000000004 0.9591666666666667 0.50875 0.9650000000000001 0.5231250000000001 0.9616666666666667 0.535625 0.9666666666666666 0.5587500000000001 0.9666666666666666 0.56625 0.9724999999999999 0.5725 0.97 0.5787500000000001 0.9716666666666667 0.5875 0.9666666666666666 0.601875 0.9666666666666666 0.60875 0.9724999999999999 0.6168750000000001 0.9708333333333334 0.6225 0.9741666666666667 0.6300000000000001 0.9716666666666667 0.64875 0.9741666666666667 0.6612500000000001 0.97 0.6681250000000001 0.9733333333333333 0.681875 0.9733333333333333 0.685 0.9708333333333334 0.715625 0.9675 0.7306250000000001 0.9741666666666667 0.764375 0.9683333333333334 0.779375 0.975 0.789375 0.9708333333333334 0.79125 0.9733333333333333 0.8137500000000001 0.9708333333333334 0.8356250000000001 0.9733333333333333 0.8450000000000001 0.9691666666666666 0.85625 0.9691666666666666 0.8625 0.9641666666666666 0.8612500000000001 0.9591666666666667 0.865625 0.9525 0.86625 0.9458333333333334 0.858125 0.9291666666666666 0.8625 0.925 0.86 0.9141666666666666 0.8637500000000001 0.9041666666666666 0.86 0.8775000000000001 0.8606250000000001 0.8683333333333334 0.8556250000000001 0.8400000000000001 0.8487500000000001 0.8333333333333334 0.85 0.8275 0.8556250000000001 0.8216666666666667 0.8525 0.8150000000000001 0.851875 0.8 0.8568749999999999 0.7741666666666667 0.8487500000000001 0.7625 0.8512500000000001 0.7516666666666667 0.849375 0.7433333333333334 0.8525 0.7308333333333333 0.8525 0.7133333333333333 0.849375 0.7091666666666667 0.8512500000000001 0.6991666666666666 0.8487500000000001 0.6791666666666667 0.8418750000000002 0.6649999999999999 0.8425 0.6591666666666667 0.8456250000000001 0.6541666666666667 0.8462500000000001 0.645 0.8425 0.63 0.836875 0.6233333333333333 0.8237500000000001 0.6208333333333333 0.8225 0.6083333333333333 0.8293750000000001 0.605 0.8306250000000001 0.5841666666666667 0.8275 0.5708333333333333 0.828125 0.5491666666666666 0.82125 0.5358333333333334 0.821875 0.5283333333333333 0.819375 0.5225 0.8225 0.5191666666666667 0.8243750000000001 0.5108333333333334 0.8275 0.5091666666666667 0.8256249999999999 0.5091666666666667 0.8275 0.5037499999999999 0.8243750000000001 0.5016666666666667 0.8275 0.49833333333333335 0.8237500000000001 0.49749999999999994 0.8225 0.49000000000000005 0.8162499999999999 0.48583333333333334 0.8162499999999999 0.47000000000000003 0.8125 0.45666666666666667 0.820625 0.4541666666666667 0.82125 0.45166666666666666 0.82125 0.39583333333333337 0.820625 0.39166666666666666 0.8175000000000001 0.39249999999999996 0.8150000000000001 0.39 0.8143750000000001 0.36583333333333334 0.8175000000000001 0.3625 0.8137500000000001 0.3516666666666667 0.8125 0.33916666666666667 0.8150000000000001 0.32333333333333336 0.809375 0.31666666666666665 0.8168750000000001 0.3158333333333333 0.82125 0.3125 0.820625 0.2975 0.8231250000000001 0.29333333333333333 0.818125 0.27999999999999997 0.81875 0.2575 0.8162499999999999 0.21666666666666665 0.81125 0.21000000000000002 0.8137500000000001 0.205 0.8143750000000001 0.19666666666666666 0.8143750000000001 0.15083333333333332 0.79 0.15083333333333332 0.7862500000000001 0.14416666666666667 0.789375 0.13416666666666666 0.7931250000000001 0.13666666666666666 0.79625 0.13333333333333333 0.8 0.13333333333333333 0.806875 0.13666666666666666 0.809375 0.13333333333333333 0.806875 0.1275 0.8087500000000001 0.10166666666666666 0.805625 0.0775 0.7975000000000001 0.07166666666666667 0.79 0.0725 0.786875 0.0625 0.7825 0.06583333333333333 0.7818750000000001 0.06166666666666667 0.7725000000000001 0.07916666666666666 0.76875 0.08333333333333334 0.76375 0.08416666666666667 0.75875 0.0925 0.7550000000000001 0.09166666666666666 0.7525000000000001 0.0875 0.7506250000000001 0.08833333333333333 0.75125 0.10500000000000001 0.7475 0.10916666666666666 0.744375 0.11833333333333333 0.7412500000000001 0.11750000000000001 0.7393750000000001 0.1125 0.733125 0.11333333333333333 0.7306250000000001 0.10833333333333332 0.7237500000000001 0.11083333333333334 0.7206250000000001 0.1075 0.7175 0.095 0.711875 0.08416666666666667 0.711875 0.07916666666666666 0.713125 0.075 0.718125 0.07666666666666666 0.7206250000000001 0.07166666666666667 0.724375 0.06999999999999999 0.7237500000000001 0.059166666666666666 0.716875 0.06083333333333333 0.7143750000000001 0.056666666666666664 0.711875 0.056666666666666664 0.71125 0.06 0.706875 0.06166666666666667 0.698125 0.06166666666666667 0.695625 0.058333333333333334 0.6943750000000001 0.06333333333333332 0.685 0.065 0.6825 0.06833333333333333 0.6787500000000001 0.06666666666666667 0.675 0.06 0.67125 0.06 0.669375 0.06333333333333332 0.6675000000000001 0.06 0.661875 0.0775 0.6581250000000001 0.08166666666666667 0.65375 0.08083333333333334 0.64875 0.08416666666666667 0.6481250000000001 0.06916666666666667 0.633125 0.06333333333333332 0.6162500000000001 0.06416666666666666 0.6118750000000001 0.06999999999999999 0.60375 0.07083333333333333 0.5987500000000001 0.0775 0.5943750000000001 0.075 0.58875 0.08 0.58125 0.07916666666666666 0.58125 0.07416666666666667 0.5787500000000001 0.0725 0.570625 0.07666666666666666 0.5537500000000001 0.0725 0.5493750000000001 0.0775 0.54125 0.0775 0.5381250000000001 0.08166666666666667 0.5331250000000001 0.07916666666666666 0.52875 0.08499999999999999 0.519375 0.08666666666666667 0.50875 0.07916666666666666 0.50125 0.08 0.491875 0.09333333333333334 0.484375 0.09416666666666666 0.48125 0.08916666666666666 0.476875 0.08833333333333333 0.47375 0.09333333333333334 0.46312500000000006 0.0925 0.458125 0.09666666666666666 0.4525 0.0925 0.4375 0.09583333333333334 0.4325 0.10083333333333333 0.428125 0.09833333333333333 0.42312500000000003 0.10166666666666666 0.418125 0.11333333333333333 0.40437500000000004 0.1 0.4 0.1025 0.395625 0.09916666666666667 0.39375 0.10333333333333332 0.390625 0.09666666666666666 0.385625 0.09916666666666667 0.38 0.09583333333333334 0.378125 0.10500000000000001 0.38 0.11083333333333334 0.37625000000000003 0.1125 0.375 0.11916666666666667 0.37062500000000004 0.12083333333333332 0.36312500000000003 0.13 0.36375 0.13333333333333333 0.36125 0.13666666666666666 0.3625 0.14833333333333334 0.36 0.15333333333333332 0.34937500000000005 0.14833333333333334 0.348125 0.14333333333333334 0.34125 0.13999999999999999 0.344375 0.13 0.343125 0.12 0.348125 0.11833333333333333 0.34875 0.11416666666666667 0.33625000000000005 0.11416666666666667 0.3325 0.11083333333333334 0.32062500000000005 0.11416666666666667 0.3175 0.11083333333333334 0.30875 0.11000000000000001 0.303125 0.125 0.30125 0.12250000000000001 0.29625 0.12250000000000001 0.294375 0.12583333333333332 0.2875 0.12666666666666665 0.27937500000000004 0.12333333333333334 0.275 0.12416666666666668 0.2725 0.12083333333333332 0.26125000000000004 0.13999999999999999 0.263125 0.14250000000000002 0.2625 0.14916666666666667 0.255 0.15 0.251875 0.15416666666666667 0.24937500000000004 0.1525 0.2375 0.12833333333333333 0.22749999999999998 0.12666666666666665 0.221875 0.12166666666666666 0.216875 0.12250000000000001 0.21625 0.1275 0.21000000000000002 0.12916666666666668 0.21187499999999998 0.13333333333333333 0.210625 0.135 0.206875 0.135 0.205625 0.13833333333333334 0.20187500000000003 0.13583333333333333 0.20125 0.14166666666666666 0.18937500000000002 0.14333333333333334 0.18625 0.1525 0.1875 0.16083333333333333 0.190625 0.16499999999999998 0.1875 0.1775 0.18875000000000003 0.20166666666666666 0.19187500000000002 0.20666666666666664 0.19625 0.20750000000000002 0.19625 0.21083333333333334 0.19187500000000002 0.21583333333333332 0.18937500000000002 0.22999999999999998 0.19 0.24083333333333332 0.18812500000000001 0.24416666666666664 0.1875 0.25833333333333336 0.19187500000000002 0.2633333333333333 0.19125 0.2658333333333333 0.17875000000000002 0.26749999999999996 0.175625 0.28250000000000003 0.178125 0.31 0.181875 0.32083333333333336 0.18125 0.3416666666666667 0.1875 0.3416666666666667 0.1925 0.3491666666666667 0.18875000000000003 0.3575 0.18250000000000002 0.3575 0.181875 0.3625 0.19312500000000002 0.3625 0.19437500000000002 0.37416666666666665 0.2 0.39 0.1975 0.39416666666666667 0.1925 0.39499999999999996 0.190625 0.40083333333333326 0.19125 0.41083333333333333 0.18875000000000003 0.4141666666666667 0.19125 0.43083333333333335 0.190625 0.4416666666666667 0.19312500000000002 0.45 0.1975 0.44666666666666666 0.20187500000000003 0.4533333333333333 0.195625 0.4616666666666666 0.1925 0.4625 0.195625 0.47333333333333333 0.19 0.47750000000000004 0.186875 0.49916666666666665 0.195625 0.5325 0.19937500000000002 0.5383333333333333 0.21000000000000002 0.545 0.210625 0.5475 0.20375000000000001 0.5491666666666666 0.195625 0.5433333333333333 0.19 0.5466666666666666 0.19125 0.5516666666666666 0.18625 0.5525 0.18937500000000002 0.5558333333333334 0.1875 0.5599999999999999 0.185 0.5616666666666666 0.180625 0.5591666666666667 0.180625 0.5675 0.18625 0.5708333333333333 0.19 0.5708333333333333 0.19187500000000002 0.5650000000000001 0.19625 0.5641666666666667 0.19937500000000002 0.5766666666666667 0.20500000000000002 0.5816666666666667 0.19812500000000002 0.5875 0.1875 0.5883333333333333 0.18812500000000001 0.595 0.176875 0.62 0.176875 0.6266666666666667 0.171875 0.6341666666666667 0.16812500000000002 0.6308333333333334 0.16312500000000002 0.6425 0.16312500000000002 0.6616666666666666 0.159375 0.6608333333333334 0.164375 0.6633333333333333 0.165625 0.6691666666666667 0.15625 0.6716666666666666 0.151875 0.6783333333333333 0.15375 0.6816666666666666 0.14750000000000002 0.6849999999999999 0.14375 0.7058333333333333 0.14375 0.72 0.146875 0.7316666666666667
0 0.77375 0.07083333333333333 0.77125 0.07583333333333334 0.7725000000000001 0.07666666666666666 0.774375 0.07333333333333333 0.771875 0.052500000000000005 0.77125 0.07083333333333333 0.77375 0.07083333333333333
0 0.8012500000000001 0.057499999999999996 0.8006249999999999 0.05083333333333333 0.7975000000000001 0.05166666666666666 0.796875 0.056666666666666664 0.8012500000000001 0.057499999999999996
0 0.7862500000000001 0.059166666666666666 0.7881250000000001 0.05166666666666666 0.7837500000000001 0.05083333333333333 0.78125 0.05500000000000001 0.78125 0.059166666666666666 0.7862500000000001 0.059166666666666666
0 0.790625 0.05333333333333333 0.7931250000000001 0.06083333333333333 0.795625 0.056666666666666664 0.795625 0.05 0.7925000000000001 0.049166666666666664 0.790625 0.05 0.790625 0.05333333333333333
0 0.175 0.7241666666666666 0.17750000000000002 0.72 0.17125 0.7183333333333334 0.17 0.72 0.175 0.7241666666666666
0 0.15 0.7066666666666667 0.14875 0.7058333333333333 0.146875 0.7075 0.15 0.7066666666666667
0 0.154375 0.7141666666666666 0.15750000000000003 0.7058333333333333 0.151875 0.7058333333333333 0.151875 0.7133333333333333 0.154375 0.7141666666666666
0 0.15750000000000003 0.6958333333333333 0.15 0.6950000000000001 0.148125 0.6958333333333333 0.15750000000000003 0.6958333333333333
0 0.230625 0.61 0.22937500000000002 0.6108333333333333 0.230625 0.6133333333333333 0.230625 0.61
0 0.2325 0.6058333333333333 0.23000000000000004 0.6033333333333333 0.230625 0.6083333333333333 0.2325 0.6058333333333333
0 0.20625 0.6174999999999999 0.22375000000000003 0.6275000000000001 0.22375000000000003 0.6216666666666667 0.22625 0.6241666666666666 0.228125 0.6224999999999999 0.2125 0.6158333333333333 0.221875 0.6091666666666666 0.22000000000000003 0.61 0.21937500000000001 0.6058333333333333 0.209375 0.5983333333333334 0.20187500000000003 0.5991666666666666 0.20249999999999999 0.6125 0.20625 0.6174999999999999
0 0.7825 0.6166666666666667 0.790625 0.6166666666666667 0.794375 0.6091666666666666 0.7931250000000001 0.6066666666666667 0.7862500000000001 0.6091666666666666 0.7818750000000001 0.6058333333333333 0.7825 0.6016666666666667 0.786875 0.5983333333333334 0.7862500000000001 0.5958333333333333 0.78 0.6 0.775625 0.5991666666666666 0.775625 0.6125 0.7825 0.6166666666666667
0 0.23500000000000001 0.5958333333333333 0.231875 0.5941666666666666 0.230625 0.5966666666666667 0.23500000000000001 0.5958333333333333
0 0.5693750000000001 0.5641666666666667 0.568125 0.5616666666666666 0.56375 0.5633333333333332 0.5693750000000001 0.5641666666666667
0 0.5856250000000001 0.5575 0.5856250000000001 0.5533333333333333 0.58125 0.5541666666666667 0.5856250000000001 0.5575
0 0.165 0.7541666666666667 0.16812500000000002 0.7533333333333333 0.17125 0.7474999999999999 0.174375 0.7474999999999999 0.175625 0.7516666666666667 0.17 0.7633333333333333 0.1675 0.7783333333333333 0.169375 0.7841666666666667 0.16687500000000002 0.7933333333333333 0.16 0.8 0.16187500000000002 0.8033333333333333 0.16062500000000002 0.8083333333333333 0.14625000000000002 0.8208333333333334 0.14 0.8308333333333333 0.134375 0.8466666666666667 0.13625 0.8516666666666666 0.134375 0.86 0.135 0.8625 0.140625 0.8633333333333333 0.145625 0.8683333333333334 0.14375 0.8691666666666666 0.15125000000000002 0.8733333333333333 0.15 0.8808333333333334 0.14250000000000002 0.8841666666666667 0.14250000000000002 0.8883333333333333 0.146875 0.8908333333333334 0.15375 0.89 0.15687500000000001 0.8816666666666666 0.16062500000000002 0.8825 0.16375 0.8949999999999999 0.15812500000000002 0.9008333333333333 0.159375 0.9033333333333333 0.15687500000000001 0.9075 0.15687500000000001 0.9125 0.155625 0.9141666666666666 0.15125000000000002 0.9075 0.14875 0.9175000000000001 0.15375 0.9191666666666667 0.15125000000000002 0.9291666666666666 0.155 0.9333333333333333 0.155 0.9383333333333332 0.16312500000000002 0.9433333333333334 0.196875 0.9466666666666667 0.20875 0.9458333333333334 0.21187499999999998 0.9425000000000001 0.2125 0.9458333333333334 0.216875 0.945 0.22749999999999998 0.95 0.24250000000000002 0.95 0.2475 0.9525 0.26375000000000004 0.9508333333333333 0.26812500000000006 0.9533333333333334 0.30125 0.9574999999999999 0.31062500000000004 0.9541666666666666 0.345625 0.9566666666666667 0.35187500000000005 0.9533333333333334 0.356875 0.9574999999999999 0.37625000000000003 0.9550000000000001 0.385625 0.96 0.4325 0.9574999999999999 0.45437500000000003 0.9633333333333333 0.47375 0.9633333333333333 0.47750000000000004 0.9583333333333334 0.510625 0.9666666666666666 0.555625 0.9675 0.566875 0.9716666666666667 0.58875 0.9666666666666666 0.5956250000000001 0.9583333333333334 0.599375 0.9608333333333332 0.5987500000000001 0.9650000000000001 0.6006250000000001 0.9675 0.60625 0.9666666666666666 0.60875 0.9716666666666667 0.6125 0.97 0.624375 0.9741666666666667 0.639375 0.975 0.649375 0.9741666666666667 0.664375 0.9683333333333334 0.66625 0.97 0.664375 0.9733333333333333 0.671875 0.9741666666666667 0.7125 0.9675 0.7300000000000001 0.9733333333333333 0.738125 0.9733333333333333 0.75125 0.9683333333333334 0.758125 0.9733333333333333 0.765625 0.9691666666666666 0.7725000000000001 0.9708333333333334 0.7831250000000001 0.9616666666666667 0.8 0.9616666666666667 0.8043750000000001 0.9641666666666666 0.806875 0.97 0.8099999999999999 0.97 0.820625 0.9633333333333333 0.82875 0.9641666666666666 0.8387500000000001 0.9591666666666667 0.8400000000000001 0.9483333333333333 0.8487500000000001 0.9533333333333334 0.8487500000000001 0.9483333333333333 0.851875 0.9475 0.8550000000000001 0.9525 0.8575000000000002 0.9525 0.8568749999999999 0.9491666666666667 0.8618750000000001 0.9466666666666667 0.86 0.9324999999999999 0.8525 0.925 0.85625 0.9158333333333333 0.8556250000000001 0.9125 0.853125 0.915 0.8525 0.9116666666666667 0.8606250000000001 0.9041666666666666 0.858125 0.8591666666666666 0.8512500000000001 0.8375 0.8487500000000001 0.835 0.8418750000000002 0.8358333333333332 0.8400000000000001 0.8316666666666667 0.843125 0.8283333333333334 0.84375 0.8033333333333333 0.8512500000000001 0.8008333333333333 0.853125 0.7875 0.851875 0.7741666666666667 0.8456250000000001 0.7649999999999999 0.849375 0.755 0.8487500000000001 0.7491666666666666 0.8450000000000001 0.7441666666666666 0.8487500000000001 0.73 0.8450000000000001 0.725 0.8456250000000001 0.7166666666666667 0.84375 0.7125 0.8456250000000001 0.705 0.8487500000000001 0.7024999999999999 0.846875 0.6858333333333333 0.8425 0.69 0.840625 0.6891666666666667 0.8412499999999999 0.6849999999999999 0.835 0.6883333333333332 0.83625 0.6941666666666666 0.828125 0.6975 0.8262500000000002 0.6925 0.8231250000000001 0.6916666666666667 0.8106250000000002 0.7008333333333333 0.7931250000000001 0.6958333333333333 0.785625 0.7041666666666667 0.75875 0.7 0.759375 0.6925 0.75125 0.6858333333333333 0.740625 0.6825 0.73375 0.6766666666666666 0.7306250000000001 0.6691666666666667 0.726875 0.6691666666666667 0.725 0.6641666666666667 0.7100000000000001 0.6566666666666666 0.7056250000000001 0.6583333333333333 0.7025 0.655 0.70625 0.6483333333333333 0.7100000000000001 0.6475 0.7100000000000001 0.6433333333333333 0.70625 0.6416666666666667 0.7025 0.6358333333333334 0.698125 0.6241666666666666 0.7025 0.615 0.70625 0.6166666666666667 0.71125 0.6125 0.7106250000000001 0.5991666666666666 0.706875 0.5966666666666667 0.6993750000000001 0.5974999999999999 0.685625 0.585 0.6787500000000001 0.575 0.6737500000000001 0.5716666666666667 0.671875 0.5666666666666667 0.665 0.5658333333333333 0.6625 0.5599999999999999 0.65125 0.5516666666666666 0.6362500000000001 0.5533333333333333 0.630625 0.5566666666666666 0.6256250000000001 0.5708333333333333 0.61375 0.5908333333333333 0.613125 0.595 0.60875 0.6 0.6012500000000001 0.5991666666666666 0.5956250000000001 0.6041666666666667 0.5875 0.5941666666666666 0.5806250000000001 0.5933333333333334 0.575 0.5866666666666667 0.5675000000000001 0.5841666666666667 0.56375 0.5775 0.5650000000000001 0.5741666666666666 0.560625 0.5708333333333333 0.56125 0.5675 0.5575 0.5566666666666666 0.553125 0.5541666666666667 0.54625 0.5583333333333333 0.5431250000000001 0.5516666666666666 0.5375 0.5541666666666667 0.525625 0.5525 0.519375 0.5583333333333333 0.5118750000000001 0.5675 0.509375 0.5825 0.503125 0.5858333333333333 0.49812500000000004 0.5941666666666666 0.49812500000000004 0.5983333333333334 0.491875 0.6033333333333333 0.491875 0.6066666666666667 0.47375 0.5974999999999999 0.46375 0.5966666666666667 0.45437500000000003 0.585 0.45187499999999997 0.575 0.446875 0.5700000000000001 0.445625 0.5650000000000001 0.440625 0.5650000000000001 0.43937499999999996 0.5691666666666666 0.43062500000000004 0.5683333333333334 0.42562500000000003 0.5633333333333332 0.41125 0.5641666666666667 0.40687500000000004 0.5666666666666667 0.40062500000000006 0.5775 0.396875 0.5775 0.396875 0.5825 0.39375 0.5808333333333333 0.395625 0.5841666666666667 0.395 0.5883333333333333 0.389375 0.5991666666666666 0.38375000000000004 0.6058333333333333 0.37312500000000004 0.605 0.37375 0.6091666666666666 0.37125 0.6125 0.366875 0.6016666666666667 0.3625 0.5974999999999999 0.359375 0.6008333333333333 0.35187500000000005 0.6025 0.34937500000000005 0.5891666666666666 0.344375 0.585 0.343125 0.5775 0.335625 0.5733333333333334 0.3175 0.575 0.296875 0.5866666666666667 0.27937500000000004 0.6091666666666666 0.27937500000000004 0.6133333333333333 0.275625 0.6158333333333333 0.278125 0.6183333333333334 0.278125 0.6266666666666667 0.28250000000000003 0.6358333333333334 0.28375000000000006 0.645 0.281875 0.6458333333333333 0.281875 0.65 0.28875 0.6575 0.28875 0.6608333333333334 0.284375 0.6666666666666667 0.284375 0.6725 0.28125 0.67 0.26125000000000004 0.6708333333333333 0.25125000000000003 0.6683333333333333 0.24000000000000005 0.675 0.234375 0.6816666666666666 0.231875 0.6858333333333333 0.230625 0.6991666666666666 0.22375000000000003 0.7133333333333333 0.22062500000000002 0.7108333333333333 0.21375000000000002 0.7133333333333333 0.2 0.7116666666666667 0.18812500000000001 0.7241666666666666 0.184375 0.7258333333333333 0.181875 0.7233333333333334 0.17875000000000002 0.7266666666666667 0.175 0.7391666666666666 0.16687500000000002 0.7333333333333333 0.15750000000000003 0.7341666666666666 0.16 0.7466666666666667 0.165 0.7541666666666667
0 0.478125 0.5533333333333333 0.47375 0.55 0.47250000000000003 0.5516666666666666 0.473125 0.5583333333333333 0.478125 0.5533333333333333
0 0.36187500000000006 0.5616666666666666 0.36750000000000005 0.5566666666666666 0.36625 0.5508333333333333 0.3625 0.5466666666666666 0.356875 0.5516666666666666 0.35750000000000004 0.5575 0.36187500000000006 0.5616666666666666
0 0.588125 0.55 0.591875 0.5549999999999999 0.595 0.5533333333333333 0.5987500000000001 0.5566666666666666 0.601875 0.5533333333333333 0.5987500000000001 0.5433333333333333 0.599375 0.5366666666666666 0.591875 0.5333333333333333 0.588125 0.5358333333333334 0.588125 0.55
0 0.5231250000000001 0.3975 0.5206250000000001 0.39666666666666667 0.51875 0.3975 0.5231250000000001 0.3975
0 0.6609375 0.390625 0.00078125 0.00078125
0 0.20375000000000001 0.36583333333333334 0.21125000000000002 0.36583333333333334 0.20875 0.36416666666666664 0.20812500000000003 0.3591666666666667 0.205625 0.35833333333333334 0.20375000000000001 0.3591666666666667 0.20375000000000001 0.36583333333333334
0 0.205625 0.3875 0.21437500000000004 0.3933333333333333 0.21187499999999998 0.39666666666666667 0.21437500000000004 0.4 0.22562500000000002 0.4066666666666666 0.238125 0.4066666666666666 0.24125000000000002 0.4041666666666667 0.248125 0.38666666666666666 0.255 0.38 0.26 0.37916666666666665 0.26875 0.36666666666666664 0.26875 0.355 0.265 0.3491666666666667 0.261875 0.35083333333333333 0.25812500000000005 0.3458333333333333 0.254375 0.345 0.24937500000000004 0.3491666666666667 0.248125 0.35666666666666663 0.23000000000000004 0.3575 0.22749999999999998 0.3591666666666667 0.228125 0.36416666666666664 0.22312500000000002 0.36583333333333334 0.225 0.36916666666666664 0.22375000000000003 0.37083333333333335 0.21437500000000004 0.37083333333333335 0.21187499999999998 0.37333333333333335 0.2125 0.3808333333333333 0.205625 0.3875
0 0.39125 0.3675 0.39875000000000005 0.38 0.410625 0.3908333333333333 0.414375 0.3975 0.43875000000000003 0.40166666666666667 0.445625 0.40166666666666667 0.453125 0.39 0.45625 0.37666666666666665 0.459375 0.37583333333333335 0.46312500000000006 0.3675 0.46625000000000005 0.36916666666666664 0.46875 0.36583333333333334 0.46875 0.3616666666666667 0.465 0.35583333333333333 0.464375 0.345 0.45 0.3375 0.44625000000000004 0.32999999999999996 0.441875 0.33249999999999996 0.43187500000000006 0.32916666666666666 0.43187500000000006 0.3383333333333333 0.425 0.33333333333333337 0.42250000000000004 0.33416666666666667 0.42625 0.3416666666666667 0.421875 0.345 0.4131250000000001 0.345 0.41375 0.3491666666666667 0.41125 0.3525 0.405625 0.35 0.405625 0.3383333333333333 0.3975 0.3383333333333333 0.39937500000000004 0.3416666666666667 0.396875 0.3458333333333333 0.398125 0.35583333333333333 0.37625000000000003 0.35833333333333334 0.37625000000000003 0.36333333333333334 0.39125 0.3675
0 0.294375 0.3575 0.28937500000000005 0.3591666666666667 0.29125 0.3625 0.28937500000000005 0.36583333333333334 0.294375 0.3725 0.296875 0.38249999999999995 0.30875 0.39666666666666667 0.31 0.4033333333333333 0.319375 0.4125 0.32625000000000004 0.41083333333333333 0.33 0.4058333333333334 0.34187500000000004 0.4033333333333333 0.345625 0.3983333333333333 0.345625 0.39 0.35187500000000005 0.38 0.35625 0.37666666666666665 0.35875 0.37 0.365625 0.3675 0.36875 0.3625 0.36625 0.3525 0.366875 0.345 0.36312500000000003 0.3416666666666667 0.36312500000000003 0.3375 0.35875 0.33999999999999997 0.35 0.32999999999999996 0.34500000000000003 0.32916666666666666 0.3425 0.3358333333333333 0.338125 0.3358333333333333 0.33875 0.34249999999999997 0.33625000000000005 0.345 0.326875 0.345 0.328125 0.35083333333333333 0.325 0.35083333333333333 0.321875 0.345 0.314375 0.345 0.31625000000000003 0.35 0.31 0.35083333333333333 0.30500000000000005 0.34249999999999997 0.30812500000000004 0.3383333333333333 0.306875 0.33666666666666667 0.30500000000000005 0.3416666666666667 0.3021875 0.3375 0.2975 0.3383333333333333 0.29812500000000003 0.3525 0.294375 0.3575
0 0.18937500000000002 0.32416666666666666 0.18625 0.32416666666666666 0.185625 0.3275 0.18937500000000002 0.32416666666666666
0 0.36062500000000003 0.325 0.35875 0.32416666666666666 0.35750000000000004 0.3275 0.36062500000000003 0.325
0 0.5018750000000001 0.355 0.49750000000000005 0.3591666666666667 0.50375 0.3725 0.5112500000000001 0.3783333333333333 0.5125 0.38333333333333336 0.51875 0.3908333333333333 0.53125 0.3975 0.5431250000000001 0.39583333333333337 0.5537500000000001 0.3875 0.5575 0.38333333333333336 0.561875 0.36916666666666664 0.5675000000000001 0.36083333333333334 0.571875 0.3591666666666667 0.5675000000000001 0.3591666666666667 0.56375 0.3625 0.5581250000000001 0.35416666666666663 0.556875 0.345 0.55 0.3458333333333333 0.545625 0.3416666666666667 0.548125 0.3383333333333333 0.548125 0.3308333333333333 0.54375 0.3283333333333333 0.53 0.32999999999999996 0.52625 0.32 0.524375 0.3225 0.52125 0.32083333333333336 0.515625 0.3275 0.514375 0.335 0.5112500000000001 0.3375 0.51375 0.3416666666666667 0.508125 0.34833333333333333 0.504375 0.345 0.50125 0.3458333333333333 0.5 0.3516666666666667 0.5018750000000001 0.355
0 0.5387500000000001 0.32416666666666666 0.54 0.3175 0.5362500000000001 0.3175 0.5387500000000001 0.32416666666666666
0 0.5181250000000001 0.3175 0.514375 0.31666666666666665 0.513125 0.3175 0.5181250000000001 0.3175
0 0.386875 0.32 0.3975 0.3175 0.38375000000000004 0.3158333333333333 0.38 0.3175 0.386875 0.32
0 0.49312500000000004 0.32166666666666666 0.496875 0.3175 0.4956250000000001 0.315 0.4912500000000001 0.315 0.490625 0.31916666666666665 0.49312500000000004 0.32166666666666666
0 0.31375000000000003 0.3258333333333333 0.31375000000000003 0.32916666666666666 0.319375 0.32999999999999996 0.325 0.32916666666666666 0.3275 0.3225 0.33 0.32166666666666666 0.34500000000000003 0.325 0.34875 0.32083333333333336 0.345625 0.31666666666666665 0.338125 0.31666666666666665 0.335 0.31333333333333335 0.32375000000000004 0.3158333333333333 0.32062500000000005 0.32083333333333336 0.3175 0.315 0.31625000000000003 0.31916666666666665 0.31375000000000003 0.315 0.311875 0.31666666666666665 0.3175 0.32083333333333336 0.31375000000000003 0.3258333333333333
0 0.43500000000000005 0.31916666666666665 0.434375 0.325 0.4443750000000001 0.325 0.445 0.31666666666666665 0.43375 0.31333333333333335 0.4325 0.31083333333333335 0.43187500000000006 0.31333333333333335 0.43500000000000005 0.31916666666666665
0 0.49625 0.30333333333333334 0.49437500000000006 0.30166666666666664 0.490625 0.30333333333333334 0.49625 0.30333333333333334
0 0.44921875 0.29609375 0.00234375 0.00078125
0 0.389375 0.2966666666666667 0.386875 0.29583333333333334 0.385625 0.2966666666666667 0.389375 0.2966666666666667
0 0.365625 0.3 0.37125 0.2966666666666667 0.36625 0.29583333333333334 0.364375 0.2966666666666667 0.365625 0.3
0 0.35 0.29833333333333334 0.34750000000000003 0.3025 0.35 0.30333333333333334 0.350625 0.2966666666666667 0.34875 0.29500000000000004 0.34750000000000003 0.2966666666666667 0.35 0.29833333333333334
0 0.6425000000000001 0.2891666666666667 0.64 0.28833333333333333 0.640625 0.29166666666666663 0.6425000000000001 0.2891666666666667
0 0.621875 0.2966666666666667 0.6225 0.3 0.61875 0.30333333333333334 0.621875 0.3091666666666667 0.6206250000000001 0.31333333333333335 0.615 0.315 0.613125 0.32166666666666666 0.60875 0.32083333333333336 0.60625 0.32416666666666666 0.60875 0.3275 0.6075 0.32916666666666666 0.596875 0.33166666666666667 0.6050000000000001 0.3416666666666667 0.6075 0.3625 0.6125 0.36916666666666664 0.6175 0.3716666666666667 0.6268750000000001 0.385 0.6375 0.3883333333333333 0.661875 0.385 0.675625 0.36583333333333334 0.671875 0.365 0.670625 0.35833333333333334 0.6681250000000001 0.35583333333333333 0.670625 0.33166666666666667 0.6681250000000001 0.3258333333333333 0.6637500000000001 0.32416666666666666 0.6675000000000001 0.32083333333333336 0.666875 0.3183333333333333 0.665 0.31666666666666665 0.661875 0.32083333333333336 0.6612500000000001 0.31666666666666665 0.655625 0.3125 0.654375 0.30333333333333334 0.65125 0.3 0.654375 0.29500000000000004 0.64375 0.2966666666666667 0.639375 0.29416666666666663 0.6368750000000001 0.2991666666666667 0.633125 0.2991666666666667 0.6300000000000001 0.28833333333333333 0.634375 0.2791666666666667 0.633125 0.27999999999999997 0.63125 0.2758333333333333 0.628125 0.2758333333333333 0.6225 0.2841666666666667 0.624375 0.29333333333333333 0.621875 0.2966666666666667
0 0.401875 0.2683333333333333 0.40062500000000006 0.26666666666666666 0.4 0.26916666666666667 0.401875 0.2683333333333333
0 0.721875 0.09166666666666666 0.7206250000000001 0.09083333333333334 0.7193750000000001 0.09166666666666666 0.721875 0.09166666666666666
0 0.745 0.08333333333333334 0.743125 0.08249999999999999 0.744375 0.0875 0.745 0.08333333333333334
0 0.195625 0.32166666666666666 0.19812500000000002 0.3183333333333333 0.196875 0.31416666666666665 0.20125 0.30833333333333335 0.21750000000000003 0.3075 0.22687500000000002 0.2966666666666667 0.23000000000000004 0.3025 0.23625000000000002 0.3058333333333333 0.236875 0.31 0.24125000000000002 0.3075 0.253125 0.31166666666666665 0.26875 0.3075 0.27375000000000005 0.31333333333333335 0.27375000000000005 0.3175 0.278125 0.32083333333333336 0.28687500000000005 0.32 0.29625 0.3258333333333333 0.301875 0.3175 0.30125 0.3125 0.30562500000000004 0.30333333333333334 0.304375 0.3 0.30625 0.29583333333333334 0.3125 0.29 0.31812500000000005 0.2991666666666667 0.31625000000000003 0.30333333333333334 0.32062500000000005 0.30416666666666664 0.323125 0.2966666666666667 0.33062500000000006 0.2891666666666667 0.34500000000000003 0.2816666666666666 0.34875 0.28250000000000003 0.34750000000000003 0.2791666666666667 0.355625 0.26166666666666666 0.358125 0.26416666666666666 0.35875 0.27166666666666667 0.3625 0.2725 0.365625 0.2791666666666667 0.3715625 0.27749999999999997 0.37375 0.2733333333333333 0.376875 0.2783333333333333 0.378125 0.2758333333333333 0.374375 0.27083333333333337 0.379375 0.26916666666666667 0.38062500000000005 0.265 0.378125 0.26166666666666666 0.379375 0.2575 0.37625000000000003 0.2425 0.388125 0.24500000000000002 0.40062500000000006 0.26416666666666666 0.41000000000000003 0.26749999999999996 0.418125 0.275 0.42625 0.27083333333333337 0.429375 0.27083333333333337 0.429375 0.2733333333333333 0.4325 0.275 0.441875 0.27166666666666667 0.449375 0.2725 0.4600000000000001 0.25666666666666665 0.473125 0.27 0.4800000000000001 0.26916666666666667 0.48875 0.26166666666666666 0.4875 0.24500000000000002 0.4912500000000001 0.23583333333333334 0.5018750000000001 0.2475 0.50125 0.25166666666666665 0.5050000000000001 0.2558333333333333 0.50875 0.2533333333333333 0.51 0.255 0.5075000000000001 0.25833333333333336 0.515 0.26083333333333336 0.5181250000000001 0.26916666666666667 0.5337500000000001 0.2658333333333333 0.5518750000000001 0.26916666666666667 0.55 0.2891666666666667 0.560625 0.29583333333333334 0.56625 0.29333333333333333 0.568125 0.2891666666666667 0.570625 0.29 0.573125 0.30333333333333334 0.5775 0.31 0.5806250000000001 0.3058333333333333 0.5875 0.30333333333333334 0.58625 0.29166666666666663 0.5875 0.29 0.591875 0.29500000000000004 0.6006250000000001 0.2841666666666667 0.6 0.2783333333333333 0.601875 0.2758333333333333 0.6056250000000001 0.2758333333333333 0.6125 0.2816666666666666 0.618125 0.2758333333333333 0.61375 0.2725 0.61375 0.265 0.6168750000000001 0.26083333333333336 0.621875 0.25833333333333336 0.646875 0.26 0.65 0.265 0.645 0.27666666666666667 0.6475000000000001 0.28250000000000003 0.6525000000000001 0.28583333333333333 0.6525000000000001 0.29083333333333333 0.65625 0.2891666666666667 0.655625 0.28500000000000003 0.6631250000000001 0.28250000000000003 0.6637500000000001 0.27749999999999997 0.666875 0.27666666666666667 0.6681250000000001 0.28250000000000003 0.6737500000000001 0.28583333333333333 0.671875 0.29 0.6787500000000001 0.29166666666666663 0.685 0.2991666666666667 0.7 0.2975 0.7106250000000001 0.30166666666666664 0.713125 0.30666666666666664 0.713125 0.31333333333333335 0.70625 0.31666666666666665 0.70625 0.32083333333333336 0.713125 0.3275 0.71375 0.3383333333333333 0.718125 0.3416666666666667 0.718125 0.35083333333333333 0.7368750000000001 0.37333333333333335 0.7525000000000001 0.37916666666666665 0.7725000000000001 0.3775 0.7931250000000001 0.36 0.80375 0.32333333333333336 0.8 0.31416666666666665 0.8006249999999999 0.31 0.795625 0.30666666666666664 0.7931250000000001 0.30083333333333334 0.794375 0.29583333333333334 0.79 0.29333333333333333 0.789375 0.2891666666666667 0.79625 0.2808333333333333 0.805 0.28500000000000003 0.809375 0.29 0.8168750000000001 0.29 0.81875 0.2841666666666667 0.818125 0.2725 0.813125 0.265 0.8137500000000001 0.25833333333333336 0.8168750000000001 0.255 0.818125 0.2341666666666667 0.8143750000000001 0.22666666666666666 0.8099999999999999 0.22583333333333333 0.806875 0.22000000000000003 0.803125 0.22083333333333335 0.8 0.21666666666666665 0.8150000000000001 0.20666666666666664 0.815625 0.18833333333333332 0.8137500000000001 0.1575 0.8106250000000002 0.15416666666666667 0.809375 0.14750000000000002 0.8106250000000002 0.10416666666666667 0.8075000000000001 0.09666666666666666 0.80625 0.0775 0.803125 0.07083333333333333 0.8043750000000001 0.065 0.803125 0.0625 0.7975000000000001 0.06666666666666667 0.79 0.06583333333333333 0.7825 0.05500000000000001 0.775625 0.06583333333333333 0.7681250000000001 0.0675 0.76875 0.0725 0.7575000000000001 0.07333333333333333 0.75375 0.0775 0.753125 0.07416666666666667 0.7456250000000001 0.07333333333333333 0.744375 0.07583333333333334 0.741666875 0.07333333333333333 0.7393750000000001 0.07583333333333334 0.737708125 0.07333333333333333 0.72875 0.07166666666666667 0.724375 0.06666666666666667 0.7193750000000001 0.065 0.7193750000000001 0.06 0.71625 0.06166666666666667 0.7150000000000001 0.059166666666666666 0.70875 0.058333333333333334 0.6925000000000001 0.06 0.68875 0.065 0.681875 0.0675 0.675 0.065 0.67125 0.0675 0.673125 0.07083333333333333 0.671875 0.07333333333333333 0.6612500000000001 0.07083333333333333 0.660625 0.07583333333333334 0.65125 0.08083333333333334 0.6481250000000001 0.0775 0.6481250000000001 0.0675 0.621875 0.0675 0.61875 0.06833333333333333 0.6162500000000001 0.07333333333333333 0.6075 0.06999999999999999 0.5987500000000001 0.07583333333333334 0.5943750000000001 0.07416666666666667 0.5925 0.07833333333333334 0.5900000000000001 0.07416666666666667 0.58125 0.0725 0.560625 0.07416666666666667 0.54625 0.08083333333333334 0.544375 0.08833333333333333 0.5331250000000001 0.08 0.5225000000000001 0.08249999999999999 0.51875 0.08666666666666667 0.51375 0.08583333333333333 0.510625 0.08083333333333334 0.48875 0.08833333333333333 0.47375 0.08833333333333333 0.46749999999999997 0.08499999999999999 0.4525 0.08333333333333334 0.4525 0.08916666666666666 0.445625 0.08916666666666666 0.4443750000000001 0.0925 0.43375 0.09583333333333334 0.428125 0.095 0.41875 0.10166666666666666 0.41125 0.09583333333333334 0.40750000000000003 0.09833333333333333 0.3975 0.095 0.39312500000000006 0.095 0.39125 0.1 0.384375 0.095 0.37875000000000003 0.095 0.37312500000000004 0.1 0.37125 0.095 0.3625 0.0925 0.35250000000000004 0.1 0.345625 0.09666666666666666 0.335625 0.10166666666666666 0.33 0.1 0.32625000000000004 0.10166666666666666 0.324375 0.10833333333333332 0.32125000000000004 0.10583333333333333 0.321875 0.1025 0.319375 0.10500000000000001 0.3175 0.10375000000000001 0.3175 0.10666666666666666 0.315625 0.10916666666666666 0.31 0.10916666666666666 0.306875 0.10333333333333332 0.304375 0.10833333333333332 0.29937500000000006 0.10916666666666666 0.296875 0.11416666666666667 0.293125 0.10916666666666666 0.275625 0.10666666666666666 0.26812500000000006 0.12 0.265 0.11833333333333333 0.263125 0.125 0.259375 0.12250000000000001 0.26125000000000004 0.10916666666666666 0.25812500000000005 0.1075 0.255 0.10916666666666666 0.253125 0.12416666666666668 0.240625 0.12333333333333334 0.240625 0.11583333333333332 0.2375 0.11166666666666666 0.22937500000000002 0.11166666666666666 0.225 0.11583333333333332 0.22000000000000003 0.11083333333333334 0.210625 0.11583333333333332 0.20625 0.11499999999999999 0.19625 0.13 0.19812500000000002 0.13583333333333333 0.19 0.13999999999999999 0.18625 0.14916666666666667 0.185 0.16916666666666666 0.18937500000000002 0.21833333333333332 0.18625 0.22749999999999998 0.18812500000000001 0.2375 0.185 0.2425 0.184375 0.25833333333333336 0.18937500000000002 0.26666666666666666 0.18250000000000002 0.2658333333333333 0.17750000000000002 0.2758333333333333 0.176875 0.2891666666666667 0.18250000000000002 0.3183333333333333 0.18875000000000003 0.31666666666666665 0.195625 0.32166666666666666