0 0.46015625 0.9390625 0.0015625 0.00078125
0 0.20750000000000002 0.9 0.209375 0.9166666666666666 0.21375000000000002 0.9225 0.221875 0.9241666666666667 0.22937500000000002 0.9408333333333333 0.2375 0.9416666666666667 0.24125000000000002 0.9391666666666666 0.246875 0.9458333333333334 0.234375 0.9633333333333333 0.23000000000000004 0.96 0.228125 0.9716666666666667 0.23125 0.9741666666666667 0.23374999999999999 0.9708333333333334 0.24000000000000005 0.9733333333333333 0.25250000000000006 0.9716666666666667 0.25812500000000005 0.9625 0.261875 0.9633333333333333 0.2625 0.9558333333333333 0.271875 0.9583333333333334 0.273125 0.96 0.27 0.9633333333333333 0.2725 0.9666666666666666 0.28125 0.9625 0.285625 0.9683333333333334 0.293125 0.9641666666666666 0.29625 0.97 0.30500000000000005 0.9708333333333334 0.31812500000000005 0.9675 0.33125 0.9708333333333334 0.3325 0.9666666666666666 0.34187500000000004 0.9666666666666666 0.344375 0.9633333333333333 0.36312500000000003 0.96 0.37125 0.9508333333333333 0.378125 0.9533333333333334 0.38 0.9574999999999999 0.38375000000000004 0.9541666666666666 0.386875 0.9566666666666667 0.39312500000000006 0.9558333333333333 0.396875 0.9591666666666667 0.40875000000000006 0.9566666666666667 0.40687500000000004 0.945 0.40812499999999996 0.9383333333333332 0.41125 0.9400000000000001 0.418125 0.9375 0.42750000000000005 0.9466666666666667 0.43500000000000005 0.9441666666666666 0.446875 0.9466666666666667 0.453125 0.9458333333333334 0.45375000000000004 0.9391666666666666 0.45125000000000004 0.9349999999999999 0.45562500000000006 0.9316666666666666 0.46187500000000004 0.9333333333333333 0.46625000000000005 0.9383333333333332 0.476875 0.9358333333333333 0.480625 0.9408333333333333 0.4831250000000001 0.9408333333333333 0.49312500000000004 0.9400000000000001 0.49812500000000004 0.9366666666666668 0.52125 0.9366666666666668 0.525 0.9324999999999999 0.530625 0.9316666666666666 0.53 0.9283333333333333 0.5318750000000001 0.9266666666666665 0.534375 0.9275 0.534375 0.9316666666666666 0.536875 0.9283333333333333 0.54 0.9316666666666666 0.5425000000000001 0.9283333333333333 0.561875 0.9258333333333333 0.5725 0.9258333333333333 0.5775 0.9291666666666666 0.58125 0.925 0.5856250000000001 0.9266666666666665 0.601875 0.9199999999999999 0.604375 0.9125 0.601875 0.9008333333333333 0.5956250000000001 0.8908333333333334 0.591875 0.8741666666666668 0.591875 0.8625 0.5975 0.8566666666666667 0.6125 0.8533333333333333 0.615625 0.8474999999999999 0.615625 0.8391666666666666 0.610625 0.8233333333333333 0.6075 0.8033333333333333 0.6075 0.7891666666666667 0.6056250000000001 0.7849999999999999 0.5975 0.7833333333333333 0.5875 0.7858333333333334 0.5775 0.7991666666666666 0.56875 0.8033333333333333 0.56625 0.8033333333333333 0.56 0.7933333333333333 0.5525 0.7941666666666667 0.5387500000000001 0.7899999999999999 0.5325 0.7925 0.519375 0.8066666666666666 0.508125 0.8091666666666667 0.503125 0.8041666666666666 0.4987500000000001 0.795 0.484375 0.7908333333333333 0.479375 0.7966666666666666 0.47125000000000006 0.8 0.458125 0.8158333333333333 0.446875 0.8191666666666666 0.44375 0.8183333333333334 0.43624999999999997 0.8066666666666666 0.4287500000000001 0.805 0.40375000000000005 0.8099999999999999 0.39312500000000006 0.8216666666666667 0.381875 0.825 0.37750000000000006 0.8233333333333333 0.371875 0.8150000000000001 0.355625 0.8116666666666668 0.34125 0.8175000000000001 0.335 0.8233333333333333 0.324375 0.8241666666666667 0.31625000000000003 0.8316666666666667 0.31125 0.8233333333333333 0.31 0.825 0.285625 0.8216666666666667 0.26812500000000006 0.8300000000000001 0.26375000000000004 0.8408333333333333 0.25812500000000005 0.8466666666666667 0.24312500000000004 0.8474999999999999 0.234375 0.8375 0.22062500000000002 0.835 0.213125 0.8425 0.21187499999999998 0.8491666666666667 0.21125000000000002 0.8825 0.20750000000000002 0.9
0 0.4359375 0.76484375 0.0015625 0.00078125
0 0.5581250000000001 0.7533333333333333 0.56375 0.7516666666666667 0.5650000000000001 0.7483333333333333 0.556875 0.7491666666666666 0.555625 0.7516666666666667 0.5581250000000001 0.7533333333333333
0 0.19187500000000002 0.64 0.19937500000000002 0.6416666666666667 0.20249999999999999 0.645 0.195 0.7208333333333333 0.19625 0.7383333333333333 0.203125 0.745 0.22375000000000003 0.7424999999999999 0.23000000000000004 0.7466666666666667 0.248125 0.7458333333333333 0.251875 0.7483333333333333 0.254375 0.7474999999999999 0.259375 0.7366666666666666 0.264375 0.7316666666666667 0.28625 0.7274999999999999 0.29125 0.7224999999999999 0.296875 0.7233333333333334 0.303125 0.7183333333333334 0.3125 0.7258333333333333 0.31375000000000003 0.7308333333333333 0.31812500000000005 0.7325 0.32062500000000005 0.7274999999999999 0.3275 0.7308333333333333 0.33062500000000006 0.725 0.335 0.7274999999999999 0.340625 0.7216666666666667 0.35 0.72 0.35375 0.7158333333333333 0.364375 0.7116666666666667 0.376875 0.7091666666666667 0.3925 0.71 0.3975 0.705 0.41375 0.6991666666666666 0.47750000000000004 0.6991666666666666 0.495 0.6916666666666667 0.5225000000000001 0.7033333333333334 0.5725 0.6966666666666667 0.5856250000000001 0.6983333333333334 0.595 0.7066666666666667 0.6056250000000001 0.7066666666666667 0.6118750000000001 0.6991666666666666 0.6325000000000001 0.6958333333333333 0.6368750000000001 0.69 0.6368750000000001 0.6791666666666667 0.63125 0.6625 0.628125 0.6083333333333333 0.6475000000000001 0.6058333333333333 0.650625 0.6016666666666667 0.65125 0.595 0.646875 0.585 0.64 0.5808333333333333 0.63375 0.5599999999999999 0.6300000000000001 0.5358333333333334 0.62625 0.5325 0.60875 0.5341666666666667 0.60375 0.5191666666666667 0.6 0.515 0.5925 0.5116666666666666 0.571875 0.515 0.565625 0.5208333333333333 0.561875 0.5341666666666667 0.54625 0.5358333333333334 0.54125 0.5333333333333333 0.536875 0.52 0.529375 0.5141666666666667 0.515 0.51 0.49250000000000005 0.51 0.4800000000000001 0.5141666666666667 0.479375 0.5275000000000001 0.48250000000000004 0.5325 0.476875 0.5358333333333334 0.471875 0.5333333333333333 0.471875 0.5183333333333333 0.46687500000000004 0.5108333333333334 0.43062500000000004 0.5108333333333334 0.42562500000000003 0.515 0.42437500000000006 0.5116666666666666 0.425 0.5166666666666667 0.42250000000000004 0.5175 0.41937500000000005 0.5141666666666667 0.41625000000000006 0.5175 0.414375 0.5141666666666667 0.409375 0.5191666666666667 0.40687500000000004 0.5275000000000001 0.410625 0.5358333333333334 0.403125 0.5391666666666667 0.39875000000000005 0.5391666666666667 0.395625 0.5358333333333334 0.3975 0.5266666666666666 0.395625 0.5183333333333333 0.39312500000000006 0.5158333333333334 0.3875 0.5133333333333333 0.37 0.5141666666666667 0.36312500000000003 0.5183333333333333 0.34625000000000006 0.5225 0.338125 0.5366666666666666 0.323125 0.5358333333333334 0.323125 0.54 0.326875 0.5466666666666666 0.3225 0.5508333333333333 0.31625000000000003 0.5508333333333333 0.31125 0.5475 0.304375 0.5291666666666667 0.2975 0.5241666666666667 0.263125 0.5283333333333333 0.254375 0.5366666666666666 0.25375000000000003 0.5425 0.248125 0.55 0.23000000000000004 0.5516666666666666 0.22749999999999998 0.5541666666666667 0.221875 0.5516666666666666 0.21625 0.54 0.20249999999999999 0.5366666666666666 0.19875 0.54 0.19625 0.5475 0.18875000000000003 0.6008333333333333 0.18875000000000003 0.6358333333333334 0.19187500000000002 0.64
0 0.1925 0.4133333333333333 0.19437500000000002 0.40750000000000003 0.19125 0.40750000000000003 0.1925 0.4133333333333333
0 0.5325 0.39416666666666667 0.528125 0.39249999999999996 0.524375 0.39416666666666667 0.5325 0.39416666666666667
0 0.18375000000000002 0.5283333333333333 0.18875000000000003 0.5325 0.21437500000000004 0.5308333333333334 0.21937500000000001 0.5291666666666667 0.21625 0.5275000000000001 0.216875 0.5216666666666667 0.23374999999999999 0.5175 0.24500000000000002 0.52 0.25875000000000004 0.515 0.264375 0.5191666666666667 0.261875 0.5216666666666667 0.264375 0.5216666666666667 0.26875 0.5183333333333333 0.28625 0.5183333333333333 0.28937500000000005 0.5133333333333333 0.29812500000000003 0.5108333333333334 0.306875 0.515 0.31 0.5233333333333333 0.31812500000000005 0.525 0.32375000000000004 0.5225 0.323125 0.5183333333333333 0.325 0.5158333333333334 0.355625 0.5158333333333334 0.37312500000000004 0.5033333333333333 0.38 0.5083333333333333 0.40437500000000004 0.5108333333333334 0.418125 0.5083333333333333 0.43062500000000004 0.5016666666666667 0.45187499999999997 0.5058333333333334 0.464375 0.505 0.46875 0.5083333333333333 0.528125 0.5033333333333333 0.5318750000000001 0.5066666666666666 0.54625 0.5041666666666667 0.565625 0.505 0.5675000000000001 0.5083333333333333 0.58125 0.5083333333333333 0.5850000000000001 0.5058333333333334 0.601875 0.5108333333333334 0.613125 0.505 0.619375 0.5075000000000001 0.62625 0.5066666666666666 0.633125 0.5166666666666667 0.640625 0.5141666666666667 0.661875 0.5141666666666667 0.665 0.51 0.665 0.5025000000000001 0.6575 0.4883333333333333 0.6581250000000001 0.45999999999999996 0.654375 0.4416666666666667 0.65375 0.41833333333333333 0.650625 0.4166666666666667 0.639375 0.4216666666666667 0.6300000000000001 0.4091666666666667 0.618125 0.4091666666666667 0.613125 0.4058333333333334 0.604375 0.4066666666666666 0.5987500000000001 0.4133333333333333 0.596875 0.4091666666666667 0.5893750000000001 0.4066666666666666 0.5743750000000001 0.4083333333333333 0.568125 0.4033333333333333 0.561875 0.4025 0.5325 0.4041666666666667 0.5268750000000001 0.4 0.5162500000000001 0.4041666666666667 0.503125 0.40499999999999997 0.47375 0.3983333333333333 0.465625 0.40166666666666667 0.453125 0.39916666666666667 0.44625000000000004 0.4025 0.378125 0.3983333333333333 0.37375 0.39499999999999996 0.37625000000000003 0.39 0.37375 0.39249999999999996 0.37312500000000004 0.39 0.371875 0.39249999999999996 0.37 0.39 0.369375 0.39583333333333337 0.366875 0.3983333333333333 0.34875 0.4025 0.33687500000000004 0.3983333333333333 0.29937500000000006 0.3983333333333333 0.294375 0.4025 0.265 0.4025 0.261875 0.4058333333333334 0.25125000000000003 0.4 0.22562500000000002 0.4 0.203125 0.4133333333333333 0.1925 0.41500000000000004 0.18937500000000002 0.42416666666666664 0.186875 0.4666666666666667 0.18375000000000002 0.48666666666666664 0.181875 0.5233333333333333 0.18375000000000002 0.5283333333333333
0 0.47375 0.39416666666666667 0.47625 0.3908333333333333 0.47375 0.3883333333333333 0.47062499999999996 0.38916666666666666 0.46937500000000004 0.3933333333333333 0.47375 0.39416666666666667
0 0.41500000000000004 0.39416666666666667 0.421875 0.38666666666666666 0.409375 0.3875 0.41000000000000003 0.39416666666666667 0.41500000000000004 0.39416666666666667
0 0.434375 0.3933333333333333 0.44312500000000005 0.39 0.4443750000000001 0.38333333333333336 0.42750000000000005 0.38583333333333336 0.42374999999999996 0.3933333333333333 0.434375 0.3933333333333333
0 0.510625 0.6783333333333333 0.5050000000000001 0.6766666666666666 0.5050000000000001 0.6791666666666667 0.510625 0.6783333333333333
0 0.496875 0.675 0.49437500000000006 0.67 0.4912500000000001 0.6716666666666666 0.48937500000000006 0.675 0.496875 0.675
0 0.33 0.6558333333333334 0.335625 0.65 0.335 0.6433333333333333 0.33125 0.645 0.326875 0.6508333333333333 0.33 0.6558333333333334
0 0.396875 0.6441666666666667 0.39312500000000006 0.6425 0.39312500000000006 0.645 0.396875 0.6441666666666667
0 0.5015625 0.6359375 0.0015625 0.00078125
0 0.376875 0.6466666666666667 0.38125 0.6458333333333333 0.38 0.6508333333333333 0.381875 0.6575 0.385625 0.6599999999999999 0.39125 0.6591666666666667 0.3925 0.6533333333333333 0.396875 0.6583333333333333 0.401875 0.655 0.4125 0.6366666666666666 0.41000000000000003 0.6325000000000001 0.41125 0.63 0.40750000000000003 0.6333333333333333 0.405625 0.6408333333333334 0.39875000000000005 0.6525 0.390625 0.6525 0.388125 0.6483333333333333 0.3825 0.6483333333333333 0.3825 0.6425 0.386875 0.6375 0.38875000000000004 0.63 0.375625 0.6283333333333333 0.375625 0.6441666666666667 0.376875 0.6466666666666667
0 0.18875000000000003 0.6383333333333333 0.1925 0.6416666666666667 0.205625 0.6416666666666667 0.2375 0.6308333333333334 0.24500000000000002 0.6333333333333333 0.250625 0.6308333333333334 0.2625 0.6325000000000001 0.293125 0.63 0.2975 0.6341666666666667 0.306875 0.6591666666666667 0.31625000000000003 0.6658333333333333 0.32 0.6641666666666667 0.31812500000000005 0.6608333333333334 0.32125000000000004 0.6575 0.3175 0.6516666666666666 0.316875 0.6425 0.319375 0.6408333333333334 0.32 0.6358333333333334 0.31625000000000003 0.6333333333333333 0.316875 0.6275000000000001 0.35625 0.6266666666666667 0.364375 0.6233333333333333 0.37625000000000003 0.6241666666666666 0.38125 0.6216666666666667 0.39875000000000005 0.6208333333333333 0.4425 0.6233333333333333 0.44312500000000005 0.63 0.44625000000000004 0.6341666666666667 0.45125000000000004 0.6508333333333333 0.464375 0.6541666666666667 0.475 0.645 0.48500000000000004 0.6233333333333333 0.48375 0.6191666666666666 0.48687500000000006 0.6166666666666667 0.49250000000000005 0.6174999999999999 0.5018750000000001 0.6141666666666666 0.5118750000000001 0.6174999999999999 0.5162500000000001 0.6333333333333333 0.516875 0.6441666666666667 0.5181250000000001 0.6475 0.5225000000000001 0.6491666666666667 0.529375 0.6475 0.536875 0.6416666666666667 0.546875 0.6224999999999999 0.545 0.6158333333333333 0.54625 0.6133333333333333 0.575 0.6125 0.579375 0.6183333333333334 0.576875 0.6283333333333333 0.570625 0.6216666666666667 0.566875 0.6291666666666667 0.5675000000000001 0.6325000000000001 0.57125 0.6366666666666666 0.578125 0.63 0.581875 0.6441666666666667 0.5893750000000001 0.6441666666666667 0.5956250000000001 0.6408333333333334 0.6056250000000001 0.6283333333333333 0.613125 0.6108333333333333 0.646875 0.6083333333333333 0.650625 0.6058333333333333 0.6518750000000001 0.6016666666666667 0.650625 0.5900000000000001 0.640625 0.5733333333333334 0.635625 0.5599999999999999 0.630625 0.5333333333333333 0.6375 0.5158333333333334 0.6375 0.5125 0.63375 0.5091666666666667 0.6075 0.505 0.6025 0.51 0.5943750000000001 0.51 0.588125 0.5091666666666667 0.5825 0.505 0.5693750000000001 0.5033333333333333 0.5362500000000001 0.5041666666666667 0.5268750000000001 0.5016666666666667 0.521875 0.5041666666666667 0.52125 0.5016666666666667 0.5181250000000001 0.505 0.515 0.5 0.5075000000000001 0.49833333333333335 0.49437500000000006 0.5008333333333332 0.49000000000000005 0.5058333333333334 0.47437500000000005 0.51 0.465 0.5058333333333334 0.441875 0.5066666666666666 0.42437500000000006 0.5 0.42000000000000004 0.5041666666666667 0.4131250000000001 0.505 0.40812499999999996 0.51 0.38625000000000004 0.5091666666666667 0.38312500000000005 0.5033333333333333 0.37312500000000004 0.5033333333333333 0.36750000000000005 0.5125 0.36312500000000003 0.5133333333333333 0.353125 0.5108333333333334 0.3225 0.5133333333333333 0.30562500000000004 0.5108333333333334 0.296875 0.5158333333333334 0.293125 0.5116666666666666 0.28125 0.5158333333333334 0.240625 0.515 0.21937500000000001 0.52 0.2125 0.5258333333333333 0.21750000000000003 0.5325 0.21625 0.5341666666666667 0.19875 0.5366666666666666 0.195 0.5475 0.195 0.5566666666666666 0.1925 0.5633333333333332 0.18875000000000003 0.5916666666666667 0.185625 0.6266666666666667 0.18875000000000003 0.6383333333333333
0 0.24312500000000004 0.9574999999999999 0.24125000000000002 0.9516666666666665 0.2375 0.9558333333333333 0.234375 0.9541666666666666 0.234375 0.9574999999999999 0.24312500000000004 0.9574999999999999
0 0.246875 0.9525 0.254375 0.9633333333333333 0.2625 0.96 0.26125000000000004 0.9466666666666667 0.255 0.945 0.255 0.95 0.246875 0.9525
0 0.23937500000000003 0.9425000000000001 0.2375 0.9383333333333332 0.23875000000000002 0.9433333333333334 0.23937500000000003 0.9425000000000001
0 0.22375000000000003 0.9458333333333334 0.22875 0.945 0.23125 0.9391666666666666 0.22375000000000003 0.9391666666666666 0.221875 0.9416666666666667 0.22375000000000003 0.9458333333333334
0 0.216875 0.944375 0.21875 0.9425000000000001 0.216875 0.9383333333333332 0.216875 0.944375
0 0.216875 0.9550000000000001 0.21875 0.9525 0.21875 0.9475 0.216875 0.945625 0.216875 0.9550000000000001
0 0.25125000000000003 0.9400000000000001 0.256875 0.9383333333333332 0.248125 0.9375 0.25125000000000003 0.9400000000000001
0 0.261875 0.9408333333333333 0.263125 0.9349999999999999 0.25875000000000004 0.9349999999999999 0.25812500000000005 0.9375 0.261875 0.9408333333333333
0 0.221875 0.9991666666666668 0.45375000000000004 0.9991666666666668 0.45562500000000006 0.9966666666666667 0.46749999999999997 0.9966666666666667 0.46937500000000004 0.9991666666666668 0.476875 0.9966666666666667 0.48250000000000004 0.9991666666666668 0.496875 0.9966666666666667 0.5025000000000001 0.9991666666666668 0.578125 0.9991666666666668 0.58375 0.9908333333333333 0.59375 0.9858333333333332 0.596875 0.9783333333333333 0.5893750000000001 0.925 0.5787500000000001 0.9258333333333333 0.571875 0.9308333333333334 0.535625 0.9308333333333334 0.5162500000000001 0.9400000000000001 0.495 0.9433333333333334 0.48500000000000004 0.9408333333333333 0.46625000000000005 0.9475 0.45625 0.9475 0.453125 0.9441666666666666 0.445 0.945 0.4375 0.9508333333333333 0.42374999999999996 0.9516666666666665 0.415625 0.9583333333333334 0.40687500000000004 0.9566666666666667 0.38312500000000005 0.9641666666666666 0.36375 0.9650000000000001 0.33937500000000004 0.9733333333333333 0.309375 0.9758333333333333 0.296875 0.975 0.291875 0.9708333333333334 0.271875 0.9791666666666666 0.25875000000000004 0.9883333333333333 0.246875 0.9891666666666665 0.23000000000000004 0.9858333333333332 0.22687500000000002 0.9791666666666666 0.230875 0.9625 0.22937500000000002 0.9658333333333333 0.225 0.9633333333333333 0.22062500000000002 0.9658333333333333 0.216875 0.9641666666666666 0.215 0.9666666666666666 0.21625 0.9733333333333333 0.213125 0.9800000000000001 0.21375000000000002 0.9908333333333333 0.21625 0.9958333333333333 0.221875 0.9991666666666668
0 0.20625 0.7899999999999999 0.20875 0.7858333333333334 0.20625 0.7858333333333334 0.20625 0.7899999999999999
0 0.618125 0.775 0.6143750000000001 0.7741666666666667 0.61375 0.7758333333333333 0.618125 0.775
0 0.275 0.5916666666666667 0.271875 0.5900000000000001 0.271875 0.5925 0.275 0.5916666666666667
0 0.570625 0.5258333333333333 0.5675000000000001 0.5225 0.5675000000000001 0.5275000000000001 0.570625 0.5258333333333333
0 0.48125 0.521875 0.00078125 0.0015625
0 0.19625 0.6158333333333333 0.19812500000000002 0.6125 0.196875 0.6091666666666666 0.19875 0.6075 0.20125 0.6091666666666666 0.20375000000000001 0.6166666666666667 0.20187500000000003 0.6166666666666667 0.19187500000000002 0.6316666666666666 0.1925 0.6375 0.203125 0.6433333333333333 0.195 0.7216666666666667 0.195625 0.7366666666666666 0.20249999999999999 0.745 0.22375000000000003 0.745 0.22687500000000002 0.7474999999999999 0.22687500000000002 0.7516666666666667 0.236875 0.7583333333333333 0.234375 0.7649999999999999 0.2375 0.7683333333333333 0.23625000000000002 0.7708333333333333 0.22937500000000002 0.77 0.22625 0.7741666666666667 0.22625 0.7825 0.22125 0.7875 0.21875 0.7858333333333334 0.216875 0.7791666666666667 0.213125 0.7816666666666666 0.21000000000000002 0.7858333333333334 0.21125000000000002 0.7933333333333333 0.20750000000000002 0.7975 0.21187499999999998 0.8025 0.21937500000000001 0.8 0.22062500000000002 0.8041666666666666 0.225 0.8066666666666666 0.2225 0.8150000000000001 0.21625 0.8150000000000001 0.21625 0.8208333333333334 0.2325 0.8225 0.2375 0.82 0.24125000000000002 0.8133333333333332 0.244375 0.8233333333333333 0.2475 0.8183333333333334 0.24937500000000004 0.8216666666666667 0.25125000000000003 0.8208333333333334 0.25 0.8183333333333334 0.255 0.8091666666666667 0.261875 0.8083333333333333 0.264375 0.8133333333333332 0.26875 0.8133333333333332 0.27375000000000005 0.8033333333333333 0.263125 0.7899999999999999 0.26875 0.7866666666666666 0.284375 0.7966666666666666 0.281875 0.8066666666666666 0.283125 0.8083333333333333 0.30062500000000003 0.8125 0.306875 0.8099999999999999 0.326875 0.8091666666666667 0.33375000000000005 0.8033333333333333 0.33125 0.8 0.3325 0.7983333333333333 0.338125 0.7966666666666666 0.34187500000000004 0.7916666666666667 0.34875 0.795 0.36312500000000003 0.7941666666666667 0.366875 0.7966666666666666 0.376875 0.7966666666666666 0.386875 0.7916666666666667 0.39 0.7925 0.39375 0.7766666666666666 0.403125 0.78 0.40812499999999996 0.7925 0.40875000000000006 0.7908333333333333 0.421875 0.7975 0.42562500000000003 0.7966666666666666 0.42750000000000005 0.7933333333333333 0.4325 0.7966666666666666 0.433125 0.7899999999999999 0.43562500000000004 0.7875 0.44125000000000003 0.7941666666666667 0.45062500000000005 0.7899999999999999 0.46625000000000005 0.7883333333333333 0.47000000000000003 0.7825 0.47750000000000004 0.7808333333333334 0.48187500000000005 0.7741666666666667 0.484375 0.7741666666666667 0.490625 0.7833333333333333 0.499375 0.7816666666666666 0.5225000000000001 0.7849999999999999 0.5268750000000001 0.78 0.52875 0.7825 0.52375 0.7741666666666667 0.525625 0.7683333333333333 0.53 0.77 0.5331250000000001 0.7666666666666667 0.54 0.7666666666666667 0.54625 0.7691666666666667 0.55 0.7641666666666667 0.5537500000000001 0.7691666666666667 0.5487500000000001 0.7708333333333333 0.548125 0.7766666666666666 0.56 0.7825 0.5743750000000001 0.7808333333333334 0.59375 0.7691666666666667 0.5987500000000001 0.7716666666666667 0.596875 0.7691666666666667 0.6006250000000001 0.7658333333333334 0.62 0.7691666666666667 0.6225 0.7616666666666666 0.61875 0.76 0.6168750000000001 0.7558333333333334 0.6168750000000001 0.7441666666666666 0.6125 0.73 0.604375 0.7233333333333334 0.606875 0.72 0.6050000000000001 0.7125 0.6112500000000001 0.7008333333333333 0.6175 0.6975 0.633125 0.6958333333333333 0.6368750000000001 0.6908333333333333 0.6368750000000001 0.6783333333333333 0.63125 0.6625 0.6268750000000001 0.605 0.635 0.6025 0.635625 0.6 0.63875 0.6033333333333333 0.646875 0.6041666666666667 0.650625 0.595 0.6475000000000001 0.5925 0.646875 0.5883333333333333 0.6431250000000001 0.5933333333333334 0.6362500000000001 0.5858333333333333 0.638125 0.5775 0.6368750000000001 0.5691666666666666 0.633125 0.5616666666666666 0.629375 0.5366666666666666 0.625 0.5349999999999999 0.625 0.5391666666666667 0.619375 0.5458333333333333 0.6175 0.5433333333333333 0.609375 0.5458333333333333 0.60875 0.5408333333333333 0.61375 0.5358333333333334 0.60875 0.5375 0.6012500000000001 0.5191666666666667 0.5975 0.515 0.588125 0.5116666666666666 0.5806250000000001 0.515 0.5847918750000001 0.5266666666666666 0.5800000000000001 0.525 0.575 0.5308333333333334 0.5675000000000001 0.5325 0.5643750000000001 0.5383333333333333 0.556875 0.5349999999999999 0.5537500000000001 0.5408333333333333 0.55 0.5416666666666667 0.5475000000000001 0.5458333333333333 0.54375 0.5458333333333333 0.541875 0.5433333333333333 0.5431250000000001 0.5366666666666666 0.54 0.5341666666666667 0.5362500000000001 0.5216666666666667 0.53 0.5158333333333334 0.5225000000000001 0.5116666666666666 0.499375 0.5108333333333334 0.49437500000000006 0.5141666666666667 0.49250000000000005 0.5116666666666666 0.48625000000000007 0.5116666666666666 0.4912500000000001 0.5183333333333333 0.4912500000000001 0.5216666666666667 0.4831250000000001 0.5258333333333333 0.490625 0.5325 0.47750000000000004 0.5391666666666667 0.47375 0.5375 0.46749999999999997 0.5475 0.465625 0.5466666666666666 0.46187500000000004 0.5333333333333333 0.453125 0.5275000000000001 0.44875 0.5275000000000001 0.43562500000000004 0.5416666666666667 0.4325 0.5325 0.426875 0.5333333333333333 0.42312500000000003 0.5308333333333334 0.41625000000000006 0.5308333333333334 0.41375 0.5325 0.4125 0.5375 0.396875 0.54 0.39437500000000003 0.5366666666666666 0.396875 0.5291666666666667 0.395625 0.5216666666666667 0.39125 0.515 0.36875 0.515 0.35250000000000004 0.5225 0.35875 0.5291666666666667 0.35625 0.5325 0.35250000000000004 0.5325 0.34875 0.5375 0.34187500000000004 0.5349999999999999 0.338125 0.5425 0.338125 0.5525 0.335 0.5466666666666666 0.33187500000000003 0.5516666666666666 0.325625 0.5549999999999999 0.316875 0.5533333333333333 0.31 0.5575 0.30875 0.5533333333333333 0.31125 0.55 0.3075 0.5466666666666666 0.3075 0.5391666666666667 0.30375 0.5341666666666667 0.303125 0.5291666666666667 0.29875 0.525 0.29250000000000004 0.5241666666666667 0.28625 0.5275000000000001 0.28250000000000003 0.5258333333333333 0.28250000000000003 0.5333333333333333 0.27937500000000004 0.5358333333333334 0.2725 0.5391666666666667 0.26875 0.5375 0.26812500000000006 0.5441666666666667 0.26375000000000004 0.5508333333333333 0.253125 0.5533333333333333 0.25125000000000003 0.5491666666666666 0.24937500000000004 0.5541666666666667 0.25375000000000003 0.5591666666666667 0.254375 0.5641666666666667 0.250625 0.5641666666666667 0.24312500000000004 0.5583333333333333 0.24375 0.5541666666666667 0.241875 0.5566666666666666 0.24375 0.5625 0.234375 0.5616666666666666 0.22375000000000003 0.5691666666666666 0.22312500000000002 0.5641666666666667 0.21625 0.5608333333333333 0.21812499999999999 0.5541666666666667 0.216875 0.545 0.21187499999999998 0.5391666666666667 0.203125 0.5375 0.19937500000000002 0.5391666666666667 0.196875 0.5491666666666666 0.1925 0.5741666666666666 0.19187500000000002 0.5958333333333333 0.18937500000000002 0.6025 0.18937500000000002 0.6191666666666666 0.19625 0.6158333333333333
0 0.43500000000000005 0.515 0.45437500000000003 0.5116666666666666 0.44125000000000003 0.5133333333333333 0.43875000000000003 0.5108333333333334 0.43937499999999996 0.5133333333333333 0.436875 0.5141666666666667 0.43500000000000005 0.5108333333333334 0.43062500000000004 0.5116666666666666 0.43500000000000005 0.515
0 0.265625 0.3075 0.26125000000000004 0.2966666666666667 0.26 0.30333333333333334 0.265625 0.3075
0 0.27 0.2966666666666667 0.270625 0.2891666666666667 0.26812500000000006 0.28833333333333333 0.26687500000000003 0.2891666666666667 0.27 0.2966666666666667
0 0.264375 0.2891666666666667 0.26 0.2891666666666667 0.26125000000000004 0.29166666666666663 0.264375 0.2891666666666667
0 0.29375 0.2341666666666667 0.29625 0.24083333333333332 0.29625 0.2308333333333333 0.29000000000000004 0.22749999999999998 0.28937500000000005 0.22999999999999998 0.29375 0.2341666666666667
0 0.28125 0.2341666666666667 0.28 0.22749999999999998 0.275625 0.22999999999999998 0.275625 0.23666666666666666 0.28125 0.2341666666666667
0 0.24453125 0.2234375 0.00078125 0.00078125
0 0.36640625 0.20625 0.0015625 0.00078125
0 0.213125 0.25 0.21937500000000001 0.23916666666666667 0.22375000000000003 0.24166666666666664 0.23312500000000003 0.24083333333333332 0.23500000000000001 0.22666666666666666 0.24125000000000002 0.2058333333333333 0.255 0.19749999999999998 0.2575 0.19333333333333333 0.2625 0.19333333333333333 0.265 0.20249999999999999 0.273125 0.19666666666666666 0.283125 0.19916666666666666 0.28937500000000005 0.21000000000000002 0.29000000000000004 0.21583333333333332 0.30062500000000003 0.22666666666666666 0.304375 0.24416666666666664 0.314375 0.2425 0.3175 0.2341666666666667 0.3175 0.22000000000000003 0.309375 0.2033333333333333 0.306875 0.18916666666666665 0.303125 0.18416666666666665 0.275625 0.18416666666666665 0.273125 0.18166666666666667 0.2725 0.175 0.26875 0.17083333333333334 0.256875 0.17083333333333334 0.25385080645161295 0.173252688172043 0.254375 0.175 0.23875000000000002 0.19083333333333333 0.23125 0.19 0.22562500000000002 0.195 0.22062500000000002 0.21333333333333332 0.21875 0.23500000000000001 0.215625 0.23833333333333334 0.20625 0.24083333333333332 0.19937500000000002 0.26083333333333336 0.19875 0.275 0.203125 0.2783333333333333 0.213125 0.2625 0.213125 0.25
0 0.20375000000000001 0.835 0.213125 0.8358333333333332 0.22062500000000002 0.8308333333333333 0.228125 0.8300000000000001 0.234375 0.8341666666666667 0.238125 0.8324999999999999 0.24125000000000002 0.8408333333333333 0.24562500000000004 0.8425 0.2475 0.8400000000000001 0.24375 0.8341666666666667 0.24500000000000002 0.8308333333333333 0.25250000000000006 0.8291666666666666 0.255 0.8308333333333333 0.255 0.8366666666666667 0.261875 0.8383333333333333 0.263125 0.8266666666666665 0.260625 0.8241666666666667 0.27437500000000004 0.8191666666666666 0.293125 0.8175000000000001 0.309375 0.8216666666666667 0.31500000000000006 0.82 0.33125 0.8225 0.33375000000000005 0.8175000000000001 0.3425 0.8116666666666668 0.35750000000000004 0.8074999999999999 0.3725 0.8099999999999999 0.37625000000000003 0.8141666666666666 0.3825 0.8141666666666666 0.384375 0.8116666666666668 0.385625 0.8141666666666666 0.384375 0.8099999999999999 0.38875000000000004 0.8074999999999999 0.39375 0.8141666666666666 0.395625 0.8108333333333333 0.396875 0.8133333333333332 0.40375000000000005 0.8066666666666666 0.43562500000000004 0.8016666666666665 0.445 0.8150000000000001 0.45375000000000004 0.8141666666666666 0.459375 0.8108333333333333 0.46687500000000004 0.7975 0.47375 0.795 0.478125 0.7883333333333333 0.4831250000000001 0.7866666666666666 0.4987500000000001 0.7899999999999999 0.5050000000000001 0.8033333333333333 0.5112500000000001 0.8066666666666666 0.521875 0.8 0.52875 0.7883333333333333 0.5431250000000001 0.7866666666666666 0.5518750000000001 0.7908333333333333 0.560625 0.7883333333333333 0.5650000000000001 0.7966666666666666 0.571875 0.7991666666666666 0.5806250000000001 0.7925 0.5893750000000001 0.78 0.598125 0.7775 0.6025 0.78 0.623125 0.7783333333333333 0.6268750000000001 0.775 0.6275000000000001 0.7641666666666667 0.619375 0.74 0.6075 0.7141666666666666 0.608125 0.6950000000000001 0.60625 0.6925 0.59125 0.69 0.5831250000000001 0.6925 0.5831250000000001 0.6966666666666667 0.5737500000000001 0.6966666666666667 0.571875 0.6925 0.5625 0.6966666666666667 0.5387500000000001 0.6933333333333334 0.52375 0.7 0.5050000000000001 0.6966666666666667 0.49812500000000004 0.6925 0.490625 0.6925 0.459375 0.7008333333333333 0.43125 0.7 0.428125 0.7033333333333334 0.42125 0.7 0.398125 0.7024999999999999 0.39375 0.7066666666666667 0.388125 0.7075 0.38375000000000004 0.7075 0.38 0.7041666666666667 0.375 0.7083333333333333 0.36 0.7125 0.35500000000000004 0.7108333333333333 0.34875 0.7016666666666667 0.34625000000000006 0.705 0.346875 0.7108333333333333 0.3425 0.7175 0.335 0.7158333333333333 0.33187500000000003 0.7183333333333334 0.316875 0.7183333333333334 0.306875 0.715 0.30375 0.72 0.30375 0.7241666666666666 0.293125 0.7283333333333333 0.26687500000000003 0.7308333333333333 0.261875 0.7274999999999999 0.254375 0.7274999999999999 0.24937500000000004 0.7325 0.24125000000000002 0.7308333333333333 0.238125 0.7341666666666666 0.234375 0.7341666666666666 0.23562500000000003 0.7375 0.231875 0.7441666666666666 0.215625 0.7441666666666666 0.20625 0.7491666666666666 0.20125 0.7841666666666667 0.19937500000000002 0.8208333333333334 0.20375000000000001 0.835
0 0.37625000000000003 0.945 0.38062500000000005 0.9416666666666667 0.38312500000000005 0.9441666666666666 0.384375 0.9425000000000001 0.38375000000000004 0.9391666666666666 0.375 0.9416666666666667 0.37375 0.9425000000000001 0.37625000000000003 0.945
0 0.5953125 0.91484375 0.00078125 0.00078125
0 0.591875 0.8983333333333332 0.59125 0.8925000000000001 0.5900000000000001 0.8941666666666667 0.591875 0.8983333333333332
0 0.206875 0.9075 0.209375 0.9175000000000001 0.2125 0.9216666666666666 0.2375 0.9199999999999999 0.246875 0.9283333333333333 0.255 0.9291666666666666 0.2625 0.9266666666666665 0.26875 0.9316666666666666 0.271875 0.9416666666666667 0.2775 0.9483333333333333 0.293125 0.9508333333333333 0.30500000000000005 0.9391666666666666 0.316875 0.9116666666666667 0.335 0.915 0.34 0.9283333333333333 0.346875 0.9316666666666666 0.366875 0.9333333333333333 0.36500000000000005 0.9400000000000001 0.369375 0.9416666666666667 0.37 0.9375 0.36750000000000005 0.93 0.38125 0.9108333333333333 0.38375000000000004 0.8975 0.390625 0.89 0.398125 0.8975 0.3975 0.9 0.40125 0.9033333333333333 0.40875000000000006 0.9208333333333334 0.41375 0.9266666666666665 0.4287500000000001 0.9283333333333333 0.43187500000000006 0.9308333333333334 0.43500000000000005 0.9283333333333333 0.4425 0.93 0.45 0.925 0.45 0.9208333333333334 0.44625000000000004 0.9141666666666666 0.44625000000000004 0.9066666666666666 0.45125000000000004 0.9075 0.445 0.905 0.445 0.9025000000000001 0.44875 0.8891666666666665 0.45375000000000004 0.885 0.45687500000000003 0.8891666666666665 0.45187499999999997 0.8925000000000001 0.453125 0.8958333333333334 0.45687500000000003 0.8941666666666667 0.46625000000000005 0.8966666666666667 0.46749999999999997 0.9058333333333334 0.478125 0.9158333333333333 0.480625 0.9233333333333332 0.490625 0.9225 0.49312500000000004 0.925 0.49375 0.9316666666666666 0.5025000000000001 0.9275 0.5068750000000001 0.9208333333333334 0.515625 0.9199999999999999 0.5231250000000001 0.9141666666666666 0.525 0.9008333333333333 0.52875 0.8975 0.5337500000000001 0.9058333333333334 0.541875 0.9091666666666667 0.5525 0.9125 0.5587500000000001 0.9091666666666667 0.5643750000000001 0.9116666666666667 0.575 0.9075 0.5743750000000001 0.9033333333333333 0.578125 0.9008333333333333 0.5787500000000001 0.8925000000000001 0.58125 0.8891666666666665 0.59125 0.8866666666666667 0.58875 0.8791666666666667 0.5806250000000001 0.8825 0.575625 0.8758333333333332 0.596875 0.8566666666666667 0.6125 0.8533333333333333 0.615625 0.8483333333333333 0.6162500000000001 0.8408333333333333 0.609375 0.8125 0.6075 0.7858333333333334 0.598125 0.7816666666666666 0.586875 0.7849999999999999 0.575625 0.7991666666666666 0.5675000000000001 0.8025 0.5575 0.7899999999999999 0.536875 0.7891666666666667 0.53125 0.7908333333333333 0.516875 0.8058333333333334 0.5068750000000001 0.8066666666666666 0.499375 0.7925 0.4912500000000001 0.7891666666666667 0.48187500000000005 0.7891666666666667 0.47625 0.795 0.47000000000000003 0.7975 0.45875000000000005 0.8125 0.45125000000000004 0.8166666666666667 0.44625000000000004 0.8175000000000001 0.43875000000000003 0.8058333333333334 0.43 0.8033333333333333 0.4025 0.8091666666666667 0.389375 0.8074999999999999 0.3725 0.8125 0.355625 0.8099999999999999 0.335 0.82 0.30125 0.8225 0.284375 0.82 0.265 0.8275 0.2625 0.8308333333333333 0.26375000000000004 0.835 0.25875000000000004 0.8408333333333333 0.255 0.835 0.25625 0.8316666666666667 0.253125 0.8300000000000001 0.2325 0.8341666666666667 0.2225 0.8324999999999999 0.213125 0.8383333333333333 0.21125000000000002 0.8441666666666666 0.210625 0.8800000000000001 0.206875 0.9075
0 0.22749999999999998 0.16916666666666666 0.2375 0.16833333333333333 0.248125 0.15583333333333332 0.2575 0.1525 0.26625 0.1525 0.28625 0.16 0.31125 0.16 0.33187500000000003 0.15166666666666667 0.344375 0.16083333333333333 0.34937500000000005 0.16166666666666668 0.37062500000000004 0.16416666666666666 0.38625000000000004 0.15833333333333333 0.39625000000000005 0.15833333333333333 0.40875000000000006 0.16499999999999998 0.42437500000000006 0.16916666666666666 0.4425 0.16916666666666666 0.4831250000000001 0.17666666666666667 0.5162500000000001 0.17833333333333332 0.535 0.18916666666666665 0.5518750000000001 0.18166666666666667 0.55 0.175 0.54625 0.17416666666666666 0.5431250000000001 0.16833333333333333 0.5362500000000001 0.12666666666666665 0.5337500000000001 0.12250000000000001 0.5231250000000001 0.11750000000000001 0.515625 0.0975 0.5050000000000001 0.08583333333333333 0.490625 0.08416666666666667 0.478125 0.07083333333333333 0.465625 0.06999999999999999 0.45687500000000003 0.06333333333333332 0.4525 0.0625 0.441875 0.06666666666666667 0.433125 0.057499999999999996 0.42062499999999997 0.05166666666666666 0.41125 0.04083333333333333 0.37625000000000003 0.03166666666666666 0.36375 0.03333333333333333 0.3625 0.029166666666666667 0.358125 0.029166666666666667 0.355625 0.0325 0.353125 0.028333333333333332 0.34500000000000003 0.029166666666666667 0.33187500000000003 0.025 0.328125 0.02583333333333333 0.3275 0.03 0.31625000000000003 0.02583333333333333 0.30625 0.027500000000000004 0.29250000000000004 0.03833333333333333 0.29000000000000004 0.043333333333333335 0.28625 0.04416666666666667 0.2725 0.0325 0.265625 0.0325 0.25812500000000005 0.03916666666666667 0.253125 0.049166666666666664 0.246875 0.05333333333333333 0.24000000000000005 0.07583333333333334 0.22687500000000002 0.09833333333333333 0.22562500000000002 0.12250000000000001 0.216875 0.14333333333333334 0.216875 0.15666666666666668 0.22749999999999998 0.16916666666666666
0 0.21875 0.9991666666666668 0.2875 0.9991666666666668 0.28875 0.9966666666666667 0.2975 0.9966666666666667 0.29937500000000006 0.9991666666666668 0.41000000000000003 0.9991666666666668 0.41375 0.9958333333333333 0.42062499999999997 0.9966666666666667 0.42250000000000004 0.9991666666666668 0.45499999999999996 0.9991666666666668 0.45625 0.9966666666666667 0.46749999999999997 0.9966666666666667 0.46937500000000004 0.9991666666666668 0.476875 0.9966666666666667 0.48562500000000003 0.9991666666666668 0.4875 0.9966666666666667 0.491875 0.9991666666666668 0.49625 0.9966666666666667 0.496875 0.9916666666666666 0.50125 0.9916666666666666 0.5 0.9966666666666667 0.5018750000000001 0.9991666666666668 0.58125 0.9991666666666668 0.58375 0.9958333333333333 0.5900000000000001 0.9941666666666666 0.58875 0.99 0.5962500000000001 0.9833333333333334 0.596875 0.9741666666666667 0.5956250000000001 0.9666666666666666 0.5925 0.9641666666666666 0.58125 0.9658333333333333 0.579375 0.97 0.575625 0.97 0.570625 0.9650000000000001 0.568125 0.97 0.5631250000000001 0.9650000000000001 0.56 0.9666666666666666 0.5693750000000001 0.9766666666666666 0.566875 0.9791666666666666 0.559375 0.9791666666666666 0.553125 0.9824999999999999 0.54625 0.9741666666666667 0.540625 0.9741666666666667 0.5325 0.9808333333333333 0.525 0.9808333333333333 0.521875 0.9833333333333334 0.51875 0.9775 0.5118750000000001 0.9758333333333333 0.5075000000000001 0.97 0.50875 0.9658333333333333 0.50375 0.9650000000000001 0.49750000000000005 0.9775 0.50125 0.9824999999999999 0.5025000000000001 0.9891666666666665 0.49625 0.9908333333333333 0.4956250000000001 0.9866666666666667 0.490625 0.9824999999999999 0.479375 0.9875 0.464375 0.985 0.46125 0.9775 0.45062500000000005 0.9641666666666666 0.445 0.9658333333333333 0.440625 0.9733333333333333 0.4375 0.9733333333333333 0.436875 0.9666666666666666 0.43187500000000006 0.9658333333333333 0.42374999999999996 0.975 0.41500000000000004 0.9758333333333333 0.41187500000000005 0.97 0.41125 0.9633333333333333 0.40750000000000003 0.9616666666666667 0.3975 0.9666666666666666 0.39 0.9658333333333333 0.38375000000000004 0.9691666666666666 0.36625 0.9683333333333334 0.3625 0.9724999999999999 0.358125 0.9716666666666667 0.35250000000000004 0.9766666666666666 0.34500000000000003 0.9741666666666667 0.33875 0.9775 0.32125000000000004 0.9775 0.31500000000000006 0.9808333333333333 0.291875 0.9775 0.261875 0.9908333333333333 0.25 0.9933333333333334 0.2375 0.99 0.216875 0.9925 0.215625 0.9949999999999999 0.21875 0.9991666666666668
0 0.465625 0.96 0.460625 0.96 0.45625 0.9550000000000001 0.45187499999999997 0.9558333333333333 0.4525 0.9616666666666667 0.465625 0.96
0 0.510625 0.9491666666666667 0.508125 0.9483333333333333 0.50875 0.9516666666666665 0.510625 0.9491666666666667
0 0.633125 0.42750000000000005 0.635 0.425 0.634375 0.41833333333333333 0.630625 0.41583333333333333 0.63125 0.4258333333333333 0.633125 0.42750000000000005
0 0.6125 0.40750000000000003 0.6100000000000001 0.4066666666666666 0.6075 0.41 0.604375 0.40750000000000003 0.601875 0.41583333333333333 0.6125 0.40750000000000003
0 0.184375 0.53 0.19125 0.5333333333333333 0.22562500000000002 0.5333333333333333 0.22687500000000002 0.5291666666666667 0.224375 0.5258333333333333 0.228125 0.5225 0.236875 0.525 0.2375 0.5291666666666667 0.24125000000000002 0.5325 0.251875 0.5233333333333333 0.285625 0.5216666666666667 0.29125 0.5158333333333334 0.29812500000000003 0.5133333333333333 0.30125 0.515 0.30250000000000005 0.5216666666666667 0.31062500000000004 0.5258333333333333 0.33187500000000003 0.5266666666666666 0.34125 0.52 0.355625 0.5175 0.36625 0.5091666666666667 0.39437500000000003 0.5091666666666667 0.409375 0.5125 0.43125 0.5033333333333333 0.45375000000000004 0.5075000000000001 0.464375 0.5066666666666666 0.468125 0.5091666666666667 0.5162500000000001 0.5058333333333334 0.524375 0.5066666666666666 0.535625 0.5125 0.5487500000000001 0.5066666666666666 0.5625 0.5066666666666666 0.5675000000000001 0.515 0.5693750000000001 0.5125 0.584375 0.5083333333333333 0.6050000000000001 0.5125 0.61375 0.5075000000000001 0.6212500000000001 0.5091666666666667 0.6325000000000001 0.52 0.64 0.515 0.6612500000000001 0.515 0.665625 0.5083333333333333 0.664375 0.49916666666666665 0.6575 0.4883333333333333 0.6581250000000001 0.45999999999999996 0.655625 0.4525 0.654375 0.425 0.6525000000000001 0.41833333333333333 0.65 0.4175 0.644375 0.42333333333333334 0.64375 0.4216666666666667 0.64 0.43166666666666664 0.6325000000000001 0.43916666666666665 0.618125 0.4658333333333333 0.60875 0.47000000000000003 0.6056250000000001 0.4666666666666667 0.6025 0.45666666666666667 0.6025 0.4383333333333333 0.604375 0.43499999999999994 0.599375 0.42833333333333334 0.6006250000000001 0.42333333333333334 0.5975 0.4125 0.595 0.4091666666666667 0.573125 0.4083333333333333 0.5631250000000001 0.4033333333333333 0.550625 0.4058333333333334 0.521875 0.4033333333333333 0.504375 0.4066666666666666 0.49750000000000005 0.4033333333333333 0.47375 0.40083333333333326 0.46687500000000004 0.4041666666666667 0.45687500000000003 0.4 0.45062500000000005 0.4025 0.425 0.4033333333333333 0.41125 0.4 0.37875000000000003 0.39916666666666667 0.37312500000000004 0.39666666666666667 0.34937500000000005 0.4033333333333333 0.3375 0.39916666666666667 0.3 0.39916666666666667 0.295625 0.4033333333333333 0.28875 0.4041666666666667 0.264375 0.4033333333333333 0.261875 0.40750000000000003 0.259375 0.4041666666666667 0.250625 0.40083333333333326 0.22312500000000002 0.40166666666666667 0.21125000000000002 0.4116666666666666 0.19937500000000002 0.4166666666666667 0.19312500000000002 0.4166666666666667 0.190625 0.4208333333333333 0.183125 0.49083333333333334 0.181875 0.525 0.184375 0.53
0 0.2375 0.9708333333333334 0.244375 0.9666666666666666 0.24125000000000002 0.9583333333333334 0.23625000000000002 0.9608333333333332 0.23500000000000001 0.9666666666666666 0.2375 0.9708333333333334
0 0.23046875 0.9140625 0.0015625 0.00078125
0 0.2234375 0.9015625 0.0015625 0.00078125
0 0.25078125 0.79296875 0.0015625 0.0015625
0 0.24453125 0.79296875 0.0015625 0.00078125
0 0.21875 0.8766666666666666 0.213125 0.8833333333333334 0.21750000000000003 0.8916666666666666 0.22749999999999998 0.8925000000000001 0.228125 0.9008333333333333 0.238125 0.9075 0.23625000000000002 0.9208333333333334 0.225 0.9308333333333334 0.22687500000000002 0.9383333333333332 0.230625 0.9416666666666667 0.23000000000000004 0.9458333333333334 0.22375000000000003 0.9491666666666667 0.22687500000000002 0.9616666666666667 0.230625 0.9683333333333334 0.2325 0.9666666666666666 0.22937500000000002 0.9566666666666667 0.22937500000000002 0.9466666666666667 0.23562500000000003 0.9483333333333333 0.236875 0.9458333333333334 0.24375 0.9491666666666667 0.24875000000000003 0.97 0.260625 0.97 0.26375000000000004 0.9741666666666667 0.271875 0.9733333333333333 0.27937500000000004 0.9666666666666666 0.28687500000000005 0.97 0.293125 0.9641666666666666 0.296875 0.97 0.31125 0.9708333333333334 0.3175 0.9666666666666666 0.32625000000000004 0.97 0.32875 0.97 0.33125 0.9658333333333333 0.338125 0.9675 0.344375 0.9616666666666667 0.3725 0.9583333333333334 0.381875 0.96 0.388125 0.9558333333333333 0.385 0.9525 0.385 0.9491666666666667 0.39312500000000006 0.945 0.39625000000000005 0.945 0.396875 0.95 0.40125 0.9491666666666667 0.4025 0.9525 0.40875000000000006 0.9541666666666666 0.41125 0.9491666666666667 0.40750000000000003 0.9458333333333334 0.4131250000000001 0.9408333333333333 0.42125 0.9425000000000001 0.42437500000000006 0.9466666666666667 0.43187500000000006 0.9466666666666667 0.441875 0.9400000000000001 0.4525 0.9441666666666666 0.45437500000000003 0.9383333333333332 0.45062500000000005 0.9349999999999999 0.45625 0.9308333333333334 0.46312500000000006 0.9316666666666666 0.46875 0.9383333333333332 0.48375 0.9341666666666667 0.495 0.9383333333333332 0.50375 0.9341666666666667 0.5225000000000001 0.9349999999999999 0.53 0.9316666666666666 0.535625 0.9241666666666667 0.54625 0.9283333333333333 0.555 0.9283333333333333 0.5631250000000001 0.925 0.5787500000000001 0.925 0.59125 0.9191666666666667 0.601875 0.9191666666666667 0.603125 0.9075 0.5975 0.9041666666666666 0.5943750000000001 0.8949999999999999 0.5943750000000001 0.8866666666666667 0.58625 0.8658333333333333 0.598125 0.8533333333333333 0.6125 0.85 0.61375 0.845 0.606875 0.8066666666666666 0.606875 0.7858333333333334 0.6025 0.78 0.59125 0.78 0.588125 0.7833333333333333 0.5737500000000001 0.7825 0.571875 0.7849999999999999 0.56625 0.7825 0.560625 0.7883333333333333 0.5575 0.7849999999999999 0.553125 0.7866666666666666 0.55 0.7825 0.5425000000000001 0.7875 0.52875 0.7891666666666667 0.5006250000000001 0.7899999999999999 0.49000000000000005 0.7866666666666666 0.479375 0.7891666666666667 0.46625000000000005 0.7883333333333333 0.46375 0.7899999999999999 0.465625 0.7925 0.46375 0.795 0.4525 0.7958333333333333 0.436875 0.8016666666666665 0.42750000000000005 0.8008333333333333 0.42437500000000006 0.7975 0.41625000000000006 0.8058333333333334 0.405625 0.8041666666666666 0.41000000000000003 0.7966666666666666 0.40062500000000006 0.7858333333333334 0.3975 0.7991666666666666 0.386875 0.7983333333333333 0.376875 0.8074999999999999 0.374375 0.8074999999999999 0.37125 0.8025 0.365625 0.8033333333333333 0.36125 0.7966666666666666 0.35875 0.7966666666666666 0.35250000000000004 0.8074999999999999 0.335 0.8158333333333333 0.28625 0.8158333333333333 0.27937500000000004 0.8208333333333334 0.275 0.8208333333333334 0.271875 0.8175000000000001 0.26812500000000006 0.82 0.265625 0.8175000000000001 0.26625 0.8241666666666667 0.263125 0.8258333333333333 0.25250000000000006 0.8266666666666665 0.244375 0.8233333333333333 0.2375 0.8283333333333334 0.22000000000000003 0.8283333333333334 0.2125 0.8324999999999999 0.21437500000000004 0.8699999999999999 0.21875 0.8766666666666666
0 0.40687500000000004 0.7791666666666667 0.401875 0.7783333333333333 0.40437500000000004 0.7816666666666666 0.40687500000000004 0.7791666666666667
0 0.3199137931034483 0.7785057471264368 0.31875 0.7783333333333333 0.31875 0.7808333333333334 0.3199137931034483 0.7785057471264368
0 0.324375 0.7791666666666667 0.3201 0.7785333333333333 0.32125000000000004 0.7808333333333334 0.324375 0.7791666666666667
0 0.591875 0.7783333333333333 0.5925 0.7758333333333333 0.5900000000000001 0.7758333333333333 0.591875 0.7783333333333333
0 0.41125 0.7808333333333334 0.41187500000000005 0.7758333333333333 0.41000000000000003 0.775 0.409375 0.7791666666666667 0.41125 0.7808333333333334
0 0.315625 0.7849999999999999 0.316875 0.7825 0.313125 0.7816666666666666 0.31125 0.7758333333333333 0.306875 0.7725 0.30250000000000005 0.7833333333333333 0.315625 0.7849999999999999
0 0.31953125 0.771875 0.0046875 0.00078125
0 0.3125 0.7649999999999999 0.31062500000000004 0.7641666666666667 0.31062500000000004 0.7666666666666667 0.3125 0.7649999999999999
0 0.433125 0.7616666666666666 0.4287500000000001 0.7583333333333333 0.42437500000000006 0.7591666666666667 0.42374999999999996 0.7616666666666666 0.433125 0.7616666666666666
0 0.37625000000000003 0.7408333333333333 0.3725 0.74 0.37125 0.7408333333333333 0.37625000000000003 0.7408333333333333
0 0.25875000000000004 0.7691666666666667 0.256875 0.775 0.25812500000000005 0.7825 0.263125 0.7833333333333333 0.26875 0.78 0.28375000000000006 0.7866666666666666 0.288125 0.7858333333333334 0.295625 0.7791666666666667 0.3 0.7691666666666667 0.304375 0.7474999999999999 0.29812500000000003 0.7441666666666666 0.30062500000000003 0.7408333333333333 0.2975 0.7383333333333333 0.296875 0.7333333333333333 0.29250000000000004 0.7333333333333333 0.28875 0.7375 0.288125 0.7333333333333333 0.28687500000000005 0.7358333333333333 0.2834375 0.7341666666666666 0.28375000000000006 0.7383333333333333 0.280625 0.7391666666666666 0.27875 0.7383333333333333 0.27937500000000004 0.7341666666666666 0.27625 0.7375 0.27687500000000004 0.7441666666666666 0.273125 0.7474999999999999 0.26875 0.745 0.265625 0.75 0.261875 0.7474999999999999 0.26 0.755 0.263125 0.7658333333333334 0.25875000000000004 0.7691666666666667
0 0.588125 0.7383333333333333 0.5875 0.7325 0.58375 0.7341666666666666 0.588125 0.7383333333333333
0 0.34875 0.7408333333333333 0.35 0.7441666666666666 0.3425 0.7474999999999999 0.34187500000000004 0.7516666666666667 0.34500000000000003 0.7583333333333333 0.34937500000000005 0.7616666666666666 0.34937500000000005 0.7649999999999999 0.364375 0.7683333333333333 0.36625 0.7649999999999999 0.36375 0.7591666666666667 0.369375 0.755 0.36750000000000005 0.7525 0.36812500000000004 0.7408333333333333 0.36500000000000005 0.7366666666666666 0.36625 0.7341666666666666 0.37 0.7341666666666666 0.359375 0.7308333333333333 0.350625 0.7341666666666666 0.35125 0.7383333333333333 0.34875 0.7408333333333333
0 0.47062499999999996 0.7358333333333333 0.47375 0.7308333333333333 0.46687500000000004 0.7258333333333333 0.46687500000000004 0.7325 0.47062499999999996 0.7358333333333333
0 0.5431250000000001 0.7233333333333334 0.54625 0.7233333333333334 0.5537500000000001 0.7325 0.5525 0.7441666666666666 0.5543750000000001 0.7441666666666666 0.555625 0.7383333333333333 0.5675000000000001 0.7391666666666666 0.5787500000000001 0.7266666666666667 0.578125 0.7166666666666667 0.5743750000000001 0.7116666666666667 0.5631250000000001 0.7133333333333333 0.5581250000000001 0.7175 0.553125 0.715 0.55 0.7183333333333334 0.548125 0.7166666666666667 0.5493750000000001 0.7125 0.545625 0.7133333333333333 0.545625 0.7208333333333333 0.5431250000000001 0.7233333333333334
0 0.4025 0.72 0.40875000000000006 0.7266666666666667 0.409375 0.7308333333333333 0.41500000000000004 0.7341666666666666 0.414375 0.7383333333333333 0.42312500000000003 0.7525 0.43875000000000003 0.7525 0.4425 0.7483333333333333 0.441875 0.7408333333333333 0.445625 0.7408333333333333 0.43812500000000004 0.7391666666666666 0.436875 0.7333333333333333 0.43937499999999996 0.7266666666666667 0.446875 0.7266666666666667 0.44625000000000004 0.72 0.4425 0.7216666666666667 0.43812500000000004 0.7183333333333334 0.4325 0.7091666666666667 0.4287500000000001 0.7116666666666667 0.416875 0.7091666666666667 0.41000000000000003 0.7125 0.410625 0.7175 0.4025 0.72
0 0.566875 0.7075 0.5737500000000001 0.7066666666666667 0.566875 0.7024999999999999 0.5650000000000001 0.705 0.566875 0.7075
0 0.4990625000000001 0.7075 0.50125 0.7116666666666667 0.49375 0.7191666666666666 0.4956250000000001 0.7224999999999999 0.49437500000000006 0.725 0.4875 0.7266666666666667 0.490625 0.7375 0.49437500000000006 0.74 0.50875 0.7383333333333333 0.510625 0.7325 0.515625 0.7283333333333333 0.515 0.7258333333333333 0.510625 0.7241666666666666 0.51 0.7133333333333333 0.505625 0.71 0.51 0.7066666666666667 0.508125 0.705 0.50375 0.7083333333333333 0.504375 0.705 0.491875 0.7033333333333334 0.48625000000000007 0.7066666666666667 0.4990625000000001 0.7075
0 0.216875 0.9908333333333333 0.22000000000000003 0.9866666666666667 0.22625 0.9908333333333333 0.23625000000000002 0.9875 0.25562500000000005 0.9891666666666665 0.28937500000000005 0.975 0.306875 0.975 0.314375 0.9775 0.319375 0.975 0.33937500000000004 0.9741666666666667 0.35875 0.9658333333333333 0.38062500000000005 0.9650000000000001 0.405625 0.9591666666666667 0.42125 0.96 0.42562500000000003 0.9541666666666666 0.43812500000000004 0.9516666666666665 0.44125000000000003 0.9483333333333333 0.48125 0.9491666666666667 0.510625 0.9400000000000001 0.529375 0.9383333333333332 0.5387500000000001 0.9333333333333333 0.57125 0.9308333333333334 0.58375 0.9275 0.58875 0.9291666666666666 0.60375 0.9216666666666666 0.6056250000000001 0.9191666666666667 0.60625 0.9091666666666667 0.5925 0.8716666666666667 0.5850000000000001 0.8633333333333333 0.570625 0.8633333333333333 0.5625 0.8583333333333334 0.5537500000000001 0.8583333333333334 0.536875 0.8625 0.525625 0.8708333333333333 0.521875 0.8691666666666666 0.5118750000000001 0.8741666666666668 0.50375 0.8675 0.495 0.8658333333333333 0.48875 0.8616666666666667 0.4800000000000001 0.8616666666666667 0.446875 0.8741666666666668 0.428125 0.8716666666666667 0.39312500000000006 0.8808333333333334 0.389375 0.8783333333333333 0.37625000000000003 0.8775000000000001 0.3425 0.8949999999999999 0.333125 0.9033333333333333 0.31500000000000006 0.905 0.313125 0.9 0.30562500000000004 0.8975 0.296875 0.9025000000000001 0.28687500000000005 0.9033333333333333 0.26812500000000006 0.9108333333333333 0.261875 0.9191666666666667 0.25812500000000005 0.9166666666666666 0.24562500000000004 0.9216666666666666 0.23312500000000003 0.9208333333333334 0.21750000000000003 0.9241666666666667 0.215 0.9283333333333333 0.21375000000000002 0.9475 0.213125 0.9808333333333333 0.216875 0.9908333333333333
0 0.6787500000000001 0.4041666666666667 0.67625 0.4033333333333333 0.675 0.4041666666666667 0.6787500000000001 0.4041666666666667
0 0.653125 0.4041666666666667 0.6568750000000001 0.4083333333333333 0.660625 0.40499999999999997 0.6625 0.4083333333333333 0.669375 0.40750000000000003 0.67 0.4041666666666667 0.66625 0.4025 0.6612500000000001 0.40499999999999997 0.653125 0.4041666666666667
0 0.59125 0.3875 0.595 0.385 0.595 0.3875 0.5987500000000001 0.3875 0.6006250000000001 0.38666666666666666 0.6006250000000001 0.38249999999999995 0.588125 0.38583333333333336 0.586875 0.38666666666666666 0.59125 0.3875
0 0.556875 0.37333333333333335 0.5525 0.3725 0.55 0.37666666666666665 0.556875 0.37333333333333335
0 0.5700000000000001 0.3625 0.570625 0.3591666666666667 0.566875 0.3591666666666667 0.566875 0.36333333333333334 0.5700000000000001 0.3625
0 0.29937500000000006 0.175 0.2975 0.16833333333333333 0.295625 0.16833333333333333 0.295625 0.17416666666666666 0.29937500000000006 0.175
0 0.18875000000000003 0.35083333333333333 0.19312500000000002 0.355 0.185625 0.35833333333333334 0.183125 0.36666666666666664 0.195625 0.38416666666666666 0.238125 0.38416666666666666 0.25625 0.38166666666666665 0.261875 0.3775 0.26812500000000006 0.3808333333333333 0.28375000000000006 0.3808333333333333 0.28937500000000005 0.38416666666666666 0.3125 0.37916666666666665 0.334375 0.38166666666666665 0.34375 0.3775 0.344375 0.38 0.345625 0.375 0.35375 0.37333333333333335 0.358125 0.3675 0.36 0.36916666666666664 0.3590625 0.37583333333333335 0.37625000000000003 0.37333333333333335 0.379375 0.3625 0.384375 0.3591666666666667 0.38312500000000005 0.355 0.385 0.3441666666666666 0.39437500000000003 0.3308333333333333 0.395625 0.32416666666666666 0.401875 0.3175 0.4 0.31333333333333335 0.403125 0.31083333333333335 0.4 0.30666666666666664 0.40750000000000003 0.30333333333333334 0.41187500000000005 0.2966666666666667 0.42312500000000003 0.305 0.42312500000000003 0.31416666666666665 0.42625 0.32 0.42437500000000006 0.32416666666666666 0.425 0.3308333333333333 0.42625 0.32916666666666666 0.43062500000000004 0.33416666666666667 0.4375 0.34833333333333333 0.43624999999999997 0.3516666666666667 0.44125000000000003 0.35583333333333333 0.445625 0.37 0.449375 0.37416666666666665 0.45375000000000004 0.37416666666666665 0.46687500000000004 0.36583333333333334 0.47437500000000005 0.3525 0.4756250000000001 0.3433333333333333 0.480625 0.33416666666666667 0.480625 0.32666666666666666 0.48562500000000003 0.32 0.480625 0.305 0.48125 0.2975 0.48687500000000006 0.2975 0.4875 0.30083333333333334 0.490625 0.2991666666666667 0.50625 0.31416666666666665 0.503125 0.3175 0.5068750000000001 0.32083333333333336 0.499375 0.32416666666666666 0.50125 0.3466666666666667 0.5050000000000001 0.3458333333333333 0.505625 0.33166666666666667 0.50875 0.3283333333333333 0.5118750000000001 0.32999999999999996 0.5175000000000001 0.3416666666666667 0.51875 0.35083333333333333 0.5231250000000001 0.355 0.5231250000000001 0.36583333333333334 0.52625 0.3716666666666667 0.534375 0.37916666666666665 0.540625 0.37916666666666665 0.5425000000000001 0.38583333333333336 0.54625 0.38333333333333336 0.544375 0.37666666666666665 0.5487500000000001 0.37333333333333335 0.54625 0.36916666666666664 0.55125 0.36583333333333334 0.55 0.35583333333333333 0.565625 0.3183333333333333 0.565625 0.3125 0.568125 0.31 0.581875 0.31416666666666665 0.5825 0.3183333333333333 0.5737500000000001 0.32416666666666666 0.57625 0.33249999999999996 0.5743750000000001 0.3458333333333333 0.578125 0.3525 0.58125 0.35083333333333333 0.5831250000000001 0.33999999999999997 0.58875 0.3375 0.593125 0.3416666666666667 0.596875 0.36416666666666664 0.603125 0.38 0.608125 0.38166666666666665 0.60875 0.38416666666666666 0.603125 0.38666666666666666 0.608125 0.385 0.60625 0.39 0.62 0.39416666666666667 0.630625 0.38916666666666666 0.633125 0.39249999999999996 0.63125 0.3975 0.6368750000000001 0.4025 0.64 0.4025 0.640625 0.4 0.63375 0.3975 0.6362500000000001 0.38583333333333336 0.6412500000000001 0.38666666666666666 0.6475000000000001 0.3933333333333333 0.66875 0.39166666666666666 0.6681250000000001 0.375 0.664375 0.3683333333333333 0.654375 0.37333333333333335 0.6518750000000001 0.37 0.65375 0.36583333333333334 0.6481250000000001 0.35833333333333334 0.6425000000000001 0.3591666666666667 0.6412500000000001 0.35583333333333333 0.644375 0.3525 0.64375 0.34833333333333333 0.64875 0.33333333333333337 0.6575 0.32083333333333336 0.63875 0.3158333333333333 0.635 0.31083333333333335 0.6318750000000001 0.2966666666666667 0.62625 0.29166666666666663 0.60875 0.2891666666666667 0.6025 0.2683333333333333 0.59375 0.25166666666666665 0.58375 0.24083333333333332 0.5743750000000001 0.2375 0.56375 0.22583333333333333 0.55125 0.20249999999999999 0.540625 0.19583333333333333 0.5325 0.19583333333333333 0.521875 0.18583333333333335 0.5112500000000001 0.1825 0.49437500000000006 0.18166666666666667 0.480625 0.19083333333333333 0.4756250000000001 0.18416666666666665 0.46687500000000004 0.17916666666666667 0.45625 0.17833333333333332 0.448125 0.17416666666666666 0.43125 0.17583333333333334 0.410625 0.1725 0.39375 0.16083333333333333 0.38312500000000005 0.16333333333333333 0.36500000000000005 0.17916666666666667 0.359375 0.175 0.355625 0.1775 0.348125 0.1675 0.338125 0.16 0.325625 0.1575 0.30562500000000004 0.16916666666666666 0.2975 0.1825 0.293125 0.18083333333333335 0.284375 0.1675 0.26875 0.1575 0.254375 0.15666666666666668 0.248125 0.16083333333333333 0.24125000000000002 0.16999999999999998 0.238125 0.18333333333333332 0.22687500000000002 0.19583333333333333 0.22062500000000002 0.22000000000000003 0.21937500000000001 0.23833333333333334 0.21750000000000003 0.24083333333333332 0.209375 0.24083333333333332 0.20625 0.24500000000000002 0.19937500000000002 0.27166666666666667 0.20625 0.2791666666666667 0.209375 0.2875 0.20249999999999999 0.2891666666666667 0.19875 0.31166666666666665 0.18937500000000002 0.32166666666666666 0.18875000000000003 0.3275 0.185 0.33416666666666667 0.185 0.33999999999999997 0.18875000000000003 0.35083333333333333
0 0.303125 0.9550000000000001 0.31 0.9541666666666666 0.31 0.9425000000000001 0.304375 0.9425000000000001 0.3 0.95 0.29875 0.9525 0.303125 0.9550000000000001
0 0.38 0.9283333333333333 0.375 0.9283333333333333 0.375 0.9324999999999999 0.38 0.9283333333333333
0 0.40390625 0.91796875 0.00078125 0.00078125
0 0.381875 0.9183333333333333 0.38062500000000005 0.9175000000000001 0.38 0.9191666666666667 0.381875 0.9183333333333333
0 0.215 0.9941666666666666 0.231875 0.9966666666666667 0.23374999999999999 0.9991666666666668 0.24375 0.9958333333333333 0.25 0.9958333333333333 0.253125 0.9991666666666668 0.259375 0.9991666666666668 0.264375 0.9958333333333333 0.27625 0.9958333333333333 0.280625 0.9991666666666668 0.295625 0.9958333333333333 0.440625 0.9958333333333333 0.44875 0.9991666666666668 0.45687500000000003 0.9958333333333333 0.5025000000000001 0.9958333333333333 0.509375 0.9966666666666667 0.5112500000000001 0.9991666666666668 0.550625 0.9991666666666668 0.5543750000000001 0.9958333333333333 0.57125 0.9966666666666667 0.575625 0.9941666666666666 0.575625 0.99 0.5925 0.9841666666666666 0.591875 0.9683333333333334 0.588125 0.97 0.584375 0.9633333333333333 0.577625 0.9633333333333333 0.579375 0.9566666666666667 0.5825 0.9558333333333333 0.58125 0.9525 0.584375 0.9458333333333334 0.58375 0.9425000000000001 0.588125 0.9441666666666666 0.60375 0.9166666666666666 0.603125 0.9141666666666666 0.6012500000000001 0.915 0.6006250000000001 0.9216666666666666 0.590625 0.9216666666666666 0.5900000000000001 0.9141666666666666 0.5806250000000001 0.9116666666666667 0.575 0.9175000000000001 0.5743750000000001 0.9233333333333332 0.57125 0.9208333333333334 0.5575 0.9208333333333334 0.5525 0.925 0.546875 0.9233333333333332 0.545 0.9208333333333334 0.545 0.915 0.5431250000000001 0.9141666666666666 0.536875 0.9225 0.52875 0.9175000000000001 0.5225000000000001 0.9183333333333333 0.51875 0.9225 0.519375 0.9349999999999999 0.516875 0.9366666666666668 0.509375 0.9333333333333333 0.4987500000000001 0.9391666666666666 0.48875 0.9366666666666668 0.48250000000000004 0.9391666666666666 0.48187500000000005 0.9358333333333333 0.479375 0.9349999999999999 0.4800000000000001 0.9383333333333332 0.478125 0.9400000000000001 0.47000000000000003 0.9400000000000001 0.46749999999999997 0.9349999999999999 0.459375 0.93 0.43187500000000006 0.9375 0.4287500000000001 0.9349999999999999 0.416875 0.9341666666666667 0.414375 0.9358333333333333 0.41625000000000006 0.9383333333333332 0.41500000000000004 0.9400000000000001 0.38375000000000004 0.9475 0.36187500000000006 0.9491666666666667 0.348125 0.945 0.34375 0.9516666666666665 0.3375 0.9483333333333333 0.33625000000000005 0.9416666666666667 0.338125 0.9358333333333333 0.335 0.9316666666666666 0.33125 0.9341666666666667 0.32375000000000004 0.9341666666666667 0.321875 0.9316666666666666 0.3225 0.9199999999999999 0.32 0.9183333333333333 0.31875 0.9216666666666666 0.32062500000000005 0.9283333333333333 0.31812500000000005 0.9391666666666666 0.3225 0.9483333333333333 0.32 0.9491666666666667 0.32062500000000005 0.9583333333333334 0.31812500000000005 0.9608333333333332 0.27625 0.9574999999999999 0.27625 0.9525 0.27125000000000005 0.95 0.26875 0.9383333333333332 0.265 0.9333333333333333 0.24312500000000004 0.9316666666666666 0.2375 0.9266666666666665 0.21750000000000003 0.93 0.21437500000000004 0.9483333333333333 0.213125 0.9875 0.215 0.9941666666666666
0 0.386875 0.9358333333333333 0.39125 0.9366666666666668 0.3975 0.9316666666666666 0.39625000000000005 0.9283333333333333 0.39875000000000005 0.9216666666666666 0.39125 0.9183333333333333 0.39312500000000006 0.9108333333333333 0.390625 0.9041666666666666 0.388125 0.9075 0.3875 0.9175000000000001 0.384375 0.9191666666666667 0.38312500000000005 0.925 0.386875 0.9358333333333333