0 0.7938144329896908 0.365625 0.8247422680412372 0.36640625 0.8419243986254296 0.37421875 0.8470790378006873 0.371875 0.8487972508591065 0.3734375 0.8539518900343642 0.365625 0.8608247422680414 0.36796875 0.8831615120274915 0.36640625 0.8986254295532646 0.32421875 0.8934707903780069 0.31953125 0.8745704467353953 0.31640625 0.809278350515464 0.315625 0.8006872852233677 0.31796875 0.7903780068728523 0.33046875 0.7869415807560138 0.35390625 0.7938144329896908 0.365625
0 0.5171821305841925 0.48515625 0.5584192439862543 0.48359375 0.5584192439862543 0.46171875 0.563573883161512 0.45703125 0.5601374570446735 0.42265625 0.5532646048109966 0.4234375 0.5292096219931273 0.4171875 0.513745704467354 0.41796875 0.5068728522336771 0.41484375 0.4776632302405499 0.41953125 0.4725085910652921 0.41484375 0.4604810996563574 0.4171875 0.4587628865979382 0.4296875 0.4484536082474227 0.428125 0.43642611683848803 0.434375 0.4175257731958763 0.4328125 0.41408934707903783 0.4296875 0.4037800687285224 0.43359375 0.372852233676976 0.43359375 0.37457044673539525 0.48203125 0.5171821305841925 0.48515625
0 0.47079037800687284 0.4515625 0.4690721649484536 0.45625 0.47594501718213056 0.459375 0.48797250859106533 0.45546875 0.5085910652920963 0.4546875 0.5481099656357389 0.45703125 0.5687285223367697 0.45 0.5601374570446735 0.43359375 0.4742268041237113 0.43203125 0.4639175257731959 0.4359375 0.46219931271477666 0.45 0.47079037800687284 0.4515625
0 0.47079037800687284 0.48515625 0.5532646048109966 0.48671875 0.5652920962199313 0.48359375 0.5618556701030928 0.4703125 0.5532646048109966 0.46953125 0.527491408934708 0.4578125 0.4776632302405499 0.46328125 0.46563573883161513 0.47109375 0.4604810996563574 0.48203125 0.47079037800687284 0.48515625
0 0.20103092783505155 0.4203125 0.19931271477663232 0.425 0.20962199312714777 0.4578125 0.23195876288659795 0.44609375 0.26460481099656363 0.45078125 0.2714776632302406 0.434375 0.29037800687285226 0.428125 0.288659793814433 0.4203125 0.26632302405498287 0.4203125 0.2577319587628866 0.4171875 0.23883161512027495 0.4203125 0.22852233676975947 0.41484375 0.2216494845360825 0.41796875 0.211340206185567 0.41796875 0.20274914089347082 0.41484375 0.20790378006872853 0.41875 0.20103092783505155 0.4203125
0 0.21993127147766325 0.4015625 0.2405498281786942 0.39609375 0.26632302405498287 0.39921875 0.27491408934707906 0.39375 0.2869415807560137 0.39140625 0.28350515463917525 0.35234375 0.2577319587628866 0.353125 0.2508591065292097 0.35 0.2525773195876289 0.3453125 0.24742268041237114 0.34765625 0.23539518900343642 0.34296875 0.20103092783505155 0.346875 0.20274914089347082 0.3953125 0.21993127147766325 0.4015625
0 0.19931271477663232 0.42734375 0.2061855670103093 0.4375 0.20790378006872853 0.47265625 0.20962199312714777 0.475 0.2628865979381444 0.47578125 0.26975945017182135 0.4734375 0.2680412371134021 0.4359375 0.29037800687285226 0.4265625 0.2852233676975945 0.3828125 0.281786941580756 0.38125 0.2611683848797251 0.3859375 0.20274914089347082 0.3859375 0.2061855670103093 0.390625 0.19931271477663232 0.42734375
0 0.2015625 0.3765625 0.0015625 0.0015625
0 0.6443298969072165 0.3109375 0.6357388316151203 0.30859375 0.6323024054982819 0.31171875 0.6443298969072165 0.3109375
0 0.5807560137457045 0.3546875 0.584192439862543 0.35546875 0.5945017182130584 0.3484375 0.6151202749140894 0.3515625 0.6219931271477663 0.35546875 0.6563573883161513 0.35078125 0.6735395189003437 0.35234375 0.6752577319587629 0.3390625 0.6838487972508591 0.33203125 0.6735395189003437 0.31015625 0.6632302405498283 0.3109375 0.6546391752577321 0.31640625 0.6357388316151203 0.315625 0.6219931271477663 0.30859375 0.5945017182130584 0.31171875 0.584192439862543 0.31015625 0.5807560137457045 0.31328125 0.5738831615120275 0.33046875 0.5807560137457045 0.3546875
0 0.3762886597938145 0.48359375 0.4604810996563574 0.48359375 0.46219931271477666 0.45546875 0.4518900343642612 0.43671875 0.4398625429553265 0.4390625 0.4312714776632303 0.4359375 0.38487972508591073 0.43828125 0.372852233676976 0.4421875 0.3711340206185567 0.45 0.3694158075601375 0.4734375 0.3762886597938145 0.48359375
0 0.6546391752577321 0.484375 0.661512027491409 0.47578125 0.6597938144329898 0.46328125 0.6666666666666667 0.44375 0.661512027491409 0.38671875 0.6374570446735396 0.3875 0.6305841924398626 0.38984375 0.6185567010309279 0.3875 0.6099656357388317 0.38984375 0.584192439862543 0.38828125 0.577319587628866 0.390625 0.5687285223367697 0.4359375 0.570446735395189 0.484375 0.6546391752577321 0.484375
0 0.8178694158075602 0.4703125 0.8144329896907218 0.46875 0.8127147766323025 0.47109375 0.8178694158075602 0.4703125
0 0.7646048109965636 0.46875 0.7663230240549829 0.465625 0.7646048109965636 0.46328125 0.7646048109965636 0.46875
0 0.7920962199312716 0.484375 0.7972508591065293 0.48671875 0.8316151202749141 0.4875 0.8402061855670103 0.484375 0.8436426116838488 0.4875 0.852233676975945 0.4875 0.8591065292096222 0.48125 0.8539518900343642 0.46328125 0.8487972508591065 0.4625 0.8487972508591065 0.46796875 0.8367697594501718 0.46796875 0.8281786941580757 0.4640625 0.8213058419243987 0.47890625 0.8144329896907218 0.47578125 0.8058419243986255 0.47890625 0.7938144329896908 0.4765625 0.7852233676975946 0.48046875 0.7783505154639176 0.4765625 0.7731958762886599 0.48359375 0.7920962199312716 0.484375
0 0.6804123711340206 0.42578125 0.6821305841924399 0.42109375 0.6769759450171822 0.42109375 0.6752577319587629 0.42578125 0.6804123711340206 0.42578125
0 0.6975945017182131 0.4046875 0.7027491408934708 0.40703125 0.6975945017182131 0.41015625 0.7010309278350516 0.415625 0.7199312714776632 0.4140625 0.7199312714776632 0.41796875 0.7268041237113403 0.41640625 0.7302405498281788 0.41484375 0.725085910652921 0.41328125 0.731958762886598 0.4109375 0.7285223367697595 0.40390625 0.7439862542955327 0.403125 0.7422680412371134 0.41796875 0.7577319587628867 0.41796875 0.7577319587628867 0.4109375 0.7491408934707905 0.41015625 0.7474226804123713 0.40546875 0.7611683848797252 0.40546875 0.7542955326460482 0.40390625 0.7542955326460482 0.40078125 0.7611683848797252 0.4 0.7422680412371134 0.4 0.7371134020618557 0.40234375 0.725085910652921 0.4 0.7268041237113403 0.40625 0.7216494845360826 0.40859375 0.7130584192439863 0.40546875 0.7130584192439863 0.40078125 0.7096219931271478 0.4078125 0.6975945017182131 0.4046875
0 0.7671875 0.3796875 0.0015625 0.00234375
0 0.6941580756013745 0.35859375 0.6872852233676976 0.3609375 0.6838487972508591 0.36875 0.6821305841924399 0.38671875 0.6907216494845361 0.390625 0.6821305841924399 0.39114609375 0.6855670103092784 0.39765625 0.6786941580756014 0.40234375 0.6786941580756014 0.41015625 0.6855670103092784 0.409375 0.6890034364261168 0.4046875 0.6838487972508591 0.4015625 0.6924398625429553 0.3890625 0.7079037800687286 0.38828125 0.7199312714776632 0.39140625 0.7302405498281788 0.38828125 0.7336769759450172 0.3921875 0.7371134020618557 0.390625 0.7611683848797252 0.39296875 0.7697594501718215 0.38828125 0.7749140893470792 0.3953125 0.7680412371134021 0.44375 0.7835051546391754 0.44140625 0.7920962199312716 0.446875 0.8058419243986255 0.446875 0.816151202749141 0.44296875 0.8402061855670103 0.43984375 0.8625429553264606 0.43984375 0.8694158075601376 0.43359375 0.8762886597938145 0.3828125 0.8969072164948454 0.32734375 0.8951890034364262 0.32109375 0.8659793814432991 0.31640625 0.809278350515464 0.3171875 0.7783505154639176 0.3125 0.7405498281786942 0.31484375 0.7199312714776632 0.31171875 0.6924398625429553 0.31328125 0.6890034364261168 0.34375 0.6838487972508591 0.34765625 0.6855670103092784 0.35390625 0.6941580756013745 0.35859375
0 0.852233676975945 0.484375 0.8556701030927837 0.4828125 0.852233676975945 0.48203125 0.852233676975945 0.484375
0 0.8487972508591065 0.47578125 0.8436426116838488 0.47734375 0.852233676975945 0.4796875 0.8539518900343642 0.46875 0.852233676975945 0.4671875 0.8436426116838488 0.46953125 0.8487972508591065 0.47109375 0.8487972508591065 0.47578125
0 0.7697594501718215 0.44296875 0.7817869415807561 0.4515625 0.7886597938144331 0.45390625 0.8075601374570448 0.453125 0.816151202749141 0.4484375 0.8333333333333334 0.45390625 0.8419243986254296 0.446875 0.8505154639175257 0.44921875 0.8505154639175257 0.45234375 0.8556701030927837 0.44765625 0.8659793814432991 0.4484375 0.8780068728522338 0.40625 0.8762886597938145 0.3828125 0.8608247422680414 0.3859375 0.8264604810996564 0.384375 0.8195876288659795 0.38046875 0.8041237113402062 0.384375 0.79553264604811 0.38359375 0.7852233676975946 0.38671875 0.7869415807560138 0.38984375 0.7749140893470792 0.40390625 0.7749140893470792 0.43359375 0.7697594501718215 0.44296875
0 0.577319587628866 0.41953125 0.6185567010309279 0.4171875 0.6288659793814434 0.41953125 0.6529209621993128 0.41953125 0.661512027491409 0.425 0.6666666666666667 0.39609375 0.6735395189003437 0.38828125 0.6752577319587629 0.34765625 0.6701030927835052 0.3453125 0.6546391752577321 0.34765625 0.6065292096219932 0.346875 0.5876288659793815 0.3453125 0.584192439862543 0.34296875 0.5756013745704468 0.346875 0.5738831615120275 0.3546875 0.570446735395189 0.38671875 0.577319587628866 0.41953125
0 0.20274914089347082 0.39609375 0.21305841924398625 0.40078125 0.2216494845360825 0.40234375 0.23883161512027495 0.3953125 0.24742268041237114 0.39921875 0.26460481099656363 0.40078125 0.27491408934707906 0.39453125 0.2869415807560137 0.3921875 0.2869415807560137 0.365625 0.281786941580756 0.35546875 0.23883161512027495 0.3546875 0.20103092783505155 0.3578125 0.19931271477663232 0.3859375 0.20274914089347082 0.39609375
0 0.4776632302405499 0.43203125 0.5618556701030928 0.43203125 0.570446735395189 0.41484375 0.563573883161512 0.39765625 0.5652920962199313 0.38671875 0.5601374570446735 0.38515625 0.563573883161512 0.3828125 0.5395189003436427 0.38671875 0.5240549828178694 0.3828125 0.47938144329896915 0.38125 0.4742268041237113 0.38359375 0.4725085910652921 0.39609375 0.46735395189003437 0.4 0.46563573883161513 0.425 0.4776632302405499 0.43203125
0 0.47594501718213056 0.40234375 0.5017182130584193 0.40078125 0.49312714776632305 0.39453125 0.49828178694158076 0.3890625 0.527491408934708 0.390625 0.5326460481099657 0.3859375 0.5463917525773196 0.390625 0.5429553264604812 0.39921875 0.5360824742268042 0.40078125 0.5567010309278351 0.4015625 0.5446735395189004 0.39765625 0.5532646048109966 0.3921875 0.563573883161512 0.3921875 0.5670103092783505 0.3875 0.5721649484536082 0.3328125 0.5687285223367697 0.3109375 0.5532646048109966 0.30859375 0.5223367697594502 0.3109375 0.4828178694158076 0.31015625 0.4742268041237113 0.3140625 0.47079037800687284 0.32734375 0.4690721649484536 0.371875 0.47594501718213056 0.40234375
0 0.6821305841924399 0.3765625 0.6701030927835052 0.40390625 0.6718213058419245 0.421875 0.6666666666666667 0.4375 0.6718213058419245 0.45 0.6666666666666667 0.484375 0.6769759450171822 0.4875 0.752577319587629 0.4875 0.7594501718213059 0.48203125 0.7628865979381444 0.4484375 0.7714776632302407 0.43203125 0.7731958762886599 0.39765625 0.7800687285223369 0.3875 0.7835051546391754 0.31796875 0.7594501718213059 0.31796875 0.7508591065292097 0.3140625 0.7336769759450172 0.3125 0.7010309278350516 0.31640625 0.6958762886597938 0.31953125 0.6975945017182131 0.32421875 0.6855670103092784 0.3296875 0.6769759450171822 0.3484375 0.6821305841924399 0.35703125 0.6821305841924399 0.3765625
0 0.4725085910652921 0.36171875 0.4810996563573884 0.359375 0.4742268041237113 0.35625 0.4776632302405499 0.359375 0.4725085910652921 0.36171875
0 0.47938144329896915 0.3515625 0.4742268041237113 0.353125 0.4810996563573884 0.35234375 0.4828178694158076 0.35703125 0.4914089347079038 0.353125 0.4965635738831615 0.35546875 0.4948453608247423 0.3625 0.5326460481099657 0.36484375 0.563573883161512 0.36171875 0.570446735395189 0.32734375 0.4965635738831615 0.32890625 0.4742268041237113 0.3265625 0.47079037800687284 0.32890625 0.4690721649484536 0.3453125 0.47938144329896915 0.3515625
0 0.802405498281787 0.3328125 0.7972508591065293 0.3359375 0.8127147766323025 0.33125 0.8178694158075602 0.33515625 0.845360824742268 0.334375 0.8539518900343642 0.33828125 0.8642611683848799 0.33515625 0.8780068728522338 0.33671875 0.8951890034364262 0.334375 0.8951890034364262 0.31640625 0.8041237113402062 0.31328125 0.7972508591065293 0.3171875 0.79553264604811 0.33072890625 0.802405498281787 0.3328125
0 0.6786941580756014 0.4875 0.7542955326460482 0.48671875 0.7594501718213059 0.4796875 0.7628865979381444 0.44921875 0.7697594501718215 0.4390625 0.7680412371134021 0.42109375 0.7199312714776632 0.41953125 0.711340206185567 0.41640625 0.6838487972508591 0.4171875 0.6752577319587629 0.41953125 0.6666666666666667 0.4296875 0.6666666666666667 0.48515625 0.6786941580756014 0.4875
0 0.46563573883161513 0.4078125 0.4725085910652921 0.42578125 0.49312714776632305 0.42578125 0.5 0.4296875 0.5068728522336771 0.42734375 0.5120274914089348 0.43125 0.5240549828178694 0.4265625 0.5292096219931273 0.43125 0.534364261168385 0.425 0.563573883161512 0.4234375 0.5687285223367697 0.41484375 0.5687285223367697 0.36953125 0.5601374570446735 0.3546875 0.563573883161512 0.346875 0.5429553264604812 0.35546875 0.5154639175257733 0.3484375 0.47594501718213056 0.3484375 0.47079037800687284 0.36484375 0.47079037800687284 0.39453125 0.46563573883161513 0.4078125
0 0.8591065292096222 0.4875 0.8625429553264606 0.47526015624999995 0.8539518900343642 0.471875 0.8625429553264606 0.47083359375 0.8625429553264606 0.46640625 0.8487972508591065 0.47109375 0.845360824742268 0.46796875 0.8264604810996564 0.46484375 0.8213058419243987 0.47109375 0.7989690721649485 0.4703125 0.7886597938144331 0.47265625 0.7731958762886599 0.4703125 0.7680412371134021 0.4734375 0.7697594501718215 0.48828125 0.8591065292096222 0.4875
0 0.570446735395189 0.4859375 0.6563573883161513 0.4875 0.661512027491409 0.484375 0.6580756013745706 0.47109375 0.6460481099656358 0.471875 0.6185567010309279 0.46796875 0.6116838487972509 0.46484375 0.604810996563574 0.46796875 0.584192439862543 0.4703125 0.5738831615120275 0.4671875 0.5670103092783505 0.4703125 0.5652920962199313 0.48359375 0.570446735395189 0.4859375
0 0.7800687285223369 0.4484375 0.7800687285223369 0.45703125 0.7714776632302407 0.4609375 0.7663230240549829 0.47109375 0.7714776632302407 0.48671875 0.8573883161512029 0.4875 0.8625429553264606 0.45859375 0.8419243986254296 0.45703125 0.8264604810996564 0.45 0.8316151202749141 0.446875 0.8642611683848799 0.4453125 0.8694158075601376 0.44296875 0.8762886597938145 0.3921875 0.8969072164948454 0.32734375 0.8900343642611684 0.31953125 0.8762886597938145 0.3171875 0.8041237113402062 0.31796875 0.7886597938144331 0.346875 0.7852233676975946 0.3828125 0.7731958762886599 0.4203125 0.7714776632302407 0.44453125 0.7800687285223369 0.4484375
0 0.6375 0.3375 0.00703125 0.00078125
0 0.577319587628866 0.365625 0.5807560137457045 0.36328125 0.5876288659793815 0.3671875 0.6065292096219932 0.36328125 0.6357388316151203 0.3640625 0.6443298969072165 0.36640625 0.6701030927835052 0.36484375 0.6735395189003437 0.35546875 0.6804123711340206 0.35234375 0.6649484536082475 0.3359375 0.6563573883161513 0.33828125 0.661512027491409 0.34296875 0.6134020618556701 0.34609375 0.5979381443298969 0.34140625 0.5945017182130584 0.33515625 0.5876288659793815 0.33515625 0.584192439862543 0.33125 0.5738831615120275 0.34453125 0.5756013745704468 0.3640625 0.577319587628866 0.365625
0 0.21477663230240554 0.42109375 0.22336769759450173 0.42265625 0.2302405498281787 0.41796875 0.23367697594501718 0.42109375 0.2457044673539519 0.42109375 0.2457044673539519 0.425 0.23367697594501718 0.428125 0.23711340206185566 0.42890625 0.27835051546391754 0.428125 0.26975945017182135 0.425 0.27491408934707906 0.4203125 0.2869415807560137 0.41796875 0.29037800687285226 0.40390625 0.28350515463917525 0.38671875 0.27491408934707906 0.38671875 0.2731958762886598 0.390625 0.26632302405498287 0.3921875 0.2577319587628866 0.3890625 0.24398625429553267 0.39140625 0.22680412371134023 0.38671875 0.21821305841924402 0.39375 0.20446735395189006 0.39296875 0.20274914089347082 0.3953125 0.20274914089347082 0.42421875 0.21477663230240554 0.42109375
0 0.3041237113402062 0.43125 0.3625429553264605 0.43203125 0.36769759450171824 0.396875 0.3625429553264605 0.32109375 0.34536082474226804 0.3171875 0.31615120274914094 0.3171875 0.302405498281787 0.31953125 0.2920962199312715 0.32578125 0.29553264604810997 0.428125 0.3041237113402062 0.43125
0 0.2680412371134021 0.47421875 0.26975945017182135 0.434375 0.2525773195876289 0.43203125 0.2405498281786942 0.4359375 0.22852233676975947 0.4328125 0.21821305841924402 0.4390625 0.20790378006872853 0.440625 0.20962199312714777 0.4734375 0.2680412371134021 0.47421875
0 0.3814432989690722 0.484375 0.4553264604810997 0.48515625 0.46219931271477666 0.42265625 0.4587628865979382 0.41015625 0.46735395189003437 0.39296875 0.46219931271477666 0.3765625 0.46735395189003437 0.33515625 0.4639175257731959 0.3125 0.4484536082474227 0.309375 0.40034364261168387 0.309375 0.3762886597938145 0.3109375 0.3694158075601375 0.3140625 0.3711340206185567 0.48125 0.3814432989690722 0.484375
0 0.20962199312714777 0.44140625 0.21993127147766325 0.440625 0.23367697594501718 0.43515625 0.24398625429553267 0.43671875 0.2560137457044674 0.43359375 0.2611683848797251 0.43671875 0.29037800687285226 0.428125 0.2852233676975945 0.39296875 0.27491408934707906 0.39296875 0.26632302405498287 0.39765625 0.2508591065292097 0.39765625 0.24398625429553267 0.4 0.22852233676975947 0.396875 0.21649484536082478 0.39921875 0.2061855670103093 0.39375 0.20103092783505155 0.40703125 0.19931271477663232 0.4265625 0.20962199312714777 0.44140625
0 0.7869415807560138 0.45625 0.7680412371134021 0.471875 0.7714776632302407 0.484375 0.79553264604811 0.4875 0.8556701030927837 0.4875 0.8625429553264606 0.4671875 0.8556701030927837 0.4640625 0.8625429553264606 0.46171875 0.852233676975945 0.459375 0.8470790378006873 0.4609375 0.8350515463917526 0.45546875 0.8436426116838488 0.44765625 0.8573883161512029 0.44765625 0.8642611683848799 0.45078125 0.8711340206185568 0.44140625 0.8745704467353953 0.4015625 0.8659793814432991 0.3984375 0.8728522336769761 0.39375 0.8694158075601376 0.39140625 0.8625429553264606 0.38984375 0.8436426116838488 0.3921875 0.8350515463917526 0.3859375 0.8213058419243987 0.3859375 0.816151202749141 0.38359375 0.809278350515464 0.38671875 0.8127147766323025 0.390625 0.8075601374570448 0.39296875 0.7989690721649485 0.39453125 0.79553264604811 0.39140625 0.7886597938144331 0.39375 0.7766323024054984 0.4046875 0.7783505154639176 0.415625 0.7731958762886599 0.4203125 0.7697594501718215 0.44140625 0.7783505154639176 0.45234375 0.7869415807560138 0.45625
0 0.6632302405498283 0.45 0.6718213058419245 0.4625 0.7233676975945018 0.459375 0.7405498281786942 0.46484375 0.7474226804123713 0.46171875 0.7577319587628867 0.4625 0.7628865979381444 0.459375 0.7594501718213059 0.45625 0.7697594501718215 0.44921875 0.7628865979381444 0.446875 0.7680412371134021 0.440625 0.7474226804123713 0.44296875 0.731958762886598 0.4421875 0.7147766323024055 0.4375 0.668384879725086 0.43828125 0.6718213058419245 0.4421875 0.6632302405498283 0.45
0 0.46735395189003437 0.42578125 0.47594501718213056 0.4359375 0.4862542955326461 0.4390625 0.4828178694158076 0.44453125 0.47594501718213056 0.44375 0.47938144329896915 0.4453125 0.4742268041237113 0.45390625 0.47594501718213056 0.46328125 0.47079037800687284 0.4671875 0.47079037800687284 0.48359375 0.5532646048109966 0.484375 0.5584192439862543 0.475 0.5549828178694158 0.465625 0.5481099656357389 0.46171875 0.5567010309278351 0.453125 0.5481099656357389 0.44921875 0.5618556701030928 0.4421875 0.5687285223367697 0.415625 0.570446735395189 0.309375 0.5532646048109966 0.30703125 0.4948453608247423 0.30859375 0.47594501718213056 0.31171875 0.4690721649484536 0.36328125 0.4725085910652921 0.3765625 0.46735395189003437 0.42578125
0 0.7285223367697595 0.3296875 0.7371134020618557 0.3359375 0.7542955326460482 0.3359375 0.7628865979381444 0.33203125 0.7663230240549829 0.334375 0.7817869415807561 0.32734375 0.7903780068728523 0.32734375 0.7972508591065293 0.32265625 0.79553264604811 0.31171875 0.7783505154639176 0.3078125 0.7577319587628867 0.3109375 0.7371134020618557 0.30859375 0.6924398625429553 0.30859375 0.6872852233676976 0.3109375 0.6872852233676976 0.32890625 0.7285223367697595 0.3296875
0 0.5738831615120275 0.4625 0.584192439862543 0.4640625 0.6013745704467355 0.4578125 0.6271477663230242 0.45703125 0.6408934707903781 0.45859375 0.6580756013745706 0.46640625 0.668384879725086 0.44921875 0.661512027491409 0.434375 0.6374570446735396 0.4390625 0.6151202749140894 0.43671875 0.584192439862543 0.4375 0.5738831615120275 0.43046875 0.5687285223367697 0.43671875 0.5670103092783505 0.44921875 0.5738831615120275 0.4625
0 0.20962199312714777 0.36328125 0.20962199312714777 0.3671875 0.21649484536082478 0.3640625 0.21993127147766325 0.3671875 0.22336769759450173 0.36640625 0.21821305841924402 0.3609375 0.24226804123711343 0.36015625 0.2577319587628866 0.36875 0.26632302405498287 0.365625 0.2611683848797251 0.36328125 0.26632302405498287 0.359375 0.2852233676975945 0.359375 0.2852233676975945 0.340625 0.27835051546391754 0.33046875 0.26460481099656363 0.3328125 0.2611683848797251 0.3296875 0.25429553264604815 0.3328125 0.24742268041237114 0.33046875 0.21305841924398625 0.3296875 0.20103092783505155 0.334375 0.19931271477663232 0.36015625 0.20962199312714777 0.36328125
0 0.26953125 0.328125 0.003125 0.00234375
0 0.3780068728522337 0.38828125 0.372852233676976 0.38671875 0.3762886597938145 0.38828125 0.3694158075601375 0.40234375 0.372852233676976 0.48125 0.39862542955326463 0.484375 0.45704467353951894 0.484375 0.4553264604810997 0.46328125 0.4604810996563574 0.45703125 0.4604810996563574 0.4265625 0.46563573883161513 0.41875 0.4604810996563574 0.41484375 0.4639175257731959 0.38203125 0.45360824742268047 0.38046875 0.422680412371134 0.3828125 0.41580756013745707 0.3796875 0.40034364261168387 0.3828125 0.372852233676976 0.38203125 0.3814432989690722 0.384375 0.3780068728522337 0.38828125
0 0.372852233676976 0.3984375 0.3934707903780069 0.396875 0.38487972508591073 0.39453125 0.3917525773195877 0.3890625 0.41408934707903783 0.38984375 0.422680412371134 0.38515625 0.43642611683848803 0.3828125 0.45360824742268047 0.38828125 0.4587628865979382 0.38671875 0.4553264604810997 0.3828125 0.4639175257731959 0.3796875 0.4639175257731959 0.32578125 0.3694158075601375 0.32734375 0.36769759450171824 0.36484375 0.372852233676976 0.3984375
0 0.43814432989690727 0.31796875 0.42783505154639184 0.31640625 0.42783505154639184 0.3203125 0.43814432989690727 0.31796875
0 0.302405498281787 0.43125 0.36426116838487976 0.43203125 0.36769759450171824 0.4015625 0.3625429553264605 0.3859375 0.3264604810996564 0.3828125 0.3195876288659794 0.38515625 0.302405498281787 0.38515625 0.29553264604810997 0.3828125 0.29553264604810997 0.42890625 0.302405498281787 0.43125
0 0.668384879725086 0.4875 0.7560137457044674 0.48828125 0.7628865979381444 0.48515625 0.7577319587628867 0.471875 0.7474226804123713 0.47421875 0.7285223367697595 0.46796875 0.6769759450171822 0.46875 0.6666666666666667 0.4734375 0.6632302405498283 0.48515625 0.668384879725086 0.4875
0 0.29896907216494845 0.353125 0.31271477663230246 0.35234375 0.33333333333333337 0.35625 0.34879725085910657 0.35546875 0.36426116838487976 0.35078125 0.365979381443299 0.3265625 0.359106529209622 0.31796875 0.31615120274914094 0.3171875 0.2920962199312715 0.3234375 0.2920962199312715 0.35703125 0.29896907216494845 0.353125
0 0.37972508591065296 0.43671875 0.3934707903780069 0.43359375 0.4553264604810997 0.434375 0.4639175257731959 0.42109375 0.46735395189003437 0.39375 0.46219931271477666 0.3828125 0.3934707903780069 0.38359375 0.3711340206185567 0.39140625 0.372852233676976 0.43515625 0.37972508591065296 0.43671875
0 0.2061855670103093 0.36328125 0.20962199312714777 0.36796875 0.22336769759450173 0.36640625 0.21649484536082478 0.36171875 0.22336769759450173 0.36015625 0.24226804123711343 0.36015625 0.25429553264604815 0.36796875 0.2611683848797251 0.36796875 0.26460481099656363 0.36015625 0.2852233676975945 0.359375 0.2852233676975945 0.33828125 0.2800687285223368 0.32890625 0.2714776632302406 0.32421875 0.2611683848797251 0.325 0.2560137457044674 0.32890625 0.20962199312714777 0.328125 0.20103092783505155 0.33125 0.19931271477663232 0.36328125 0.2061855670103093 0.36328125
0 0.9982817869415808 0.43671875 0.9982817869415808 0.4203125 0.9776632302405499 0.42109375 0.9725085910652922 0.4234375 0.9656357388316152 0.421875 0.9621993127147768 0.42890625 0.963917525773196 0.4375 0.9982817869415808 0.43671875
0 0.7628865979381444 0.4734375 0.7697594501718215 0.4859375 0.8573883161512029 0.4875 0.8711340206185568 0.4421875 0.8694158075601376 0.42109375 0.7800687285223369 0.41953125 0.7749140893470792 0.42109375 0.7766323024054984 0.4328125 0.7680412371134021 0.4421875 0.7680412371134021 0.46328125 0.7628865979381444 0.4734375
0 0.27835051546391754 0.48203125 0.3539518900343643 0.48359375 0.365979381443299 0.48046875 0.365979381443299 0.4515625 0.359106529209622 0.44140625 0.30927835051546393 0.440625 0.2731958762886598 0.44296875 0.2714776632302406 0.465625 0.27835051546391754 0.48203125
0 0.7663230240549829 0.47421875 0.7766323024054984 0.4859375 0.8556701030927837 0.48671875 0.8711340206185568 0.44375 0.8711340206185568 0.421875 0.8780068728522338 0.4046875 0.8745704467353953 0.38671875 0.8436426116838488 0.38828125 0.8127147766323025 0.384375 0.7972508591065293 0.38671875 0.7852233676975946 0.39296875 0.7766323024054984 0.40390625 0.7817869415807561 0.425 0.7680412371134021 0.44921875 0.7714776632302407 0.46640625 0.7663230240549829 0.47421875
0 0.6993127147766324 0.34375 0.731958762886598 0.3484375 0.7800687285223369 0.35 0.7938144329896908 0.33125 0.7920962199312716 0.31875 0.7749140893470792 0.31640625 0.7594501718213059 0.31875 0.7405498281786942 0.31328125 0.7199312714776632 0.3140625 0.7130584192439863 0.3171875 0.6941580756013745 0.3140625 0.6821305841924399 0.33046875 0.6804123711340206 0.3453125 0.6993127147766324 0.34375
0 0.8006872852233677 0.4546875 0.8281786941580757 0.4546875 0.8384879725085911 0.45859375 0.8625429553264606 0.4609375 0.8728522336769761 0.4390625 0.8659793814432991 0.4375 0.8384879725085911 0.440625 0.816151202749141 0.4390625 0.809278350515464 0.44140625 0.7869415807560138 0.44140625 0.7731958762886599 0.43828125 0.7680412371134021 0.4421875 0.7697594501718215 0.46171875 0.8006872852233677 0.4546875
0 0.7783505154639176 0.453125 0.7714776632302407 0.453125 0.7714776632302407 0.46640625 0.7663230240549829 0.47109375 0.7714776632302407 0.48359375 0.809278350515464 0.4875 0.8556701030927837 0.4875 0.8625429553264606 0.4609375 0.8367697594501718 0.45703125 0.8367697594501718 0.453125 0.8281786941580757 0.44921875 0.8505154639175257 0.44453125 0.8591065292096222 0.446875 0.8694158075601376 0.44453125 0.8694158075601376 0.41875 0.8642611683848799 0.4171875 0.8591065292096222 0.41953125 0.8058419243986255 0.41953125 0.7817869415807561 0.4171875 0.7731958762886599 0.421875 0.7749140893470792 0.4296875 0.7680412371134021 0.4421875 0.7817869415807561 0.44921875 0.7783505154639176 0.453125
0 0.47079037800687284 0.46328125 0.46563573883161513 0.465625 0.46735395189003437 0.48359375 0.5292096219931273 0.4859375 0.5618556701030928 0.484375 0.5670103092783505 0.4640625 0.5618556701030928 0.43359375 0.47594501718213056 0.4328125 0.46563573883161513 0.4375 0.4639175257731959 0.45703125 0.47079037800687284 0.46328125
0 0.563573883161512 0.47421875 0.570446735395189 0.48515625 0.6494845360824744 0.48671875 0.661512027491409 0.48359375 0.6649484536082475 0.45546875 0.6597938144329898 0.43828125 0.6357388316151203 0.44453125 0.6254295532646049 0.440625 0.584192439862543 0.4421875 0.5756013745704468 0.43984375 0.5738831615120275 0.434375 0.570446735395189 0.4390625 0.5756013745704468 0.4421875 0.5652920962199313 0.45546875 0.5687285223367697 0.46015625 0.563573883161512 0.47421875
0 0.26632302405498287 0.47578125 0.26975945017182135 0.45234375 0.2628865979381444 0.43671875 0.23195876288659795 0.4359375 0.22336769759450173 0.44296875 0.20790378006872853 0.44140625 0.20962199312714777 0.47578125 0.26632302405498287 0.47578125
0 0.29037800687285226 0.35390625 0.29553264604810997 0.3546875 0.2920962199312715 0.35703125 0.29896907216494845 0.353125 0.31271477663230246 0.35234375 0.3298969072164949 0.35546875 0.34879725085910657 0.35546875 0.36426116838487976 0.35078125 0.365979381443299 0.3265625 0.359106529209622 0.31796875 0.31615120274914094 0.3171875 0.29553264604810997 0.32109375 0.29037800687285226 0.325 0.288659793814433 0.3484375 0.29037800687285226 0.35390625
0 0.4037800687285224 0.3828125 0.41065292096219935 0.3796875 0.4261168384879725 0.38046875 0.4295532646048111 0.378125 0.43298969072164956 0.38046875 0.43814432989690727 0.371875 0.4450171821305842 0.38046875 0.4553264604810997 0.378125 0.46563573883161513 0.3625 0.46563573883161513 0.34609375 0.4604810996563574 0.34296875 0.4312714776632303 0.34375 0.42439862542955326 0.33828125 0.4123711340206186 0.33671875 0.40549828178694164 0.3421875 0.3694158075601375 0.346875 0.372852233676976 0.38359375 0.4037800687285224 0.3828125
0 0.525 0.33828125 0.0015625 0.0015625
0 0.4742268041237113 0.34296875 0.4690721649484536 0.3546875 0.4742268041237113 0.3875 0.5017182130584193 0.38671875 0.513745704467354 0.3828125 0.520618556701031 0.38515625 0.5326460481099657 0.38359375 0.5601374570446735 0.3859375 0.563573883161512 0.390625 0.563573883161512 0.3765625 0.5687285223367697 0.37109375 0.5670103092783505 0.3359375 0.5549828178694158 0.334375 0.5515463917525774 0.34140625 0.5429553264604812 0.3453125 0.49828178694158076 0.3453125 0.4896907216494846 0.34296875 0.4914089347079038 0.3359375 0.4862542955326461 0.3328125 0.47594501718213056 0.33671875 0.4810996563573884 0.33984375 0.4742268041237113 0.34296875
0 0.2061855670103093 0.4375 0.20962199312714777 0.47421875 0.26632302405498287 0.475 0.2680412371134021 0.43515625 0.29037800687285226 0.4265625 0.2852233676975945 0.38515625 0.22508591065292097 0.38515625 0.211340206185567 0.38671875 0.2061855670103093 0.39140625 0.20274914089347082 0.38984375 0.19931271477663232 0.42734375 0.2061855670103093 0.4375
0 0.372852233676976 0.43984375 0.40034364261168387 0.43515625 0.45017182130584193 0.43515625 0.4553264604810997 0.43828125 0.46563573883161513 0.41796875 0.4604810996563574 0.41484375 0.4639175257731959 0.4 0.4587628865979382 0.3828125 0.4518900343642612 0.3859375 0.41065292096219935 0.3828125 0.4123711340206186 0.38671875 0.39003436426116844 0.390625 0.39003436426116844 0.39609375 0.38487972508591073 0.3984375 0.372852233676976 0.3984375 0.3694158075601375 0.4015625 0.36769759450171824 0.425 0.372852233676976 0.43984375
0 0.21305841924398625 0.371875 0.21993127147766325 0.37734375 0.2302405498281787 0.3703125 0.2628865979381444 0.371875 0.26632302405498287 0.3765625 0.2680412371134021 0.371875 0.2852233676975945 0.36640625 0.2852233676975945 0.3375 0.27835051546391754 0.32578125 0.2714776632302406 0.321875 0.24914089347079038 0.31953125 0.20274914089347082 0.3203125 0.19759450171821308 0.32265625 0.20103092783505155 0.371875 0.21305841924398625 0.371875
0 0.9845360824742269 0.41953125 0.9982817869415808 0.41875 0.9948453608247423 0.3875 0.9793814432989691 0.38671875 0.970790378006873 0.3890625 0.9673539518900345 0.403125 0.9690721649484537 0.41640625 0.9845360824742269 0.41953125
0 0.47938144329896915 0.3453125 0.5429553264604812 0.3453125 0.5687285223367697 0.33515625 0.5738831615120275 0.321875 0.570446735395189 0.3078125 0.49828178694158076 0.30625 0.4725085910652921 0.3109375 0.47079037800687284 0.33046875 0.47938144329896915 0.3453125
0 0.25945017182130586 0.4734375 0.25429553264604815 0.471875 0.2457044673539519 0.4734375 0.25945017182130586 0.4734375
0 0.246875 0.4453125 0.0015625 0.0015625
0 0.19931271477663232 0.42265625 0.20790378006872853 0.440625 0.21305841924398625 0.4421875 0.20962199312714777 0.4515625 0.21649484536082478 0.44296875 0.2302405498281787 0.44453125 0.23711340206185566 0.4375 0.25429553264604815 0.4375 0.2525773195876289 0.44296875 0.2611683848797251 0.44453125 0.2560137457044674 0.43828125 0.288659793814433 0.425 0.2852233676975945 0.33828125 0.2714776632302406 0.3203125 0.22852233676975947 0.31875 0.19759450171821308 0.321875 0.20274914089347082 0.3984375 0.19931271477663232 0.42265625
0 0.21649484536082478 0.45625 0.22680412371134023 0.45625 0.23367697594501718 0.446875 0.25429553264604815 0.45078125 0.2611683848797251 0.45546875 0.26632302405498287 0.45234375 0.26975945017182135 0.4359375 0.288659793814433 0.42890625 0.288659793814433 0.4203125 0.2714776632302406 0.41953125 0.2577319587628866 0.41484375 0.2508591065292097 0.41796875 0.2457044673539519 0.41484375 0.23367697594501718 0.41640625 0.22680412371134023 0.41328125 0.21993127147766325 0.41640625 0.20274914089347082 0.41328125 0.20103092783505155 0.4171875 0.20962199312714777 0.46015625 0.21649484536082478 0.45625
0 0.6666666666666667 0.4875 0.7577319587628867 0.48828125 0.7628865979381444 0.48515625 0.7577319587628867 0.478125 0.7268041237113403 0.46953125 0.6752577319587629 0.4703125 0.668384879725086 0.47265625 0.6632302405498283 0.48125 0.6666666666666667 0.4875
0 0.3917525773195877 0.33515625 0.37972508591065296 0.334375 0.37972508591065296 0.33828125 0.3917525773195877 0.33515625
0 0.43203125 0.328125 0.00546875 0.00078125
0 0.3780068728522337 0.434375 0.39518900343642616 0.43125 0.4312714776632303 0.43359375 0.4553264604810997 0.43203125 0.4604810996563574 0.4234375 0.45704467353951894 0.4109375 0.4639175257731959 0.40625 0.46735395189003437 0.39296875 0.46563573883161513 0.3453125 0.4604810996563574 0.334375 0.443298969072165 0.33203125 0.42439862542955326 0.33515625 0.41924398625429554 0.328125 0.41408934707903783 0.328125 0.41065292096219935 0.33203125 0.3969072164948454 0.3328125 0.3883161512027492 0.34296875 0.3711340206185567 0.34375 0.3694158075601375 0.34609375 0.3711340206185567 0.43203125 0.3780068728522337 0.434375
0 0.6718213058419245 0.39765625 0.6718213058419245 0.4234375 0.6666666666666667 0.43203125 0.6735395189003437 0.44921875 0.668384879725086 0.45625 0.6666666666666667 0.484375 0.6752577319587629 0.4875 0.752577319587629 0.4875 0.7611683848797252 0.48046875 0.7628865979381444 0.44921875 0.7714776632302407 0.43203125 0.7731958762886599 0.3984375 0.7800687285223369 0.3875 0.7869415807560138 0.3234375 0.7920962199312716 0.3140625 0.6958762886597938 0.31171875 0.6769759450171822 0.3421875 0.6821305841924399 0.3765625 0.6718213058419245 0.39765625
0 0.6735395189003437 0.41953125 0.7130584192439863 0.41796875 0.745704467353952 0.41953125 0.7611683848797252 0.42265625 0.7680412371134021 0.42109375 0.7749140893470792 0.4109375 0.7731958762886599 0.39296875 0.7783505154639176 0.3859375 0.7061855670103093 0.38671875 0.6821305841924399 0.38359375 0.6701030927835052 0.39453125 0.668384879725086 0.41484375 0.6735395189003437 0.41953125
0 0.5859106529209622 0.3359375 0.584192439862543 0.33828125 0.5927835051546392 0.33515625 0.6082474226804124 0.3453125 0.6529209621993128 0.3421875 0.6597938144329898 0.33671875 0.6718213058419245 0.33671875 0.6786941580756014 0.33359375 0.6855670103092784 0.3125 0.6752577319587629 0.30859375 0.6391752577319588 0.3046875 0.5945017182130584 0.30546875 0.584192439862543 0.30703125 0.5790378006872853 0.3125 0.5790378006872853 0.334375 0.5859106529209622 0.3359375
0 0.246875 0.3796875 0.0015625 0.00078125
0 0.21993127147766325 0.409375 0.2302405498281787 0.4078125 0.23367697594501718 0.41015625 0.2577319587628866 0.409375 0.2714776632302406 0.41171875 0.288659793814433 0.40546875 0.29037800687285226 0.39140625 0.2852233676975945 0.378125 0.2577319587628866 0.3796875 0.25429553264604815 0.384375 0.2457044673539519 0.384375 0.23883161512027495 0.3828125 0.24226804123711343 0.3796875 0.22680412371134023 0.3796875 0.21993127147766325 0.38359375 0.20274914089347082 0.3765625 0.20274914089347082 0.4015625 0.21993127147766325 0.409375
0 0.29896907216494845 0.43046875 0.365979381443299 0.43125 0.3625429553264605 0.40234375 0.35223367697594504 0.39921875 0.3350515463917526 0.39921875 0.3041237113402062 0.4015625 0.29553264604810997 0.4046875 0.29381443298969073 0.42734375 0.29896907216494845 0.43046875
0 0.6838487972508591 0.38671875 0.6769759450171822 0.390625 0.6821305841924399 0.3953125 0.6890034364261168 0.3890625 0.7233676975945018 0.38984375 0.7439862542955327 0.3875 0.7749140893470792 0.39375 0.7680412371134021 0.3890625 0.7749140893470792 0.38671875 0.7731958762886599 0.37890625 0.7800687285223369 0.37578125 0.7800687285223369 0.3703125 0.7646048109965636 0.3640625 0.7336769759450172 0.36328125 0.7096219931271478 0.36640625 0.6890034364261168 0.36640625 0.6838487972508591 0.3640625 0.6786941580756014 0.3671875 0.6769759450171822 0.38203125 0.6838487972508591 0.38671875
0 0.6546391752577321 0.33828125 0.6408934707903781 0.334375 0.6271477663230242 0.3359375 0.6271477663230242 0.3390625 0.6546391752577321 0.33828125
0 0.65390625 0.33125 0.0015625 0.0015625
0 0.577319587628866 0.4296875 0.6065292096219932 0.42734375 0.6151202749140894 0.4234375 0.6202749140893471 0.42734375 0.6151202749140894 0.43125 0.6185567010309279 0.4328125 0.6597938144329898 0.43046875 0.6666666666666667 0.4203125 0.668384879725086 0.3953125 0.6769759450171822 0.3765625 0.6752577319587629 0.346875 0.6701030927835052 0.3421875 0.6632302405498283 0.3421875 0.661512027491409 0.3390625 0.6666666666666667 0.3375 0.6597938144329898 0.3375 0.661512027491409 0.34296875 0.6529209621993128 0.34453125 0.6082474226804124 0.3453125 0.604810996563574 0.3390625 0.6185567010309279 0.33828125 0.6151202749140894 0.334375 0.6013745704467355 0.32734375 0.5824742268041238 0.32734375 0.5807560137457045 0.34140625 0.5738831615120275 0.34609375 0.570446735395189 0.3875 0.577319587628866 0.4296875
0 0.39518900343642616 0.434375 0.4347079037800688 0.4359375 0.4553264604810997 0.43359375 0.46219931271477666 0.41953125 0.45704467353951894 0.4109375 0.46219931271477666 0.4078125 0.46735395189003437 0.390625 0.46219931271477666 0.31328125 0.44158075601374575 0.309375 0.38487972508591073 0.31015625 0.3694158075601375 0.31640625 0.372852233676976 0.4390625 0.39518900343642616 0.434375
0 0.3780068728522337 0.484375 0.46219931271477666 0.484375 0.4587628865979382 0.47578125 0.4347079037800688 0.46953125 0.3780068728522337 0.47265625 0.372852233676976 0.475 0.3711340206185567 0.48125 0.3780068728522337 0.484375
0 0.8591065292096222 0.48515625 0.8659793814432991 0.4609375 0.8659793814432991 0.45260390624999997 0.8573883161512029 0.45234375 0.8591065292096222 0.4484375 0.8659793814432991 0.4484375 0.8591065292096222 0.44765625 0.852233676975945 0.4546875 0.8178694158075602 0.45078125 0.802405498281787 0.453125 0.8034002532103456 0.4490542763157895 0.8006872852233677 0.4484375 0.7938144329896908 0.45390625 0.7800687285223369 0.45234375 0.7680412371134021 0.45546875 0.7646048109965636 0.465625 0.7628865979381444 0.4734375 0.7714776632302407 0.4875 0.852233676975945 0.48828125 0.8591065292096222 0.48515625
0 0.372852233676976 0.37109375 0.4037800687285224 0.3703125 0.41408934707903783 0.36328125 0.4398625429553265 0.3640625 0.44673539518900346 0.36640625 0.4553264604810997 0.3625 0.46219931271477666 0.365625 0.46735395189003437 0.3328125 0.46219931271477666 0.3140625 0.443298969072165 0.309375 0.38659793814432997 0.31015625 0.37457044673539525 0.3109375 0.3694158075601375 0.3140625 0.36769759450171824 0.34296875 0.372852233676976 0.37109375
0 0.3780068728522337 0.36328125 0.4037800687285224 0.36328125 0.4072164948453609 0.35546875 0.4347079037800688 0.35078125 0.43814432989690727 0.34765625 0.4484536082474227 0.353125 0.46219931271477666 0.35234375 0.46735395189003437 0.34453125 0.46735395189003437 0.328125 0.46219931271477666 0.32421875 0.45017182130584193 0.3265625 0.36769759450171824 0.32734375 0.3694158075601375 0.35625 0.3780068728522337 0.36328125
0 0.37972508591065296 0.46640625 0.38487972508591073 0.46953125 0.4037800687285224 0.4703125 0.4347079037800688 0.46484375 0.4484536082474227 0.4703125 0.45704467353951894 0.46875 0.46219931271477666 0.4375 0.4553264604810997 0.43515625 0.4037800687285224 0.4359375 0.3711340206185567 0.44453125 0.372852233676976 0.46796875 0.37972508591065296 0.46640625
0 0.3762886597938145 0.484375 0.4553264604810997 0.4859375 0.4639175257731959 0.48359375 0.4604810996563574 0.47421875 0.43642611683848803 0.46796875 0.372852233676976 0.47265625 0.3711340206185567 0.48203125 0.3762886597938145 0.484375
0 0.19931271477663232 0.36875 0.19759450171821308 0.37890625 0.20446735395189006 0.4046875 0.21993127147766325 0.409375 0.2302405498281787 0.40703125 0.24398625429553267 0.4109375 0.2560137457044674 0.40859375 0.2714776632302406 0.41171875 0.288659793814433 0.40390625 0.29037800687285226 0.3859375 0.281786941580756 0.3625 0.26460481099656363 0.3609375 0.2508591065292097 0.36796875 0.24398625429553267 0.3625 0.23711340206185566 0.36171875 0.2216494845360825 0.3625 0.21649484536082478 0.3671875 0.20274914089347082 0.36171875 0.19931271477663232 0.3640625 0.2061855670103093 0.36640625 0.19931271477663232 0.36875
0 0.8075601374570448 0.38984375 0.816151202749141 0.38515625 0.8230240549828179 0.38515625 0.8316151202749141 0.390625 0.8676975945017184 0.390625 0.8762886597938145 0.38828125 0.8848797250859107 0.36484375 0.8728522336769761 0.3609375 0.8659793814432991 0.3640625 0.8591065292096222 0.3625 0.8470790378006873 0.36484375 0.7972508591065293 0.3625 0.7852233676975946 0.36875 0.7852233676975946 0.39140625 0.8075601374570448 0.38984375
0 0.20962199312714777 0.4453125 0.2302405498281787 0.44375 0.23711340206185566 0.43984375 0.24914089347079038 0.43828125 0.25429553264604815 0.4390625 0.25429553264604815 0.4421875 0.2628865979381444 0.44140625 0.2680412371134021 0.43515625 0.29037800687285226 0.428125 0.288659793814433 0.41171875 0.2869415807560137 0.40859375 0.2800687285223368 0.4078125 0.2852233676975945 0.40078125 0.2714776632302406 0.41015625 0.25945017182130586 0.40703125 0.24226804123711343 0.41015625 0.20962199312714777 0.4046875 0.20274914089347082 0.40625 0.20103092783505155 0.41171875 0.19931271477663232 0.42734375 0.20962199312714777 0.4453125
0 0.26975945017182135 0.47578125 0.26460481099656363 0.453125 0.25945017182130586 0.45546875 0.2405498281786942 0.45546875 0.20790378006872853 0.46328125 0.20962199312714777 0.4765625 0.26975945017182135 0.47578125
0 0.7302405498281788 0.41796875 0.7268041237113403 0.41640625 0.7199312714776632 0.41796875 0.7302405498281788 0.41796875
0 0.6752577319587629 0.40859375 0.6855670103092784 0.415625 0.6958762886597938 0.4171875 0.7027491408934708 0.4140625 0.7079037800687286 0.4171875 0.7199312714776632 0.41015625 0.7302405498281788 0.4109375 0.7336769759450172 0.4046875 0.745704467353952 0.4078125 0.7439862542955327 0.41796875 0.7508591065292097 0.41875 0.7783505154639176 0.390625 0.7766323024054984 0.3796875 0.7817869415807561 0.3734375 0.7920962199312716 0.31328125 0.6924398625429553 0.3109375 0.6907216494845361 0.325 0.6786941580756014 0.33984375 0.6838487972508591 0.3625 0.6752577319587629 0.40859375
0 0.1941580756013746 0.3359375 0.20103092783505155 0.33828125 0.19931271477663232 0.34296875 0.20446735395189006 0.33359375 0.21649484536082478 0.328125 0.21649484536082478 0.32109375 0.20103092783505155 0.31796875 0.1907216494845361 0.31875 0.18900343642611686 0.32578125 0.1941580756013746 0.3359375
0 0.8109965635738833 0.36484375 0.8762886597938145 0.36484375 0.88659793814433 0.3625 0.8917525773195877 0.33671875 0.88659793814433 0.334375 0.8659793814432991 0.334375 0.8556701030927837 0.33984375 0.8470790378006873 0.33671875 0.809278350515464 0.33359375 0.79553264604811 0.33671875 0.79553264604811 0.34140625 0.7869415807560138 0.34765625 0.7903780068728523 0.3625 0.8109965635738833 0.36484375
0 0.7697594501718215 0.46640625 0.7783505154639176 0.4671875 0.7835051546391754 0.47109375 0.7920962199312716 0.4703125 0.7852233676975946 0.46640625 0.7989690721649485 0.46171875 0.8298969072164949 0.4609375 0.8419243986254296 0.4625 0.845360824742268 0.465625 0.8625429553264606 0.46640625 0.8711340206185568 0.4390625 0.8402061855670103 0.44140625 0.8195876288659795 0.43984375 0.8109965635738833 0.4421875 0.7749140893470792 0.440625 0.7663230240549829 0.4484375 0.7646048109965636 0.46015625 0.7697594501718215 0.46640625
0 0.4639175257731959 0.4390625 0.46563573883161513 0.45859375 0.47079037800687284 0.4625 0.4690721649484536 0.48359375 0.5618556701030928 0.484375 0.5687285223367697 0.45703125 0.5652920962199313 0.42265625 0.5567010309278351 0.41875 0.5498281786941581 0.42109375 0.5292096219931273 0.41796875 0.48797250859106533 0.4171875 0.4725085910652921 0.42421875 0.4742268041237113 0.43203125 0.4639175257731959 0.4390625
0 0.7869415807560138 0.4171875 0.8728522336769761 0.41875 0.879725085910653 0.39921875 0.8745704467353953 0.3859375 0.8573883161512029 0.38828125 0.8230240549828179 0.384375 0.7852233676975946 0.38515625 0.7852233676975946 0.390625 0.7766323024054984 0.39765625 0.7731958762886599 0.40859375 0.7869415807560138 0.4171875
0 0.6872852233676976 0.4703125 0.6735395189003437 0.46796875 0.6735395189003437 0.47265625 0.6872852233676976 0.4703125
0 0.6769759450171822 0.4859375 0.6872852233676976 0.4859375 0.6924398625429553 0.48203125 0.6975945017182131 0.48203125 0.6993127147766324 0.48515625 0.7027491408934708 0.48359375 0.7130584192439863 0.48671875 0.7216494845360826 0.4859375 0.718213058419244 0.4828125 0.725085910652921 0.48125 0.7336769759450172 0.48125 0.738831615120275 0.4875 0.7491408934707905 0.484375 0.7439862542955327 0.48046875 0.745704467353952 0.46328125 0.7405498281786942 0.46015625 0.731958762886598 0.46171875 0.7216494845360826 0.4703125 0.7268041237113403 0.4796875 0.7147766323024055 0.4828125 0.6890034364261168 0.48125 0.6838487972508591 0.47578125 0.6718213058419245 0.475 0.6701030927835052 0.484375 0.6769759450171822 0.4859375
0 0.6666666666666667 0.43046875 0.6718213058419245 0.4453125 0.6821305841924399 0.44765625 0.6872852233676976 0.44453125 0.7027491408934708 0.44296875 0.7199312714776632 0.44765625 0.731958762886598 0.44765625 0.7405498281786942 0.4578125 0.745704467353952 0.45234375 0.7508591065292097 0.45234375 0.7577319587628867 0.46640625 0.7611683848797252 0.4546875 0.7542955326460482 0.45546875 0.752577319587629 0.453125 0.7646048109965636 0.446875 0.7714776632302407 0.43203125 0.7714776632302407 0.403125 0.7594501718213059 0.39921875 0.7594501718213059 0.39609375 0.7680412371134021 0.39375 0.7680412371134021 0.3875 0.7422680412371134 0.38671875 0.7439862542955327 0.3921875 0.7371134020618557 0.39921875 0.7268041237113403 0.4015625 0.7164948453608248 0.39921875 0.7268041237113403 0.39296875 0.6941580756013745 0.39296875 0.6958762886597938 0.39765625 0.6907216494845361 0.4 0.6821305841924399 0.3984375 0.6752577319587629 0.40390625 0.6769759450171822 0.41484375 0.6666666666666667 0.43046875
0 0.734375 0.3875 0.00546875 0.00078125
0 0.6099656357388317 0.43984375 0.6271477663230242 0.440625 0.6512027491408936 0.45 0.6666666666666667 0.4421875 0.6649484536082475 0.42109375 0.6597938144329898 0.41796875 0.6082474226804124 0.41796875 0.6013745704467355 0.4203125 0.5738831615120275 0.41953125 0.5721649484536082 0.421875 0.5738831615120275 0.44375 0.6099656357388317 0.43984375
0 0.5790378006872853 0.41953125 0.6512027491408936 0.4171875 0.6632302405498283 0.42421875 0.6752577319587629 0.39375 0.6701030927835052 0.39140625 0.6701030927835052 0.38515625 0.6649484536082475 0.3921875 0.6580756013745706 0.3859375 0.6391752577319588 0.38515625 0.6288659793814434 0.38828125 0.6082474226804124 0.3875 0.6030927835051547 0.38515625 0.5876288659793815 0.3859375 0.5738831615120275 0.3890625 0.5687285223367697 0.3953125 0.5670103092783505 0.40390625 0.5790378006872853 0.41953125
0 0.39862542955326463 0.4359375 0.4347079037800688 0.4375 0.443298969072165 0.43515625 0.4553264604810997 0.43828125 0.46563573883161513 0.39453125 0.4587628865979382 0.3453125 0.43814432989690727 0.34921875 0.4312714776632303 0.3453125 0.4261168384879725 0.34609375 0.42439862542955326 0.3515625 0.4072164948453609 0.3546875 0.4072164948453609 0.36015625 0.4020618556701031 0.3625 0.3711340206185567 0.36015625 0.372852233676976 0.440625 0.39862542955326463 0.4359375
0 0.4209621993127148 0.34921875 0.422680412371134 0.3453125 0.4175257731958763 0.34609375 0.41580756013745707 0.3484375 0.4209621993127148 0.34921875
0 0.7766323024054984 0.409375 0.7852233676975946 0.41640625 0.79553264604811 0.41796875 0.8556701030927837 0.41875 0.8659793814432991 0.41640625 0.8728522336769761 0.41953125 0.8951890034364262 0.321875 0.8780068728522338 0.3203125 0.8728522336769761 0.3171875 0.8487972508591065 0.31953125 0.8333333333333334 0.3171875 0.8298969072164949 0.32109375 0.8213058419243987 0.3171875 0.8178694158075602 0.321875 0.809278350515464 0.32265625 0.809278350515464 0.3171875 0.802405498281787 0.321875 0.8075601374570448 0.321875 0.8109965635738833 0.32578125 0.7938144329896908 0.33125 0.7938144329896908 0.34140625 0.7869415807560138 0.34765625 0.7886597938144331 0.36328125 0.7766323024054984 0.409375
0 0.668384879725086 0.4859375 0.752577319587629 0.4875 0.7594501718213059 0.484375 0.7646048109965636 0.45625 0.7560137457044674 0.44453125 0.7405498281786942 0.44609375 0.7233676975945018 0.44375 0.7147766323024055 0.44921875 0.6958762886597938 0.45390625 0.6907216494845361 0.45390625 0.6855670103092784 0.44921875 0.6855670103092784 0.453125 0.6735395189003437 0.45078125 0.6666666666666667 0.45546875 0.6632302405498283 0.48359375 0.668384879725086 0.4859375
0 0.7714776632302407 0.465625 0.7920962199312716 0.4625 0.8006872852233677 0.45703125 0.809278350515464 0.4609375 0.816151202749141 0.459375 0.8127147766323025 0.45546875 0.8247422680412372 0.45546875 0.8333333333333334 0.4625 0.8384879725085911 0.46171875 0.852233676975945 0.46875 0.8539518900343642 0.4625 0.8642611683848799 0.4625 0.8728522336769761 0.4390625 0.8230240549828179 0.4375 0.8058419243986255 0.43984375 0.7766323024054984 0.4375 0.7663230240549829 0.4484375 0.7646048109965636 0.459375 0.7714776632302407 0.465625
0 0.6718213058419245 0.4875 0.7594501718213059 0.4875 0.7542955326460482 0.47265625 0.7474226804123713 0.475 0.725085910652921 0.46875 0.6769759450171822 0.46953125 0.668384879725086 0.475 0.6649484536082475 0.484375 0.6718213058419245 0.4875
0 0.21477663230240554 0.45546875 0.22680412371134023 0.45625 0.23367697594501718 0.45 0.24742268041237114 0.45390625 0.2508591065292097 0.45234375 0.2628865979381444 0.4546875 0.2680412371134021 0.45390625 0.2731958762886598 0.43359375 0.2852233676975945 0.43046875 0.2852233676975945 0.428125 0.26460481099656363 0.43203125 0.25429553264604815 0.4296875 0.23195876288659795 0.43125 0.21993127147766325 0.4390625 0.20790378006872853 0.43828125 0.20962199312714777 0.45859375 0.21477663230240554 0.45546875
0 0.4690721649484536 0.41875 0.47594501718213056 0.4203125 0.4690721649484536 0.42265625 0.4725085910652921 0.42421875 0.48453608247422686 0.41875 0.5051546391752578 0.41875 0.513745704467354 0.42109375 0.527491408934708 0.41875 0.5584192439862543 0.4234375 0.5652920962199313 0.42109375 0.570446735395189 0.4140625 0.5652920962199313 0.41171875 0.5687285223367697 0.39296875 0.563573883161512 0.3828125 0.5378006872852235 0.384375 0.5171821305841925 0.38125 0.5 0.38203125 0.4828178694158076 0.378125 0.4725085910652921 0.38359375 0.46563573883161513 0.40078125 0.46563573883161513 0.4140625 0.4690721649484536 0.41875
0 0.6890034364261168 0.3421875 0.6993127147766324 0.33984375 0.7061855670103093 0.3421875 0.7147766323024055 0.34140625 0.731958762886598 0.346875 0.7697594501718215 0.3484375 0.7800687285223369 0.346875 0.7920962199312716 0.33359375 0.79553264604811 0.31484375 0.7817869415807561 0.31171875 0.7508591065292097 0.31328125 0.6924398625429553 0.31015625 0.6838487972508591 0.32265625 0.6821305841924399 0.33671875 0.6890034364261168 0.3421875
0 0.4690721649484536 0.45078125 0.46563573883161513 0.45703125 0.4725085910652921 0.4625 0.4725085910652921 0.48359375 0.48453608247422686 0.48359375 0.49312714776632305 0.47890625 0.5 0.484375 0.5532646048109966 0.48359375 0.5618556701030928 0.47421875 0.5687285223367697 0.43203125 0.5670103092783505 0.42421875 0.5584192439862543 0.42109375 0.5584192439862543 0.41796875 0.5498281786941581 0.4203125 0.5085910652920963 0.41640625 0.4742268041237113 0.41796875 0.4725085910652921 0.43203125 0.4639175257731959 0.43828125 0.46219931271477666 0.44609375 0.4690721649484536 0.45078125
0 0.3041237113402062 0.3453125 0.3298969072164949 0.34609375 0.3350515463917526 0.34921875 0.34879725085910657 0.35 0.3625429553264605 0.3484375 0.365979381443299 0.3203125 0.3608247422680413 0.315625 0.32817869415807566 0.3140625 0.29037800687285226 0.31875 0.2920962199312715 0.35078125 0.3041237113402062 0.3453125
0 0.3762886597938145 0.48359375 0.4587628865979382 0.484375 0.46219931271477666 0.45234375 0.45704467353951894 0.43515625 0.4072164948453609 0.43515625 0.38659793814432997 0.4375 0.372852233676976 0.44140625 0.3711340206185567 0.4453125 0.3694158075601375 0.4734375 0.3762886597938145 0.48359375
0 0.4690721649484536 0.43203125 0.46219931271477666 0.446875 0.46563573883161513 0.46015625 0.4725085910652921 0.46328125 0.46735395189003437 0.465625 0.46563573883161513 0.48046875 0.4725085910652921 0.48515625 0.5549828178694158 0.48515625 0.563573883161512 0.48125 0.5721649484536082 0.31015625 0.5601374570446735 0.30703125 0.48453608247422686 0.30859375 0.4742268041237113 0.31171875 0.47079037800687284 0.32890625 0.4725085910652921 0.39453125 0.4690721649484536 0.43203125
0 0.2609375 0.34140625 0.003125 0.0015625
0 0.20103092783505155 0.34609375 0.22508591065292097 0.33984375 0.24742268041237114 0.34140625 0.24914089347079038 0.33828125 0.2680412371134021 0.33671875 0.27491408934707906 0.33671875 0.281786941580756 0.34296875 0.27835051546391754 0.33828125 0.281786941580756 0.33875 0.28350515463917525 0.32109375 0.2766323024054983 0.3171875 0.19243986254295536 0.31953125 0.1907216494845361 0.3265625 0.20103092783505155 0.34609375
0 0.56328125 0.36875 0.003125 0.00078125
0 0.4725085910652921 0.4609375 0.4690721649484536 0.48359375 0.5584192439862543 0.484375 0.563573883161512 0.478125 0.5601374570446735 0.46640625 0.570446735395189 0.4265625 0.563573883161512 0.3984375 0.5652920962199313 0.38203125 0.5549828178694158 0.3734375 0.5532646048109966 0.365625 0.5429553264604812 0.365625 0.5481099656357389 0.37109375 0.5412371134020619 0.3734375 0.5429553264604812 0.3796875 0.5326460481099657 0.38125 0.5189003436426117 0.37890625 0.513745704467354 0.37421875 0.5017182130584193 0.37734375 0.4862542955326461 0.3625 0.47594501718213056 0.37109375 0.46735395189003437 0.41640625 0.4639175257731959 0.44453125 0.4725085910652921 0.4609375
0 0.5738831615120275 0.41796875 0.5824742268041238 0.42109375 0.5756013745704468 0.42265625 0.577319587628866 0.425 0.5859106529209622 0.4203125 0.604810996563574 0.4203125 0.6151202749140894 0.4171875 0.6580756013745706 0.42265625 0.6597938144329898 0.42578125 0.6632302405498283 0.4234375 0.6529209621993128 0.4203125 0.6632302405498283 0.418359375 0.6666666666666667 0.39453125 0.6735395189003437 0.3875 0.6735395189003437 0.34140625 0.6804123711340206 0.3328125 0.6769759450171822 0.31015625 0.6443298969072165 0.30625 0.5859106529209622 0.309375 0.5807560137457045 0.31328125 0.5738831615120275 0.3421875 0.5721649484536082 0.40703125 0.5738831615120275 0.41796875
0 0.5687285223367697 0.48359375 0.6082474226804124 0.4859375 0.6563573883161513 0.48515625 0.6632302405498283 0.47421875 0.6632302405498283 0.428125 0.668384879725086 0.41796875 0.668384879725086 0.39453125 0.6735395189003437 0.3890625 0.6735395189003437 0.34140625 0.6804123711340206 0.3328125 0.6804123711340206 0.3140625 0.6752577319587629 0.31015625 0.6563573883161513 0.30703125 0.6219931271477663 0.30625 0.5824742268041238 0.3109375 0.570446735395189 0.3859375 0.5738831615120275 0.4296875 0.5687285223367697 0.48359375
0 0.47594501718213056 0.346875 0.5085910652920963 0.34765625 0.5395189003436427 0.353125 0.5498281786941581 0.34921875 0.5567010309278351 0.35078125 0.563573883161512 0.3484375 0.5738831615120275 0.33203125 0.5687285223367697 0.30859375 0.4948453608247423 0.3078125 0.47594501718213056 0.31015625 0.47079037800687284 0.3140625 0.4690721649484536 0.33203125 0.47594501718213056 0.346875
0 0.5721649484536082 0.44609375 0.5687285223367697 0.45546875 0.5721649484536082 0.4609375 0.5670103092783505 0.47421875 0.5738831615120275 0.484375 0.6718213058419245 0.484375 0.6821305841924399 0.48671875 0.7027491408934708 0.48515625 0.7164948453608248 0.4875 0.7508591065292097 0.4875 0.7560137457044674 0.484375 0.7628865979381444 0.43828125 0.7508591065292097 0.44453125 0.7371134020618557 0.4453125 0.7233676975945018 0.440625 0.7199312714776632 0.44296875 0.7164948453608248 0.4390625 0.6769759450171822 0.4453125 0.6649484536082475 0.44453125 0.661512027491409 0.44140625 0.6735395189003437 0.4390625 0.6649484536082475 0.43671875 0.6374570446735396 0.440625 0.6151202749140894 0.4390625 0.5945017182130584 0.4421875 0.577319587628866 0.4375 0.5738831615120275 0.43359375 0.570446735395189 0.43828125 0.5824742268041238 0.44140625 0.5721649484536082 0.44609375
0 0.5068728522336771 0.3859375 0.5257731958762888 0.3875 0.5326460481099657 0.384375 0.5549828178694158 0.3875 0.5618556701030928 0.39140625 0.5670103092783505 0.38984375 0.5687285223367697 0.3625 0.563573883161512 0.34609375 0.5429553264604812 0.35 0.47594501718213056 0.34765625 0.47079037800687284 0.35546875 0.4742268041237113 0.38984375 0.5068728522336771 0.3859375
0 0.211340206185567 0.4765625 0.2680412371134021 0.4765625 0.26460481099656363 0.4484375 0.25429553264604815 0.44921875 0.2508591065292097 0.45234375 0.23367697594501718 0.44921875 0.2302405498281787 0.45390625 0.20790378006872853 0.459375 0.2061855670103093 0.47109375 0.211340206185567 0.4765625
0 0.4776632302405499 0.33203125 0.4914089347079038 0.3296875 0.49828178694158076 0.33359375 0.5085910652920963 0.3328125 0.5189003436426117 0.3359375 0.5257731958762888 0.33046875 0.5292096219931273 0.3328125 0.534364261168385 0.33046875 0.5652920962199313 0.32890625 0.5756013745704468 0.3234375 0.5756013745704468 0.3109375 0.5652920962199313 0.30546875 0.4948453608247423 0.30546875 0.47079037800687284 0.31015625 0.4690721649484536 0.32421875 0.4776632302405499 0.33203125
0 0.6769759450171822 0.38359375 0.6786941580756014 0.396875 0.6718213058419245 0.40546875 0.6769759450171822 0.41796875 0.7405498281786942 0.41875 0.7542955326460482 0.421875 0.7646048109965636 0.4203125 0.7800687285223369 0.38828125 0.7852233676975946 0.346875 0.7817869415807561 0.33385390625 0.7766323024054984 0.3328125 0.7817869415807561 0.3296875 0.7508591065292097 0.33828125 0.7302405498281788 0.33671875 0.725085910652921 0.328125 0.6941580756013745 0.32890625 0.6786941580756014 0.34609375 0.6821305841924399 0.37734375 0.6769759450171822 0.38359375
0 0.5807560137457045 0.4359375 0.6219931271477663 0.43671875 0.6460481099656358 0.4359375 0.6597938144329898 0.4328125 0.6666666666666667 0.42109375 0.6666666666666667 0.39609375 0.6735395189003437 0.38515625 0.6718213058419245 0.35078125 0.6460481099656358 0.3515625 0.6323024054982819 0.35859375 0.6202749140893471 0.3546875 0.6151202749140894 0.3484375 0.5807560137457045 0.34765625 0.584192439862543 0.35078125 0.5738831615120275 0.3640625 0.5738831615120275 0.43203125 0.5807560137457045 0.4359375
0 0.47594501718213056 0.4859375 0.5532646048109966 0.48671875 0.5652920962199313 0.48125 0.5601374570446735 0.47109375 0.5532646048109966 0.471875 0.5429553264604812 0.46875 0.4776632302405499 0.46640625 0.4690721649484536 0.4703125 0.4604810996563574 0.48359375 0.47594501718213056 0.4859375
0 0.7938144329896908 0.38984375 0.7852233676975946 0.3890625 0.7835051546391754 0.390625 0.7938144329896908 0.38984375
0 0.8178694158075602 0.384375 0.8298969072164949 0.38984375 0.8694158075601376 0.38984375 0.8711340206185568 0.38671875 0.8780068728522338 0.38671875 0.8831615120274915 0.37734375 0.88659793814433 0.3578125 0.8814432989690723 0.35625 0.88659793814433 0.353125 0.8762886597938145 0.35625 0.8591065292096222 0.3546875 0.8419243986254296 0.3609375 0.8264604810996564 0.35625 0.8041237113402062 0.35390625 0.7938144329896908 0.35703125 0.7852233676975946 0.365625 0.7852233676975946 0.384375 0.8178694158075602 0.384375
0 0.39003436426116844 0.43984375 0.40034364261168387 0.43671875 0.43814432989690727 0.4375 0.4553264604810997 0.4453125 0.4587628865979382 0.43984375 0.44673539518900346 0.4359375 0.4604810996563574 0.43203125 0.4639175257731959 0.41796875 0.4553264604810997 0.4140625 0.4604810996563574 0.40078125 0.4450171821305842 0.4046875 0.4037800687285224 0.40859375 0.37457044673539525 0.4046875 0.3711340206185567 0.40625 0.372852233676976 0.440625 0.39003436426116844 0.43984375
0 0.9948453608247423 0.43671875 0.9982817869415808 0.390625 0.9810996563573884 0.38671875 0.9690721649484537 0.39296875 0.9621993127147768 0.4359375 0.9948453608247423 0.43671875
0 0.29553264604810997 0.37265625 0.31099656357388317 0.37578125 0.3041237113402062 0.38046875 0.31099656357388317 0.37890625 0.31271477663230246 0.3734375 0.3298969072164949 0.36875 0.3625429553264605 0.36796875 0.365979381443299 0.346875 0.3608247422680413 0.34140625 0.3539518900343643 0.33984375 0.35223367697594504 0.3421875 0.3436426116838488 0.34140625 0.33676975945017185 0.34375 0.3298969072164949 0.3390625 0.3195876288659794 0.340625 0.31099656357388317 0.33671875 0.2920962199312715 0.3390625 0.2920962199312715 0.3671875 0.29553264604810997 0.37265625
0 0.6666666666666667 0.43671875 0.6752577319587629 0.45 0.668384879725086 0.484375 0.6855670103092784 0.4875 0.7474226804123713 0.4875 0.7560137457044674 0.484375 0.7594501718213059 0.47734375 0.7611683848797252 0.4546875 0.7714776632302407 0.4328125 0.7714776632302407 0.39375 0.7766323024054984 0.38671875 0.7731958762886599 0.37421875 0.7783505154639176 0.36875 0.7646048109965636 0.36640625 0.7611683848797252 0.3796875 0.7542955326460482 0.384375 0.718213058419244 0.3875 0.7027491408934708 0.38515625 0.6890034364261168 0.38671875 0.6838487972508591 0.38359375 0.6804123711340206 0.39765625 0.6718213058419245 0.40390625 0.6735395189003437 0.41875 0.6666666666666667 0.43671875
0 0.6786941580756014 0.4875 0.7508591065292097 0.4875 0.7577319587628867 0.484375 0.7646048109965636 0.46171875 0.7646048109965636 0.43828125 0.7474226804123713 0.44296875 0.7336769759450172 0.4421875 0.7233676975945018 0.4375 0.6718213058419245 0.4375 0.6735395189003437 0.4421875 0.6666666666666667 0.4484375 0.668384879725086 0.48515625 0.6786941580756014 0.4875
0 0.3780068728522337 0.33671875 0.3762886597938145 0.3421875 0.3694158075601375 0.34296875 0.39862542955326463 0.340625 0.41065292096219935 0.3328125 0.4209621993127148 0.3359375 0.43642611683848803 0.33203125 0.46219931271477666 0.334375 0.4639175257731959 0.3328125 0.45360824742268047 0.33046875 0.46563573883161513 0.32578125 0.46735395189003437 0.3140625 0.46219931271477666 0.30859375 0.40549828178694164 0.30703125 0.36769759450171824 0.3109375 0.36769759450171824 0.33515625 0.3780068728522337 0.33671875