0 0.2265625 0.31099656357388317 0.2578125 0.3041237113402062 0.26015625 0.2972508591065292 0.26796875 0.2920962199312715 0.265625 0.28350515463917525 0.26015625 0.27835051546391754 0.21875 0.288659793814433 0.21875 0.2972508591065292 0.2265625 0.31099656357388317
0 0.82265625 0.46219931271477666 0.82109375 0.4604810996563574 0.8203125 0.4639175257731959 0.82265625 0.46219931271477666
0 0.8625 0.4690721649484536 0.86796875 0.46735395189003437 0.87109375 0.4587628865979382 0.87265625 0.46735395189003437 0.88125 0.46563573883161513 0.87890625 0.4553264604810997 0.87421875 0.45360824742268047 0.8703125 0.4553264604810997 0.86875 0.46219931271477666 0.859375 0.46219931271477666 0.85859375 0.46563573883161513 0.8625 0.4690721649484536
0 0.825 0.45704467353951894 0.82421875 0.45360824742268047 0.82265625 0.45704467353951894 0.825 0.45704467353951894
0 0.82421875 0.3969072164948454 0.81796875 0.41924398625429554 0.8171875 0.43642611683848803 0.8328125 0.443298969072165 0.875 0.4484536082474227 0.88671875 0.4450171821305842 0.8890625 0.4175257731958763 0.8875 0.39862542955326463 0.89140625 0.3780068728522337 0.890625 0.3608247422680413 0.88515625 0.3539518900343643 0.88515625 0.3470790378006873 0.89375 0.3350515463917526 0.89453125 0.28350515463917525 0.896875 0.2766323024054983 0.8953125 0.2560137457044674 0.89765625 0.2457044673539519 0.8953125 0.2302405498281787 0.865625 0.22680412371134023 0.8625 0.2216494845360825 0.8546875 0.22508591065292097 0.8484375 0.21993127147766325 0.8328125 0.22680412371134023 0.82421875 0.2560137457044674 0.82890625 0.2852233676975945 0.82109375 0.3144329896907217 0.8234375 0.3556701030927835 0.81796875 0.3711340206185567 0.81953125 0.38659793814432997 0.82421875 0.3969072164948454
0 0.53984375 0.6666666666666667 0.5375 0.661512027491409 0.5359375 0.6632302405498283 0.53984375 0.6666666666666667
0 0.5390625 0.6305841924398626 0.540625 0.6219931271477663 0.53828125 0.6219931271477663 0.5390625 0.6305841924398626
0 0.48984375 0.5309278350515465 0.4875 0.5756013745704468 0.5015625 0.5876288659793815 0.490625 0.6013745704467355 0.50390625 0.604810996563574 0.50859375 0.5996563573883162 0.51171875 0.604810996563574 0.5375 0.6082474226804124 0.54140625 0.604810996563574 0.53984375 0.5876288659793815 0.54453125 0.5807560137457045 0.5453125 0.5103092783505155 0.53984375 0.48453608247422686 0.534375 0.47938144329896915 0.49453125 0.4776632302405499 0.4890625 0.48453608247422686 0.4875 0.5034364261168386 0.4875 0.5257731958762888 0.48984375 0.5309278350515465
0 0.18359375 0.3934707903780069 0.18515625 0.44673539518900346 0.1890625 0.48453608247422686 0.18671875 0.5395189003436427 0.18984375 0.5601374570446735 0.190625 0.5979381443298969 0.22578125 0.6030927835051547 0.23125 0.5962199312714777 0.23125 0.570446735395189 0.22890625 0.47938144329896915 0.225 0.443298969072165 0.225 0.39003436426116844 0.2203125 0.34879725085910657 0.221875 0.31099656357388317 0.21640625 0.2972508591065292 0.2046875 0.29553264604810997 0.2 0.30068728522336774 0.18671875 0.29896907216494845 0.184375 0.31271477663230246 0.18671875 0.3762886597938145 0.18359375 0.3934707903780069
0 0.2609375 0.46796875 0.00078125 0.0015625
0 0.2328125 0.4587628865979382 0.23203125 0.4639175257731959 0.2359375 0.46219931271477666 0.240625 0.46735395189003437 0.240625 0.4742268041237113 0.24296875 0.46735395189003437 0.2453125 0.4725085910652921 0.24921875 0.46735395189003437 0.2578125 0.47594501718213056 0.2546875 0.4553264604810997 0.25859375 0.4553264604810997 0.259375 0.45017182130584193 0.26171875 0.39003436426116844 0.2578125 0.31099656357388317 0.2546875 0.30584192439862545 0.2265625 0.30927835051546393 0.22109375 0.32130584192439865 0.21953125 0.359106529209622 0.225 0.39003436426116844 0.22578125 0.44158075601374575 0.2328125 0.4587628865979382
0 0.234375 0.6013745704467355 0.265625 0.6030927835051547 0.2703125 0.5824742268041238 0.2671875 0.570446735395189 0.26796875 0.5189003436426117 0.2625 0.49828178694158076 0.2625 0.48797250859106533 0.25859375 0.47594501718213056 0.25234375 0.4810996563573884 0.2453125 0.47594501718213056 0.24348984375 0.48453608247422686 0.2390625 0.48453608247422686 0.23671875 0.4776632302405499 0.2359375 0.48453608247422686 0.23125 0.4862542955326461 0.23046875 0.5498281786941581 0.234375 0.6013745704467355
0 0.6125 0.534364261168385 0.61484375 0.5446735395189004 0.6109375 0.5601374570446735 0.6109375 0.584192439862543 0.6140625 0.5945017182130584 0.6109375 0.6237113402061857 0.61328125 0.6426116838487973 0.6109375 0.6580756013745706 0.61484375 0.6769759450171822 0.628125 0.6786941580756014 0.6515625 0.6701030927835052 0.6515625 0.6752577319587629 0.65546875 0.6786941580756014 0.65703125 0.668384879725086 0.64140625 0.6666666666666667 0.640625 0.661512027491409 0.65703125 0.6460481099656358 0.65546875 0.6323024054982819 0.66171875 0.6323024054982819 0.6640625 0.6219931271477663 0.66796875 0.6271477663230242 0.6671875 0.6082474226804124 0.6625 0.604810996563574 0.67109375 0.5807560137457045 0.66953125 0.5446735395189004 0.67265625 0.534364261168385 0.67265625 0.5103092783505155 0.6703125 0.4914089347079038 0.67578125 0.47938144329896915 0.675 0.45704467353951894 0.67265625 0.4518900343642612 0.675 0.422680412371134 0.675 0.35223367697594504 0.66875 0.3505154639175258 0.6578125 0.35738831615120276 0.628125 0.3539518900343643 0.62890625 0.3711340206185567 0.62109375 0.3556701030927835 0.61953125 0.3402061855670103 0.61953125 0.35223367697594504 0.61640625 0.3625429553264605 0.62265625 0.3711340206185567 0.62265625 0.3780068728522337 0.6171875 0.3814432989690722 0.61328125 0.42439862542955326 0.61640625 0.44673539518900346 0.61171875 0.4742268041237113 0.6140625 0.4896907216494846 0.6125 0.534364261168385
0 0.63046875 0.33676975945017185 0.628125 0.33333333333333337 0.6268229166666667 0.33476517754868274 0.63046875 0.33676975945017185
0 0.6234375 0.3384879725085911 0.6268229166666667 0.33476517754868274 0.62421875 0.33333333333333337 0.6234375 0.3384879725085911
0 0.484375 0.5670103092783505 0.48671875 0.6219931271477663 0.484375 0.7199312714776632 0.49140625 0.725085910652921 0.540625 0.7285223367697595 0.54296875 0.7199312714776632 0.54140625 0.5876288659793815 0.54453125 0.5756013745704468 0.5421875 0.5481099656357389 0.54453125 0.5085910652920963 0.54140625 0.4896907216494846 0.53671875 0.48453608247422686 0.49609375 0.4810996563573884 0.48984375 0.4862542955326461 0.4875 0.5034364261168386 0.490625 0.5429553264604812 0.484375 0.5670103092783505
0 0.6125 0.46563573883161513 0.61484375 0.4948453608247423 0.61171875 0.5326460481099657 0.6140625 0.5446735395189004 0.61015625 0.5618556701030928 0.6125 0.6013745704467355 0.609375 0.6134020618556701 0.6109375 0.6460481099656358 0.60859375 0.6563573883161513 0.609375 0.6941580756013745 0.60703125 0.7285223367697595 0.61796875 0.7353951890034365 0.66875 0.7371134020618557 0.66953125 0.6408934707903781 0.671875 0.6254295532646049 0.66953125 0.6013745704467355 0.671875 0.5824742268041238 0.6703125 0.5446735395189004 0.6734375 0.5326460481099657 0.6734375 0.5120274914089348 0.6703125 0.49312714776632305 0.675 0.48453608247422686 0.675 0.4587628865979382 0.67265625 0.44673539518900346 0.67578125 0.41580756013745707 0.675 0.38659793814432997 0.678125 0.37457044673539525 0.67578125 0.33333333333333337 0.68046875 0.3195876288659794 0.68125 0.2920962199312715 0.67890625 0.27835051546391754 0.68046875 0.2457044673539519 0.678125 0.2302405498281787 0.65 0.22336769759450173 0.621875 0.22852233676975947 0.61796875 0.23367697594501718 0.6171875 0.25945017182130586 0.61953125 0.2800687285223368 0.615625 0.3041237113402062 0.61796875 0.34192439862542956 0.61484375 0.3556701030927835 0.6171875 0.39518900343642616 0.6125 0.4261168384879725 0.61640625 0.4450171821305842 0.6125 0.46563573883161513
0 0.74921875 0.7422680412371134 0.7859375 0.7439862542955327 0.7890625 0.7371134020618557 0.7859375 0.731958762886598 0.77109375 0.731958762886598 0.76484375 0.725085910652921 0.765625 0.718213058419244 0.7578125 0.7233676975945018 0.74921875 0.7216494845360826 0.74140625 0.7302405498281788 0.74140625 0.738831615120275 0.74921875 0.7422680412371134
0 0.74296875 0.7147766323024055 0.759375 0.7147766323024055 0.75859375 0.7061855670103093 0.7546875 0.7010309278350516 0.7421875 0.7027491408934708 0.740625 0.7061855670103093 0.74296875 0.7147766323024055
0 0.7390625 0.6855670103092784 0.74375 0.6924398625429553 0.7640625 0.6907216494845361 0.76484375 0.7061855670103093 0.7671875 0.7096219931271478 0.76484375 0.7147766323024055 0.771875 0.711340206185567 0.78984375 0.7164948453608248 0.79296875 0.7130584192439863 0.79453125 0.6993127147766324 0.8015625 0.6890034364261168 0.8046875 0.5979381443298969 0.80078125 0.5807560137457045 0.80703125 0.577319587628866 0.79453125 0.563573883161512 0.79921875 0.5567010309278351 0.8 0.5498281786941581 0.796875 0.5463917525773196 0.74765625 0.5446735395189004 0.74765625 0.5549828178694158 0.7421875 0.570446735395189 0.74296875 0.5807560137457045 0.740625 0.5876288659793815 0.74375 0.6013745704467355 0.73984375 0.6202749140893471 0.74140625 0.6546391752577321 0.7390625 0.6855670103092784
0 0.578125 0.30068728522336774 0.584375 0.30584192439862545 0.61171875 0.30068728522336774 0.615625 0.288659793814433 0.61328125 0.23539518900343642 0.6109375 0.23195876288659795 0.59453125 0.22336769759450173 0.58125 0.22508591065292097 0.57421875 0.2405498281786942 0.57109375 0.22680412371134023 0.5609375 0.2302405498281787 0.55703125 0.22508591065292097 0.5515625 0.24398625429553267 0.55234375 0.302405498281787 0.578125 0.30068728522336774
0 0.1375 0.4347079037800688 0.14375 0.44158075601374575 0.14609375 0.4347079037800688 0.13203125 0.43298969072164956 0.12890625 0.43642611683848803 0.1375 0.4347079037800688
0 0.13203125 0.42783505154639184 0.1265625 0.4261168384879725 0.12421875 0.42783505154639184 0.13203125 0.42783505154639184
0 0.1125 0.365979381443299 0.1125 0.4037800687285224 0.12890625 0.41580756013745707 0.13828125 0.41065292096219935 0.14375 0.4261168384879725 0.146875 0.4020618556701031 0.1453125 0.3075601374570447 0.1125 0.31099656357388317 0.11484375 0.35738831615120276 0.1125 0.365979381443299
0 0.55546875 0.35223367697594504 0.571875 0.35223367697594504 0.580078125 0.34879725085910657 0.58125 0.34192439862542956 0.584375 0.34879725085910657 0.584375 0.34192439862542956 0.58984375 0.3298969072164949 0.609375 0.33161512027491413 0.6140625 0.3264604810996564 0.61484375 0.3195876288659794 0.6140625 0.302405498281787 0.609375 0.29381443298969073 0.5875 0.30068728522336774 0.553125 0.29896907216494845 0.55078125 0.3041237113402062 0.5515625 0.3470790378006873 0.55546875 0.35223367697594504
0 0.49921875 0.4484536082474227 0.54296875 0.4484536082474227 0.5453125 0.42783505154639184 0.54296875 0.36426116838487976 0.54609375 0.3556701030927835 0.54609375 0.30584192439862545 0.5390625 0.29896907216494845 0.534375 0.30927835051546393 0.50859375 0.31099656357388317 0.49609375 0.2972508591065292 0.49375 0.30068728522336774 0.49375 0.44158075601374575 0.49921875 0.4484536082474227
0 0.74375 0.48453608247422686 0.746875 0.5017182130584193 0.74296875 0.5240549828178694 0.7453125 0.5463917525773196 0.74140625 0.5876288659793815 0.74375 0.604810996563574 0.73984375 0.6219931271477663 0.740625 0.6941580756013745 0.7375 0.7079037800687286 0.73671875 0.7336769759450172 0.73984375 0.7405498281786942 0.75 0.7439862542955327 0.7984375 0.7474226804123713 0.8 0.731958762886598 0.79765625 0.7061855670103093 0.8015625 0.6890034364261168 0.8015625 0.6529209621993128 0.80390625 0.6426116838487973 0.80234375 0.6030927835051547 0.80625 0.5945017182130584 0.809375 0.5171821305841925 0.809375 0.4450171821305842 0.81171875 0.43298969072164956 0.81171875 0.3883161512027492 0.8140625 0.3814432989690722 0.8125 0.3402061855670103 0.8171875 0.3247422680412372 0.8171875 0.2766323024054983 0.81953125 0.2611683848797251 0.8171875 0.22852233676975947 0.81171875 0.22336769759450173 0.80703125 0.22852233676975947 0.76171875 0.22680412371134023 0.7609375 0.23711340206185566 0.753125 0.2508591065292097 0.75234375 0.3264604810996564 0.7484375 0.3384879725085911 0.74921875 0.34879725085910657 0.74609375 0.365979381443299 0.746875 0.46219931271477666 0.74375 0.48453608247422686
0 0.62265625 0.3041237113402062 0.67734375 0.30068728522336774 0.68203125 0.29553264604810997 0.6828125 0.2852233676975945 0.67890625 0.2577319587628866 0.67265625 0.25945017182130586 0.66328125 0.2714776632302406 0.61796875 0.2766323024054983 0.615625 0.29553264604810997 0.62265625 0.3041237113402062
0 0.084375 0.4587628865979382 0.08203125 0.4518900343642612 0.08125 0.45704467353951894 0.084375 0.4587628865979382
0 0.08125 0.44673539518900346 0.0921875 0.4398625429553265 0.0984375 0.4484536082474227 0.1046875 0.4484536082474227 0.10234375 0.443298969072165 0.10390625 0.4398625429553265 0.1125 0.43814432989690727 0.10625 0.4295532646048111 0.0953125 0.4295532646048111 0.090625 0.42439862542955326 0.078125 0.42783505154639184 0.07734375 0.43814432989690727 0.08125 0.44673539518900346
0 0.0765625 0.3247422680412372 0.0734375 0.3350515463917526 0.07421875 0.359106529209622 0.0796875 0.40549828178694164 0.07890625 0.4175257731958763 0.10859375 0.422680412371134 0.1109375 0.3934707903780069 0.1140625 0.38659793814432997 0.1125 0.34192439862542956 0.10859375 0.3195876288659794 0.1015625 0.30584192439862545 0.075 0.3075601374570447 0.0734375 0.3144329896907217 0.0765625 0.3247422680412372
0 0.61171875 0.42783505154639184 0.615625 0.43814432989690727 0.615625 0.44673539518900346 0.61171875 0.4810996563573884 0.615625 0.4896907216494846 0.61640625 0.5085910652920963 0.65703125 0.5068728522336771 0.659375 0.5051546391752578 0.65859375 0.49828178694158076 0.66796875 0.4965635738831615 0.675 0.4862542955326461 0.6734375 0.4484536082474227 0.6765625 0.4175257731958763 0.67578125 0.38659793814432997 0.678125 0.3762886597938145 0.675 0.3264604810996564 0.61953125 0.32817869415807566 0.6140625 0.3556701030927835 0.61640625 0.39518900343642616 0.61171875 0.42783505154639184
0 0.653125 0.3171875 0.003125 0.0015625
0 0.678125 0.3195876288659794 0.6765625 0.3144329896907217 0.675 0.3178694158075602 0.678125 0.3195876288659794
0 0.66484375 0.31271477663230246 0.6640625 0.31099656357388317 0.66328125 0.3178694158075602 0.66484375 0.31271477663230246
0 0.828125 0.281786941580756 0.82734375 0.3041237113402062 0.89453125 0.3075601374570447 0.8984375 0.23883161512027495 0.89375 0.2216494845360825 0.859375 0.21649484536082478 0.83046875 0.2216494845360825 0.82890625 0.23883161512027495 0.8234375 0.2525773195876289 0.8234375 0.2680412371134021 0.828125 0.281786941580756
0 0.3171875 0.32130584192439865 0.32109375 0.3505154639175258 0.35546875 0.3505154639175258 0.3578125 0.30068728522336774 0.3203125 0.30068728522336774 0.3171875 0.3075601374570447 0.3171875 0.32130584192439865
0 0.68203125 0.4484536082474227 0.678125 0.4604810996563574 0.6796875 0.5068728522336771 0.675 0.520618556701031 0.67734375 0.5549828178694158 0.67421875 0.5670103092783505 0.67578125 0.604810996563574 0.67265625 0.6237113402061857 0.67578125 0.6529209621993128 0.67265625 0.6666666666666667 0.675 0.6941580756013745 0.6703125 0.7164948453608248 0.67109375 0.731958762886598 0.68515625 0.7405498281786942 0.7328125 0.7405498281786942 0.73359375 0.6958762886597938 0.7375 0.6907216494845361 0.73671875 0.5979381443298969 0.74140625 0.5189003436426117 0.7390625 0.49312714776632305 0.7421875 0.4725085910652921 0.74140625 0.41924398625429554 0.74375 0.4123711340206186 0.74453125 0.38487972508591073 0.74140625 0.33676975945017185 0.7484375 0.3230240549828179 0.74609375 0.2869415807560137 0.74921875 0.2680412371134021 0.7484375 0.2577319587628866 0.6859375 0.2577319587628866 0.68515625 0.26460481099656363 0.68828125 0.2714776632302406 0.6875 0.29896907216494845 0.68359375 0.30927835051546393 0.6828125 0.3470790378006873 0.6796875 0.359106529209622 0.68046875 0.37972508591065296 0.68359375 0.38659793814432997 0.67734375 0.41408934707903783 0.67734375 0.4312714776632303 0.68203125 0.4484536082474227
0 0.55390625 0.47594501718213056 0.56015625 0.47594501718213056 0.56328125 0.45704467353951894 0.60859375 0.4518900343642612 0.61171875 0.41065292096219935 0.61015625 0.37457044673539525 0.6125 0.3694158075601375 0.6109375 0.3298969072164949 0.60859375 0.3230240549828179 0.575 0.3298969072164949 0.55390625 0.32130584192439865 0.55 0.3539518900343643 0.5484375 0.45360824742268047 0.55390625 0.47594501718213056
0 0.609375 0.3171875 0.00078125 0.0015625
0 0.609375 0.31015625 0.0015625 0.0015625
0 0.3328125 0.5549828178694158 0.3578125 0.5549828178694158 0.36015625 0.5257731958762888 0.35703125 0.5120274914089348 0.35859375 0.4896907216494846 0.35546875 0.4690721649484536 0.3390625 0.48453608247422686 0.334375 0.47938144329896915 0.33125 0.48453608247422686 0.32890625 0.47594501718213056 0.325 0.4776632302405499 0.32578125 0.5498281786941581 0.3328125 0.5549828178694158
0 0.8015625 0.7233676975945018 0.80234375 0.7474226804123713 0.8046875 0.7508591065292097 0.82109375 0.7560137457044674 0.8421875 0.7542955326460482 0.85390625 0.7611683848797252 0.87265625 0.7577319587628867 0.8734375 0.7285223367697595 0.86953125 0.7199312714776632 0.871875 0.711340206185567 0.8609375 0.7061855670103093 0.859375 0.6975945017182131 0.82734375 0.6941580756013745 0.828125 0.6804123711340206 0.8328125 0.6718213058419245 0.8515625 0.6701030927835052 0.85546875 0.6580756013745706 0.8625 0.661512027491409 0.8703125 0.6580756013745706 0.87265625 0.6512027491408936 0.875 0.6563573883161513 0.87734375 0.6529209621993128 0.8765625 0.6426116838487973 0.87421875 0.6494845360824744 0.85546875 0.6443298969072165 0.8453125 0.6512027491408936 0.8140625 0.6477663230240551 0.80546875 0.6752577319587629 0.80703125 0.7130584192439863 0.8015625 0.7233676975945018
0 0.115625 0.3075601374570447 0.1625 0.30068728522336774 0.1703125 0.29381443298969073 0.1671875 0.2852233676975945 0.140625 0.27835051546391754 0.10390625 0.281786941580756 0.10234375 0.29037800687285226 0.115625 0.3075601374570447
0 0.6875 0.302405498281787 0.73828125 0.3041237113402062 0.7515625 0.29553264604810997 0.7484375 0.281786941580756 0.75234375 0.2714776632302406 0.75078125 0.2457044673539519 0.74296875 0.2457044673539519 0.73984375 0.2525773195876289 0.72578125 0.2525773195876289 0.72109375 0.2457044673539519 0.7234375 0.2405498281786942 0.6890625 0.2405498281786942 0.684375 0.24914089347079038 0.68359375 0.29553264604810997 0.6875 0.302405498281787
0 0.83984375 0.5395189003436427 0.8359375 0.5309278350515465 0.81640625 0.534364261168385 0.81640625 0.5429553264604812 0.83984375 0.5395189003436427
0 0.8421875 0.5189003436426117 0.8390625 0.5171821305841925 0.83671875 0.5189003436426117 0.8421875 0.5189003436426117
0 0.834375 0.509375 0.0015625 0.0015625
0 0.81484375 0.4896907216494846 0.82265625 0.5051546391752578 0.8171875 0.5171821305841925 0.81796875 0.5223367697594502 0.828125 0.5223367697594502 0.82890625 0.5103092783505155 0.8265625 0.5068728522336771 0.8296875 0.49828178694158076 0.8578125 0.49828178694158076 0.86171875 0.5051546391752578 0.8546875 0.5103092783505155 0.8453125 0.5085910652920963 0.8484375 0.5257731958762888 0.84453125 0.5292096219931273 0.84296875 0.5395189003436427 0.8796875 0.5481099656357389 0.8796875 0.5326460481099657 0.88203125 0.5257731958762888 0.88046875 0.5068728522336771 0.88359375 0.5 0.88515625 0.4776632302405499 0.884375 0.4587628865979382 0.8890625 0.443298969072165 0.88828125 0.39862542955326463 0.89140625 0.38659793814432997 0.89140625 0.3625429553264605 0.88671875 0.35738831615120276 0.88515625 0.34879725085910657 0.89375 0.3350515463917526 0.89375 0.3064140893470791 0.8890625 0.302405498281787 0.89375 0.29667869415807563 0.89140625 0.288659793814433 0.89375 0.2869415807560137 0.89375 0.25945017182130586 0.884375 0.26460481099656363 0.88515625 0.27491408934707906 0.88203125 0.27835051546391754 0.88671875 0.28350515463917525 0.8859375 0.3041237113402062 0.83515625 0.30584192439862545 0.828125 0.29896907216494845 0.82421875 0.30584192439862545 0.821875 0.3144329896907217 0.8234375 0.3556701030927835 0.8171875 0.37457044673539525 0.821875 0.40549828178694164 0.81640625 0.4175257731958763 0.815625 0.42783505154639184 0.81796875 0.4604810996563574 0.81484375 0.4896907216494846
0 0.46875 0.5979381443298969 0.46953125 0.5463917525773196 0.46640625 0.5446735395189004 0.4609375 0.5515463917525774 0.4578125 0.5429553264604812 0.4515625 0.5481099656357389 0.45078125 0.5429553264604812 0.44609375 0.5412371134020619 0.44609375 0.5498281786941581 0.4421875 0.5567010309278351 0.43984375 0.5429553264604812 0.43515625 0.5412371134020619 0.434375 0.5498281786941581 0.4328125 0.5945017182130584 0.46875 0.5979381443298969
0 0.32421875 0.4175257731958763 0.353125 0.41408934707903783 0.3578125 0.359106529209622 0.35703125 0.31271477663230246 0.321875 0.31099656357388317 0.31875 0.3178694158075602 0.31953125 0.3625429553264605 0.32421875 0.4175257731958763
0 0.4890625 0.725085910652921 0.51640625 0.725085910652921 0.5375 0.731958762886598 0.54296875 0.7216494845360826 0.540625 0.6804123711340206 0.4890625 0.6718213058419245 0.48671875 0.6735395189003437 0.484375 0.6924398625429553 0.48359375 0.7147766323024055 0.4890625 0.725085910652921
0 0.57265625 0.3144329896907217 0.57734375 0.30584192439862545 0.5671875 0.302405498281787 0.57109375 0.30584192439862545 0.57265625 0.3144329896907217
0 0.61953125 0.3298969072164949 0.67578125 0.3298969072164949 0.68046875 0.3247422680412372 0.6796875 0.30584192439862545 0.6828125 0.29896907216494845 0.68125 0.2920962199312715 0.68359375 0.281786941580756 0.678125 0.2800687285223368 0.66875 0.29381443298969073 0.65859375 0.29896907216494845 0.63515625 0.29381443298969073 0.62578125 0.2972508591065292 0.61953125 0.2852233676975945 0.61484375 0.30068728522336774 0.6140625 0.3230240549828179 0.61953125 0.3298969072164949
0 0.68203125 0.2731958762886598 0.68046875 0.25945017182130586 0.671875 0.2628865979381444 0.671875 0.26975945017182135 0.68203125 0.2731958762886598
0 0.084375 0.43814432989690727 0.08203125 0.42783505154639184 0.0796875 0.42783505154639184 0.078125 0.43814432989690727 0.084375 0.43814432989690727
0 0.078125 0.38659793814432997 0.08359375 0.3883161512027492 0.08984375 0.4123711340206186 0.0984375 0.41408934707903783 0.10546875 0.4089347079037801 0.10859375 0.4175257731958763 0.1109375 0.40034364261168387 0.10859375 0.3969072164948454 0.11328125 0.3883161512027492 0.11328125 0.35223367697594504 0.109375 0.3195876288659794 0.0984375 0.3041237113402062 0.07421875 0.3075601374570447 0.07421875 0.3608247422680413 0.078125 0.38659793814432997
0 0.39765625 0.3711340206185567 0.43203125 0.36769759450171824 0.43359375 0.33333333333333337 0.43046875 0.31271477663230246 0.421875 0.30584192439862545 0.40078125 0.30584192439862545 0.39453125 0.31099656357388317 0.39296875 0.3230240549828179 0.39765625 0.3711340206185567
0 0.1515625 0.4089347079037801 0.14921875 0.44673539518900346 0.15 0.47594501718213056 0.15234375 0.4828178694158076 0.15078125 0.5120274914089348 0.153125 0.5945017182130584 0.18515625 0.6013745704467355 0.1890625 0.5962199312714777 0.1890625 0.563573883161512 0.1859375 0.5378006872852235 0.1890625 0.48453608247422686 0.18515625 0.4518900343642612 0.1828125 0.3917525773195877 0.18671875 0.3762886597938145 0.18515625 0.3350515463917526 0.18203125 0.31271477663230246 0.178125 0.30584192439862545 0.15078125 0.30584192439862545 0.1484375 0.31099656357388317 0.146875 0.35738831615120276 0.1515625 0.4089347079037801
0 0.26171875 0.30927835051546393 0.2984375 0.3144329896907217 0.31328125 0.3230240549828179 0.31796875 0.302405498281787 0.31640625 0.29553264604810997 0.2875 0.2852233676975945 0.2578125 0.288659793814433 0.253125 0.29896907216494845 0.26171875 0.30927835051546393
0 0.3625 0.5171821305841925 0.3625 0.5326460481099657 0.36015625 0.5360824742268042 0.3625 0.5876288659793815 0.39765625 0.5910652920962199 0.3953125 0.5807560137457045 0.396875 0.5378006872852235 0.39453125 0.5120274914089348 0.38359375 0.5051546391752578 0.3734375 0.5085910652920963 0.36953125 0.5017182130584193 0.365625 0.5051546391752578 0.3625 0.49312714776632305 0.36171875 0.49828178694158076 0.36875 0.5120274914089348 0.3625 0.5171821305841925
0 0.14765625 0.41580756013745707 0.14765625 0.44673539518900346 0.15 0.4587628865979382 0.14921875 0.4742268041237113 0.15390625 0.5 0.15234375 0.5068728522336771 0.1578125 0.5068728522336771 0.1609375 0.5 0.16796875 0.5068728522336771 0.178125 0.5017182130584193 0.18203125 0.5051546391752578 0.1875 0.4810996563573884 0.18515625 0.4742268041237113 0.18515625 0.4295532646048111 0.18125 0.4089347079037801 0.18203125 0.3969072164948454 0.17734375 0.38659793814432997 0.165625 0.3883161512027492 0.1625 0.38316151202749144 0.15078125 0.38316151202749144 0.1484375 0.3934707903780069 0.15 0.4072164948453609 0.14765625 0.41580756013745707
0 0.26328125 0.3780068728522337 0.2625 0.4587628865979382 0.26796875 0.5360824742268042 0.2671875 0.570446735395189 0.27109375 0.5807560137457045 0.26875 0.6013745704467355 0.30625 0.604810996563574 0.309375 0.5790378006872853 0.32265625 0.5601374570446735 0.31875 0.38316151202749144 0.31640625 0.372852233676976 0.31796875 0.359106529209622 0.3140625 0.31099656357388317 0.30546875 0.302405498281787 0.28046875 0.2972508591065292 0.26796875 0.29896907216494845 0.26171875 0.3075601374570447 0.26015625 0.35223367697594504 0.26328125 0.3780068728522337
0 0.48984375 0.4828178694158076 0.528125 0.4810996563573884 0.54296875 0.4862542955326461 0.55 0.4776632302405499 0.546875 0.46219931271477666 0.5390625 0.4518900343642612 0.49375 0.4518900343642612 0.4859375 0.4604810996563574 0.48515625 0.47594501718213056 0.48984375 0.4828178694158076
0 0.46640625 0.5979381443298969 0.47109375 0.5446735395189004 0.4703125 0.32817869415807566 0.465625 0.30927835051546393 0.43828125 0.30927835051546393 0.434375 0.3144329896907217 0.43359375 0.5945017182130584 0.46640625 0.5979381443298969
0 0.80859375 0.6993127147766324 0.8078125 0.7130584192439863 0.803125 0.7233676975945018 0.803125 0.7439862542955327 0.80625 0.7508591065292097 0.84765625 0.7542955326460482 0.85546875 0.7611683848797252 0.86796875 0.7594501718213059 0.87265625 0.752577319587629 0.87265625 0.7285223367697595 0.86875 0.7164948453608248 0.87734375 0.7079037800687286 0.8765625 0.6855670103092784 0.87890625 0.668384879725086 0.88671875 0.6804123711340206 0.88515625 0.6494845360824744 0.88125 0.6408934707903781 0.8828125 0.604810996563574 0.88046875 0.5945017182130584 0.8796875 0.5567010309278351 0.88515625 0.47938144329896915 0.88359375 0.4604810996563574 0.88828125 0.4450171821305842 0.8875 0.39862542955326463 0.890625 0.39003436426116844 0.890625 0.3608247422680413 0.884375 0.35223367697594504 0.884375 0.34536082474226804 0.89296875 0.33333333333333337 0.89453125 0.25429553264604815 0.896875 0.24398625429553267 0.89375 0.23711340206185566 0.89375 0.22852233676975947 0.83671875 0.22336769759450173 0.8328125 0.22680412371134023 0.82578125 0.2508591065292097 0.825 0.2611683848797251 0.82890625 0.2869415807560137 0.82109375 0.3144329896907217 0.8234375 0.3539518900343643 0.8171875 0.372852233676976 0.82265625 0.4072164948453609 0.815625 0.41924398625429554 0.8140625 0.4347079037800688 0.8171875 0.4518900343642612 0.81328125 0.4776632302405499 0.81328125 0.4914089347079038 0.8171875 0.5085910652920963 0.8125 0.5395189003436427 0.815625 0.5601374570446735 0.81015625 0.577319587628866 0.8125 0.6116838487972509 0.80859375 0.6271477663230242 0.809375 0.6597938144329898 0.8046875 0.6769759450171822 0.80546875 0.6924398625429553 0.80859375 0.6993127147766324
0 0.73828125 0.7422680412371134 0.78671875 0.7508591065292097 0.80078125 0.7474226804123713 0.80078125 0.7233676975945018 0.7984375 0.7130584192439863 0.80078125 0.7010309278350516 0.79765625 0.6890034364261168 0.8 0.6821305841924399 0.79765625 0.6872852233676976 0.7953125 0.6804123711340206 0.796875 0.6752577319587629 0.79296875 0.6718213058419245 0.78828125 0.6821305841924399 0.787109375 0.6735395189003437 0.784375 0.6786941580756014 0.7828125 0.6735395189003437 0.7859375 0.6872852233676976 0.78359375 0.6907216494845361 0.76484375 0.6821305841924399 0.75859375 0.6735395189003437 0.74765625 0.6769759450171822 0.73984375 0.6872852233676976 0.7359375 0.7061855670103093 0.7359375 0.738831615120275 0.73828125 0.7422680412371134
0 0.39453125 0.30927835051546393 0.43125 0.30927835051546393 0.43359375 0.30068728522336774 0.42890625 0.29381443298969073 0.3890625 0.29553264604810997 0.38671875 0.302405498281787 0.39453125 0.30927835051546393
0 0.0984375 0.563573883161512 0.10546875 0.5876288659793815 0.1125 0.5910652920962199 0.1125 0.5824742268041238 0.11640625 0.577319587628866 0.11796875 0.5412371134020619 0.1125 0.4810996563573884 0.0875 0.4810996563573884 0.08828125 0.5068728522336771 0.0984375 0.563573883161512
0 0.5703125 0.2984375 0.00078125 0.0015625
0 0.553125 0.4810996563573884 0.56015625 0.4828178694158076 0.60546875 0.4828178694158076 0.60859375 0.4690721649484536 0.6078125 0.443298969072165 0.61171875 0.40549828178694164 0.61015625 0.38487972508591073 0.61328125 0.3470790378006873 0.61328125 0.302405498281787 0.61015625 0.29553264604810997 0.609375 0.281786941580756 0.5984375 0.29553264604810997 0.5875 0.30068728522336774 0.58515625 0.31615120274914094 0.55390625 0.2972508591065292 0.54921875 0.35223367697594504 0.55 0.4742268041237113 0.553125 0.4810996563573884
0 0.6125 0.2628865979381444 0.6125 0.2525773195876289 0.60859375 0.2508591065292097 0.6078125 0.2577319587628866 0.6125 0.2628865979381444
0 0.55703125 0.2577319587628866 0.56015625 0.26460481099656363 0.56328125 0.25945017182130586 0.5640625 0.26460481099656363 0.5625 0.24914089347079038 0.56640625 0.2560137457044674 0.57734375 0.24742268041237114 0.55390625 0.2457044673539519 0.55390625 0.2731958762886598 0.55703125 0.2577319587628866
0 0.49453125 0.31099656357388317 0.52578125 0.31271477663230246 0.54609375 0.3075601374570447 0.5484375 0.27491408934707906 0.5484375 0.2577319587628866 0.54609375 0.2508591065292097 0.53359375 0.2457044673539519 0.49375 0.24914089347079038 0.4921875 0.2972508591065292 0.49453125 0.31099656357388317
0 0.7375 0.2577319587628866 0.7515625 0.2508591065292097 0.75625 0.23711340206185566 0.75625 0.22680412371134023 0.74921875 0.21821305841924402 0.72265625 0.21821305841924402 0.68359375 0.22680412371134023 0.68515625 0.2560137457044674 0.7375 0.2577319587628866
0 0.60859375 0.6202749140893471 0.60859375 0.6323024054982819 0.61171875 0.6391752577319588 0.609375 0.6735395189003437 0.6125 0.6804123711340206 0.6671875 0.6838487972508591 0.66953125 0.6786941580756014 0.6671875 0.6477663230240551 0.671875 0.6340206185567011 0.6703125 0.5996563573883162 0.67265625 0.5824742268041238 0.67109375 0.5446735395189004 0.6734375 0.5120274914089348 0.66796875 0.4965635738831615 0.665625 0.5017182130584193 0.65078125 0.5034364261168386 0.6453125 0.5103092783505155 0.6140625 0.5085910652920963 0.61171875 0.5154639175257733 0.61875 0.5292096219931273 0.61328125 0.534364261168385 0.61328125 0.5463917525773196 0.609375 0.5618556701030928 0.61171875 0.5996563573883162 0.60859375 0.6202749140893471
0 0.46875 0.5979381443298969 0.48125 0.5996563573883162 0.484375 0.5945017182130584 0.48359375 0.5652920962199313 0.4890625 0.5429553264604812 0.48828125 0.5326460481099657 0.48359375 0.5257731958762888 0.4875 0.5 0.48046875 0.49828178694158076 0.47890625 0.48797250859106533 0.4734375 0.4896907216494846 0.471875 0.4965635738831615 0.47265625 0.5257731958762888 0.46875 0.5979381443298969
0 0.16875 0.3814432989690722 0.17578125 0.3780068728522337 0.17890625 0.38316151202749144 0.175 0.372852233676976 0.165625 0.372852233676976 0.16484375 0.3780068728522337 0.1609375 0.372852233676976 0.15078125 0.3762886597938145 0.16875 0.3814432989690722
0 0.15 0.3470790378006873 0.15078125 0.3625429553264605 0.15234375 0.3539518900343643 0.15625 0.3539518900343643 0.16015625 0.3625429553264605 0.18359375 0.3625429553264605 0.18359375 0.30584192439862545 0.17265625 0.30068728522336774 0.146875 0.3075601374570447 0.14765625 0.3436426116838488 0.15 0.3470790378006873
0 0.7390625 0.6288659793814434 0.740625 0.6597938144329898 0.73828125 0.6838487972508591 0.740625 0.6975945017182131 0.73671875 0.7199312714776632 0.7375 0.7353951890034365 0.74921875 0.7439862542955327 0.79765625 0.7474226804123713 0.79921875 0.7302405498281788 0.796875 0.7130584192439863 0.7984375 0.6993127147766324 0.80234375 0.6924398625429553 0.80390625 0.6529209621993128 0.80625 0.6443298969072165 0.8046875 0.6065292096219932 0.80703125 0.5996563573883162 0.80703125 0.5360824742268042 0.809375 0.5257731958762888 0.8078125 0.49828178694158076 0.79375 0.49312714776632305 0.74765625 0.4948453608247423 0.74375 0.5171821305841925 0.74375 0.5326460481099657 0.74609375 0.534364261168385 0.74453125 0.5567010309278351 0.73984375 0.5876288659793815 0.74296875 0.604810996563574 0.7390625 0.6288659793814434
0 0.3625 0.5171821305841925 0.359375 0.5412371134020619 0.3625 0.5876288659793815 0.39765625 0.5910652920962199 0.3953125 0.5824742268041238 0.396875 0.5412371134020619 0.39453125 0.513745704467354 0.3828125 0.5051546391752578 0.36796875 0.513745704467354 0.36875 0.5 0.3625 0.49312714776632305 0.36171875 0.49828178694158076 0.36640625 0.5171821305841925 0.3625 0.5171821305841925
0 0.0765625 0.3230240549828179 0.07421875 0.33161512027491413 0.07421875 0.3556701030927835 0.078125 0.40549828178694164 0.07734375 0.443298969072165 0.0984375 0.563573883161512 0.10546875 0.5876288659793815 0.11328125 0.5910652920962199 0.11640625 0.577319587628866 0.1171875 0.5446735395189004 0.11640625 0.5154639175257733 0.1140625 0.5068728522336771 0.1140625 0.46219931271477666 0.11796875 0.4450171821305842 0.11171875 0.4089347079037801 0.11328125 0.35223367697594504 0.1109375 0.32817869415807566 0.1015625 0.30584192439862545 0.0828125 0.3041237113402062 0.0734375 0.30927835051546393 0.07265625 0.31615120274914094 0.0765625 0.3230240549828179
0 0.325 0.5498281786941581 0.328125 0.5549828178694158 0.35859375 0.5567010309278351 0.3609375 0.527491408934708 0.3578125 0.5120274914089348 0.359375 0.4896907216494846 0.35546875 0.4690721649484536 0.33828125 0.4862542955326461 0.33125 0.4862542955326461 0.3265625 0.4776632302405499 0.32421875 0.47938144329896915 0.325 0.5498281786941581
0 0.6703125 0.7164948453608248 0.67265625 0.7371134020618557 0.72421875 0.7439862542955327 0.734375 0.7405498281786942 0.73515625 0.7096219931271478 0.73984375 0.6924398625429553 0.7375 0.6666666666666667 0.7375 0.5549828178694158 0.73359375 0.5584192439862543 0.73203125 0.5463917525773196 0.728125 0.5412371134020619 0.68046875 0.5412371134020619 0.68125 0.5532646048109966 0.675 0.5670103092783505 0.678125 0.5807560137457045 0.67421875 0.5945017182130584 0.6765625 0.6030927835051547 0.67265625 0.6219931271477663 0.675 0.6512027491408936 0.67109375 0.6838487972508591 0.67421875 0.6941580756013745 0.6703125 0.7164948453608248
0 0.67890625 0.51796875 0.0015625 0.0015625
0 0.484375 0.5979381443298969 0.48359375 0.5652920962199313 0.48828125 0.534364261168385 0.48359375 0.5257731958762888 0.4859375 0.5 0.4828125 0.48797250859106533 0.47265625 0.4914089347079038 0.47265625 0.527491408934708 0.46953125 0.5601374570446735 0.46875 0.5979381443298969 0.484375 0.5979381443298969
0 0.3359375 0.5549828178694158 0.35546875 0.5549828178694158 0.3578125 0.5515463917525774 0.35703125 0.5360824742268042 0.359375 0.5292096219931273 0.35703125 0.513745704467354 0.35625 0.42439862542955326 0.3578125 0.3178694158075602 0.35625 0.31099656357388317 0.34609375 0.3075601374570447 0.31953125 0.31271477663230246 0.3265625 0.5481099656357389 0.3359375 0.5549828178694158
0 0.4671875 0.5979381443298969 0.47109375 0.5481099656357389 0.4703125 0.5 0.46796875 0.4914089347079038 0.44921875 0.49828178694158076 0.44765625 0.49312714776632305 0.4421875 0.4948453608247423 0.4359375 0.4862542955326461 0.4390625 0.4948453608247423 0.43515625 0.49828178694158076 0.434375 0.5103092783505155 0.43359375 0.5927835051546392 0.4671875 0.5979381443298969
0 0.14921875 0.3883161512027492 0.15703125 0.39518900343642616 0.18125 0.3969072164948454 0.1859375 0.3762886597938145 0.1828125 0.31271477663230246 0.17890625 0.30584192439862545 0.15078125 0.30584192439862545 0.1484375 0.31099656357388317 0.146875 0.359106529209622 0.14921875 0.3883161512027492
0 0.80859375 0.6254295532646049 0.809375 0.6597938144329898 0.8046875 0.6855670103092784 0.81015625 0.6993127147766324 0.81015625 0.718213058419244 0.81640625 0.7233676975945018 0.80703125 0.7336769759450172 0.80546875 0.7474226804123713 0.8453125 0.7474226804123713 0.85546875 0.7577319587628867 0.86875 0.7542955326460482 0.86796875 0.7371134020618557 0.8703125 0.731958762886598 0.865625 0.7233676975945018 0.865625 0.7164948453608248 0.8765625 0.7061855670103093 0.87578125 0.6718213058419245 0.88125 0.6632302405498283 0.8828125 0.6512027491408936 0.88046875 0.6426116838487973 0.8828125 0.604810996563574 0.88046875 0.5945017182130584 0.88046875 0.5017182130584193 0.8703125 0.4965635738831615 0.84921875 0.5 0.8171875 0.4948453608247423 0.815625 0.5017182130584193 0.81875 0.5120274914089348 0.8140625 0.5240549828178694 0.8140625 0.5326460481099657 0.821875 0.5395189003436427 0.81484375 0.5481099656357389 0.81484375 0.563573883161512 0.809375 0.5790378006872853 0.81171875 0.6151202749140894 0.80859375 0.6254295532646049
0 0.31015625 0.6082474226804124 0.34609375 0.6099656357388317 0.36015625 0.5910652920962199 0.35859375 0.5618556701030928 0.35234375 0.5567010309278351 0.328125 0.5601374570446735 0.31171875 0.5807560137457045 0.30859375 0.5979381443298969 0.31015625 0.6082474226804124
0 0.790625 0.3264604810996564 0.78671875 0.3230240549828179 0.7828125 0.3247422680412372 0.790625 0.3264604810996564
0 0.8015625 0.3230240549828179 0.79921875 0.32130584192439865 0.79609375 0.3247422680412372 0.8015625 0.3230240549828179
0 0.7546875 0.30584192439862545 0.77265625 0.31099656357388317 0.81796875 0.29896907216494845 0.8171875 0.281786941580756 0.82265625 0.2731958762886598 0.81875 0.22680412371134023 0.809375 0.2216494845360825 0.7578125 0.2302405498281787 0.7515625 0.25429553264604815 0.7546875 0.30584192439862545
0 0.246875 0.604810996563574 0.26640625 0.6030927835051547 0.26953125 0.5807560137457045 0.26640625 0.5721649484536082 0.265625 0.5189003436426117 0.26171875 0.5051546391752578 0.2484375 0.5034364261168386 0.23984375 0.5085910652920963 0.23359375 0.5034364261168386 0.23203125 0.5171821305841925 0.2328125 0.5996563573883162 0.246875 0.604810996563574
0 0.54609375 0.5601374570446735 0.54609375 0.577319587628866 0.5484375 0.584192439862543 0.5453125 0.6116838487972509 0.5484375 0.6374570446735396 0.54609375 0.6769759450171822 0.60234375 0.6855670103092784 0.60625 0.668384879725086 0.60390625 0.6460481099656358 0.60703125 0.6271477663230242 0.60546875 0.5979381443298969 0.6078125 0.584192439862543 0.60703125 0.5481099656357389 0.609375 0.5240549828178694 0.60625 0.4862542955326461 0.55234375 0.4828178694158076 0.54609375 0.5103092783505155 0.5484375 0.5446735395189004 0.54609375 0.5601374570446735
0 0.74375 0.4862542955326461 0.74609375 0.5034364261168386 0.74296875 0.520618556701031 0.74453125 0.5463917525773196 0.740625 0.5859106529209622 0.74375 0.6030927835051547 0.73984375 0.6219931271477663 0.740625 0.6941580756013745 0.73671875 0.7147766323024055 0.73671875 0.7336769759450172 0.73984375 0.7405498281786942 0.74921875 0.7439862542955327 0.7984375 0.7474226804123713 0.8 0.725085910652921 0.79765625 0.711340206185567 0.80234375 0.6890034364261168 0.80234375 0.6546391752577321 0.8046875 0.6443298969072165 0.803125 0.6065292096219932 0.80703125 0.5962199312714777 0.81015625 0.5309278350515465 0.80859375 0.4948453608247423 0.81328125 0.41408934707903783 0.81171875 0.3969072164948454 0.81484375 0.3762886597938145 0.8125 0.3384879725085911 0.8171875 0.3230240549828179 0.8171875 0.30584192439862545 0.81328125 0.30068728522336774 0.79609375 0.30068728522336774 0.78984375 0.30584192439862545 0.7828125 0.29896907216494845 0.78203125 0.288659793814433 0.77890625 0.288659793814433 0.77578125 0.2972508591065292 0.76875 0.29896907216494845 0.7671875 0.2920962199312715 0.76171875 0.29896907216494845 0.75859375 0.29381443298969073 0.75546875 0.2972508591065292 0.75234375 0.31271477663230246 0.753125 0.3264604810996564 0.74609375 0.36426116838487976 0.74765625 0.4037800687285224 0.74453125 0.4209621993127148 0.74609375 0.4639175257731959 0.74375 0.4862542955326461
0 0.77265625 0.2714776632302406 0.76875 0.26975945017182135 0.76796875 0.2731958762886598 0.77265625 0.2714776632302406
0 0.771875 0.26171875 0.0015625 0.0015625
0 0.75859375 0.2628865979381444 0.75546875 0.2508591065292097 0.7546875 0.2611683848797251 0.75859375 0.2628865979381444
0 0.759375 0.24453125 0.00234375 0.0015625
0 0.3265625 0.48046875 0.00390625 0.0015625
0 0.3265625 0.5103092783505155 0.32421875 0.5223367697594502 0.325 0.5498281786941581 0.33125 0.5549828178694158 0.35859375 0.5549828178694158 0.3578125 0.5378006872852235 0.36015625 0.5257731958762888 0.35703125 0.5120274914089348 0.35859375 0.4914089347079038 0.35546875 0.4742268041237113 0.34765625 0.47938144329896915 0.35078125 0.48453608247422686 0.3484375 0.4948453608247423 0.34609375 0.4896907216494846 0.33125 0.4948453608247423 0.32734375 0.4862542955326461 0.32421875 0.4948453608247423 0.3265625 0.5103092783505155
0 0.36171875 0.584192439862543 0.39375 0.5910652920962199 0.396875 0.5395189003436427 0.39453125 0.3178694158075602 0.3890625 0.30927835051546393 0.36328125 0.30927835051546393 0.359375 0.3144329896907217 0.35859375 0.44673539518900346 0.36171875 0.584192439862543
0 0.55 0.65390625 0.00078125 0.0015625
0 0.546875 0.7302405498281788 0.59609375 0.7371134020618557 0.60546875 0.7302405498281788 0.603125 0.6993127147766324 0.60546875 0.6529209621993128 0.58828125 0.6563573883161513 0.584375 0.6494845360824744 0.58515625 0.6408934707903781 0.5890625 0.6357388316151203 0.5859375 0.6323024054982819 0.578125 0.6357388316151203 0.5796875 0.6494845360824744 0.5734375 0.6546391752577321 0.5765625 0.6649484536082475 0.57109375 0.6701030927835052 0.5515625 0.6735395189003437 0.546875 0.6580756013745706 0.54609375 0.6666666666666667 0.55 0.6752577319587629 0.54453125 0.6890034364261168 0.54375 0.7199312714776632 0.546875 0.7302405498281788
0 0.6578125 0.49765625 0.00078125 0.0015625
0 0.66015625 0.738831615120275 0.66875 0.7336769759450172 0.66484375 0.7061855670103093 0.67109375 0.6804123711340206 0.6703125 0.5412371134020619 0.67265625 0.534364261168385 0.67265625 0.5103092783505155 0.66796875 0.49312714776632305 0.6640625 0.4914089347079038 0.66171875 0.5 0.6546875 0.5017182130584193 0.65390625 0.4896907216494846 0.65078125 0.5 0.64765625 0.4948453608247423 0.64921875 0.4896907216494846 0.64375 0.4896907216494846 0.65078125 0.5017182130584193 0.64453125 0.5103092783505155 0.6375 0.5051546391752578 0.615625 0.5051546391752578 0.6125 0.5120274914089348 0.61484375 0.5292096219931273 0.6125 0.5292096219931273 0.61328125 0.5463917525773196 0.609375 0.563573883161512 0.6109375 0.604810996563574 0.60859375 0.6134020618556701 0.60859375 0.731958762886598 0.66015625 0.738831615120275
0 0.1171875 0.5927835051546392 0.1515625 0.5962199312714777 0.15 0.5292096219931273 0.14140625 0.5240549828178694 0.14375 0.513745704467354 0.12890625 0.5068728522336771 0.1265625 0.5120274914089348 0.11953125 0.5120274914089348 0.11796875 0.5257731958762888 0.11953125 0.5395189003436427 0.1171875 0.5927835051546392
0 0.39921875 0.4209621993127148 0.43203125 0.42439862542955326 0.4296875 0.4037800687285224 0.4328125 0.3969072164948454 0.43125 0.37457044673539525 0.43359375 0.35738831615120276 0.43046875 0.31615120274914094 0.42265625 0.30927835051546393 0.4015625 0.30927835051546393 0.3953125 0.31615120274914094 0.39453125 0.3625429553264605 0.39921875 0.4209621993127148
0 0.23046875 0.5549828178694158 0.23359375 0.5996563573883162 0.26484375 0.6030927835051547 0.26875 0.5790378006872853 0.26640625 0.570446735395189 0.2671875 0.527491408934708 0.26171875 0.4862542955326461 0.2578125 0.47594501718213056 0.25078125 0.47594501718213056 0.2484375 0.4810996563573884 0.24609375 0.47594501718213056 0.24375 0.48453608247422686 0.23984375 0.48453608247422686 0.2390625 0.4776632302405499 0.23515625 0.47594501718213056 0.23046875 0.48453608247422686 0.23046875 0.5549828178694158
0 0.26328125 0.37972508591065296 0.2625 0.3969072164948454 0.26484375 0.4037800687285224 0.2640625 0.4175257731958763 0.26171875 0.4209621993127148 0.26484375 0.4312714776632303 0.28203125 0.43814432989690727 0.31328125 0.43298969072164956 0.3171875 0.43642611683848803 0.31875 0.37972508591065296 0.3140625 0.3144329896907217 0.30078125 0.3041237113402062 0.29296875 0.31099656357388317 0.26484375 0.3041237113402062 0.26171875 0.31271477663230246 0.26015625 0.359106529209622 0.26328125 0.37972508591065296
0 0.43515625 0.4261168384879725 0.46953125 0.42783505154639184 0.47109375 0.34192439862542956 0.4671875 0.3144329896907217 0.44140625 0.30927835051546393 0.43359375 0.3178694158075602 0.4328125 0.3883161512027492 0.43515625 0.4261168384879725
0 0.2671875 0.5 0.3203125 0.5017182130584193 0.32109375 0.46563573883161513 0.31796875 0.43298969072164956 0.31484375 0.4261168384879725 0.3171875 0.4209621993127148 0.3140625 0.422680412371134 0.31171875 0.4175257731958763 0.3140625 0.4072164948453609 0.309375 0.40549828178694164 0.30234375 0.41580756013745707 0.3015625 0.41065292096219935 0.30078125 0.42439862542955326 0.29453125 0.4312714776632303 0.27734375 0.4261168384879725 0.265625 0.4261168384879725 0.26328125 0.4312714776632303 0.2640625 0.4810996563573884 0.2671875 0.5
0 0.51171875 0.44609375 0.0015625 0.0015625
0 0.5359375 0.44158075601374575 0.53828125 0.43814432989690727 0.5359375 0.43298969072164956 0.53359375 0.43814432989690727 0.5359375 0.44158075601374575
0 0.496875 0.4209621993127148 0.49765625 0.4398625429553265 0.51822890625 0.43814432989690727 0.52109375 0.4312714776632303 0.5223960937500001 0.43814432989690727 0.5265625 0.43814432989690727 0.52578125 0.4209621993127148 0.5359375 0.42783505154639184 0.5390625 0.42439862542955326 0.54296875 0.4347079037800688 0.540625 0.42439862542955326 0.54296875 0.42439862542955326 0.54140625 0.41924398625429554 0.54609375 0.39862542955326463 0.54609375 0.3625429553264605 0.54296875 0.35223367697594504 0.521875 0.35738831615120276 0.5015625 0.3505154639175258 0.49453125 0.36426116838487976 0.4921875 0.3969072164948454 0.496875 0.4209621993127148
0 0.19140625 0.5996563573883162 0.225 0.6030927835051547 0.23046875 0.5979381443298969 0.23125 0.5360824742268042 0.2265625 0.5051546391752578 0.225 0.5120274914089348 0.2203125 0.5154639175257733 0.19921875 0.5120274914089348 0.1875 0.5171821305841925 0.18671875 0.5378006872852235 0.19140625 0.5996563573883162
0 0.1890625 0.5068728522336771 0.20390625 0.5017182130584193 0.19375 0.5 0.1890625 0.5017182130584193 0.1890625 0.5068728522336771
0 0.428125 0.49765625 0.00078125 0.0015625
0 0.3984375 0.47594501718213056 0.4 0.4810996563573884 0.43203125 0.48453608247422686 0.4328125 0.3625429553264605 0.43046875 0.32130584192439865 0.425 0.31099656357388317 0.40078125 0.31099656357388317 0.39609375 0.3178694158075602 0.39453125 0.359106529209622 0.3984375 0.47594501718213056
0 0.18046875 0.47938144329896915 0.1734375 0.47594501718213056 0.1765625 0.4810996563573884 0.18046875 0.47938144329896915
0 0.1203125 0.3546875 0.003125 0.0015625
0 0.14296875 0.359106529209622 0.14765625 0.4037800687285224 0.1453125 0.4175257731958763 0.1484375 0.4484536082474227 0.1515625 0.45704467353951894 0.15 0.4776632302405499 0.15390625 0.4862542955326461 0.1703125 0.47938144329896915 0.1625 0.46219931271477666 0.15390625 0.4604810996563574 0.15703125 0.45360824742268047 0.18125 0.4484536082474227 0.17890625 0.4450171821305842 0.184375 0.42439862542955326 0.18203125 0.38487972508591073 0.1859375 0.37457044673539525 0.18203125 0.3230240549828179 0.17578125 0.30584192439862545 0.1484375 0.30584192439862545 0.14375 0.3298969072164949 0.1453125 0.3436426116838488 0.14296875 0.359106529209622
0 0.19921875 0.4553264604810997 0.1921875 0.4518900343642612 0.1890625 0.4553264604810997 0.19921875 0.4553264604810997
0 0.18359375 0.39003436426116844 0.184375 0.42439862542955326 0.1875 0.4295532646048111 0.1875 0.43814432989690727 0.18984375 0.4312714776632303 0.19140625 0.43814432989690727 0.215625 0.443298969072165 0.2125 0.4553264604810997 0.2234375 0.4518900343642612 0.221875 0.4484536082474227 0.22578125 0.44158075601374575 0.2265625 0.422680412371134 0.225 0.37972508591065296 0.21875 0.359106529209622 0.21953125 0.35223367697594504 0.21640625 0.3470790378006873 0.1984375 0.3436426116838488 0.1875 0.3505154639175258 0.1875 0.3762886597938145 0.18359375 0.39003436426116844
0 0.396875 0.5876288659793815 0.428125 0.5962199312714777 0.43125 0.5927835051546392 0.4328125 0.563573883161512 0.43125 0.32130584192439865 0.428125 0.31271477663230246 0.41484375 0.3075601374570447 0.4 0.30927835051546393 0.39609375 0.3144329896907217 0.3984375 0.46563573883161513 0.396875 0.5876288659793815
0 0.7484375 0.3505154639175258 0.75078125 0.3556701030927835 0.8015625 0.3556701030927835 0.81328125 0.3470790378006873 0.8140625 0.3384879725085911 0.81875 0.3298969072164949 0.81796875 0.30068728522336774 0.76015625 0.3041237113402062 0.7546875 0.29896907216494845 0.7515625 0.3041237113402062 0.7515625 0.3384879725085911 0.7484375 0.3505154639175258
0 0.8171875 0.5532646048109966 0.8125 0.5876288659793815 0.8171875 0.5927835051546392 0.83984375 0.5876288659793815 0.84453125 0.5945017182130584 0.8625 0.5996563573883162 0.8671875 0.6151202749140894 0.8703125 0.6151202749140894 0.87265625 0.604810996563574 0.87890625 0.6099656357388317 0.88046875 0.5945017182130584 0.87578125 0.5876288659793815 0.88046875 0.5738831615120275 0.8796875 0.5549828178694158 0.88359375 0.5223367697594502 0.884375 0.4828178694158076 0.884375 0.4725085910652921 0.87890625 0.4690721649484536 0.88046875 0.45704467353951894 0.88671875 0.44158075601374575 0.87942734375 0.44673539518900346 0.81953125 0.44158075601374575 0.82265625 0.4690721649484536 0.815625 0.47594501718213056 0.8171875 0.5120274914089348 0.81328125 0.527491408934708 0.81328125 0.5395189003436427 0.8171875 0.5532646048109966
0 0.5796875 0.30068728522336774 0.58515625 0.3075601374570447 0.61015625 0.30068728522336774 0.6125 0.29896907216494845 0.615625 0.2800687285223368 0.6125 0.24914089347079038 0.60546875 0.25429553264604815 0.553125 0.2508591065292097 0.553125 0.302405498281787 0.5796875 0.30068728522336774
0 0.2359375 0.443298969072165 0.25625 0.43814432989690727 0.234375 0.4347079037800688 0.23125 0.43814432989690727 0.2359375 0.443298969072165
0 0.2265625 0.39003436426116844 0.2265625 0.4261168384879725 0.25859375 0.4295532646048111 0.25859375 0.39862542955326463 0.26171875 0.39003436426116844 0.25859375 0.30927835051546393 0.25234375 0.3041237113402062 0.225 0.30927835051546393 0.2203125 0.3247422680412372 0.21953125 0.359106529209622 0.2265625 0.39003436426116844
0 0.22109375 0.359106529209622 0.225 0.38487972508591073 0.225 0.42439862542955326 0.22890625 0.46219931271477666 0.2328125 0.5979381443298969 0.2375 0.6030927835051547 0.265625 0.6030927835051547 0.26953125 0.5876288659793815 0.265625 0.5687285223367697 0.26640625 0.5103092783505155 0.2625 0.48453608247422686 0.2625 0.37972508591065296 0.259375 0.35223367697594504 0.259375 0.31271477663230246 0.25234375 0.302405498281787 0.2328125 0.3041237113402062 0.2234375 0.31099656357388317 0.22109375 0.32130584192439865 0.22109375 0.359106529209622
0 0.66953125 0.7044673539518901 0.67109375 0.738831615120275 0.7265625 0.745704467353952 0.7359375 0.7405498281786942 0.73359375 0.7096219931271478 0.73828125 0.6958762886597938 0.73046875 0.6872852233676976 0.678125 0.6855670103092784 0.67265625 0.6907216494845361 0.67265625 0.6993127147766324 0.66953125 0.7044673539518901
0 0.11875 0.584192439862543 0.115625 0.5910652920962199 0.1515625 0.5962199312714777 0.1515625 0.5463917525773196 0.146875 0.5120274914089348 0.13828125 0.5085910652920963 0.13984375 0.5017182130584193 0.1328125 0.49828178694158076 0.11953125 0.5085910652920963 0.1171875 0.527491408934708 0.11953125 0.5360824742268042 0.11875 0.584192439862543
0 0.46640625 0.47938144329896915 0.465625 0.46735395189003437 0.46328125 0.47079037800687284 0.46640625 0.47938144329896915
0 0.46328125 0.4553264604810997 0.4671875 0.45017182130584193 0.46328125 0.44673539518900346 0.459375 0.4484536082474227 0.46328125 0.4553264604810997
0 0.43515625 0.42783505154639184 0.46875 0.4295532646048111 0.47109375 0.4020618556701031 0.4703125 0.33161512027491413 0.46640625 0.3144329896907217 0.4390625 0.31099656357388317 0.43359375 0.3178694158075602 0.4328125 0.39003436426116844 0.43515625 0.42783505154639184
0 0.6828125 0.63046875 0.00234375 0.003125
0 0.67734375 0.6254295532646049 0.67578125 0.6237113402061857 0.675 0.6288659793814434 0.67734375 0.6254295532646049
0 0.675 0.5189003436426117 0.67734375 0.5378006872852235 0.675 0.584192439862543 0.68203125 0.5927835051546392 0.7296875 0.584192439862543 0.72890625 0.570446735395189 0.7328125 0.563573883161512 0.73828125 0.563573883161512 0.740625 0.5395189003436427 0.74140625 0.513745704467354 0.73828125 0.48797250859106533 0.740625 0.4553264604810997 0.7296875 0.4484536082474227 0.728125 0.44158075601374575 0.7234375 0.43814432989690727 0.7234375 0.4450171821305842 0.715625 0.4639175257731959 0.68515625 0.4553264604810997 0.67890625 0.46219931271477666 0.68046875 0.4862542955326461 0.675 0.5189003436426117
0 0.703125 0.43814432989690727 0.68515625 0.4398625429553265 0.69921875 0.443298969072165 0.703125 0.43814432989690727
0 0.0984375 0.5652920962199313 0.10625 0.5910652920962199 0.115625 0.5910652920962199 0.1171875 0.5395189003436427 0.11484375 0.513745704467354 0.109375 0.5034364261168386 0.09765625 0.49828178694158076 0.08828125 0.5017182130584193 0.0984375 0.5652920962199313
0 0.553125 0.29896907216494845 0.60546875 0.30068728522336774 0.61171875 0.29553264604810997 0.61171875 0.28350515463917525 0.615625 0.2766323024054983 0.6140625 0.23539518900343642 0.6078125 0.21993127147766325 0.56015625 0.211340206185567 0.55625 0.21821305841924402 0.5515625 0.24226804123711343 0.55078125 0.2852233676975945 0.553125 0.29896907216494845
0 0.18671875 0.3694158075601375 0.1828125 0.39003436426116844 0.18515625 0.42439862542955326 0.19140625 0.4295532646048111 0.20703125 0.42783505154639184 0.2046875 0.43814432989690727 0.21015625 0.4347079037800688 0.2125 0.4398625429553265 0.2234375 0.443298969072165 0.22578125 0.37972508591065296 0.221875 0.35223367697594504 0.22109375 0.30927835051546393 0.21015625 0.30068728522336774 0.19921875 0.30584192439862545 0.1875 0.3041237113402062 0.18359375 0.3178694158075602 0.184375 0.3608247422680413 0.18671875 0.3694158075601375
0 0.55234375 0.33161512027491413 0.6125 0.32817869415807566 0.61640625 0.31615120274914094 0.61484375 0.3041237113402062 0.60859375 0.29381443298969073 0.5859375 0.30068728522336774 0.55234375 0.29896907216494845 0.55 0.3041237113402062 0.55 0.3264604810996564 0.55234375 0.33161512027491413
0 0.3203125 0.3436426116838488 0.3203125 0.36426116838487976 0.3234375 0.41408934707903783 0.32578125 0.5498281786941581 0.33046875 0.5549828178694158 0.35703125 0.5549828178694158 0.359375 0.5240549828178694 0.35625 0.3505154639175258 0.35390625 0.3470790378006873 0.35546875 0.3402061855670103 0.3515625 0.33676975945017185 0.35234375 0.34879725085910657 0.3421875 0.3556701030927835 0.32109375 0.33161512027491413 0.3234375 0.33676975945017185 0.3203125 0.3436426116838488
0 0.35390625 0.3178694158075602 0.353125 0.3298969072164949 0.35546875 0.33161512027491413 0.35546875 0.31271477663230246 0.35078125 0.31271477663230246 0.35390625 0.3178694158075602
0 0.32109375 0.3178694158075602 0.32578125 0.31271477663230246 0.32109375 0.31271477663230246 0.32109375 0.3178694158075602
0 0.2703125 0.4734375 0.0046875 0.0015625
0 0.26953125 0.4553264604810997 0.265625 0.4587628865979382 0.27265625 0.4604810996563574 0.278125 0.4518900343642612 0.2828125 0.4587628865979382 0.2921875 0.4604810996563574 0.29375 0.4553264604810997 0.2984375 0.4725085910652921 0.2939453125 0.4725085910652921 0.29375 0.4810996563573884 0.289453125 0.4725085910652921 0.287890625 0.47938144329896915 0.2849609375 0.4725085910652921 0.2828125 0.4810996563573884 0.28046875 0.4725085910652921 0.27890625 0.47938144329896915 0.28203125 0.4810996563573884 0.2796875 0.4862542955326461 0.26640625 0.48797250859106533 0.2671875 0.5687285223367697 0.27265625 0.5876288659793815 0.2703125 0.6013745704467355 0.3046875 0.604810996563574 0.309375 0.5790378006872853 0.32109375 0.5652920962199313 0.3234375 0.5532646048109966 0.321875 0.49828178694158076 0.31875 0.4828178694158076 0.3171875 0.44673539518900346 0.3078125 0.4450171821305842 0.30859375 0.45017182130584193 0.303125 0.46563573883161513 0.29921875 0.4553264604810997 0.29921875 0.44673539518900346 0.3015625 0.4450171821305842 0.2984375 0.44158075601374575 0.2984375 0.4484536082474227 0.2953125 0.45017182130584193 0.29453125 0.44158075601374575 0.2671875 0.44158075601374575 0.265625 0.4450171821305842 0.26953125 0.4553264604810997
0 0.56953125 0.31615120274914094 0.5703125 0.3075601374570447 0.57578125 0.3144329896907217 0.56953125 0.30584192439862545 0.565625 0.30584192439862545 0.56953125 0.31615120274914094
0 0.61953125 0.33333333333333337 0.61640625 0.35223367697594504 0.6234375 0.3539518900343643 0.63046875 0.35223367697594504 0.6328125 0.3402061855670103 0.63671875 0.3505154639175258 0.63984375 0.3384879725085911 0.64296875 0.35223367697594504 0.64453125 0.3436426116838488 0.64921875 0.34536082474226804 0.64765625 0.35223367697594504 0.65 0.34536082474226804 0.65390625 0.34879725085910657 0.6546875 0.3436426116838488 0.659375 0.34192439862542956 0.66015625 0.34879725085910657 0.6640625 0.34879725085910657 0.665625 0.3470790378006873 0.6609375 0.3402061855670103 0.66171875 0.3350515463917526 0.675 0.3350515463917526 0.68203125 0.32130584192439865 0.68046875 0.29896907216494845 0.6171875 0.29896907216494845 0.6140625 0.31099656357388317 0.6140625 0.3264604810996564 0.61953125 0.33333333333333337
0 0.0734375 0.36171875 0.00078125 0.0015625
0 0.04921875 0.3230240549828179 0.05703125 0.3247422680412372 0.0609375 0.33333333333333337 0.0671875 0.33333333333333337 0.07109375 0.34536082474226804 0.075 0.3230240549828179 0.071875 0.31271477663230246 0.07890625 0.302405498281787 0.078125 0.29037800687285226 0.04609375 0.288659793814433 0.04609375 0.30927835051546393 0.04921875 0.3230240549828179
0 0.07734375 0.422680412371134 0.07734375 0.443298969072165 0.08671875 0.49312714776632305 0.09140625 0.5034364261168386 0.11171875 0.5 0.11328125 0.47079037800687284 0.11796875 0.44673539518900346 0.11171875 0.4037800687285224 0.11328125 0.3934707903780069 0.09296875 0.3883161512027492 0.0796875 0.3934707903780069 0.08203125 0.40034364261168387 0.07734375 0.422680412371134
0 0.10859375 0.36484375 0.0015625 0.0015625
0 0.67578125 0.42439862542955326 0.68046875 0.44158075601374575 0.67734375 0.46219931271477666 0.67890625 0.4862542955326461 0.740625 0.48797250859106533 0.74296875 0.46735395189003437 0.7421875 0.41924398625429554 0.74453125 0.4123711340206186 0.74453125 0.37457044673539525 0.740625 0.3470790378006873 0.73671875 0.3470790378006873 0.7265625 0.33333333333333337 0.709375 0.33333333333333337 0.71015625 0.3402061855670103 0.7078125 0.3436426116838488 0.703125 0.33161512027491413 0.6859375 0.33161512027491413 0.68515625 0.34879725085910657 0.68046875 0.35738831615120276 0.68203125 0.3969072164948454 0.67578125 0.42439862542955326
0 0.80859375 0.6323024054982819 0.81171875 0.6546391752577321 0.80546875 0.6786941580756014 0.80703125 0.6941580756013745 0.853125 0.7010309278350516 0.865625 0.7096219931271478 0.87421875 0.7079037800687286 0.87421875 0.6666666666666667 0.87890625 0.6512027491408936 0.88046875 0.6323024054982819 0.88046875 0.5738831615120275 0.87734375 0.5532646048109966 0.8453125 0.5446735395189004 0.8328125 0.5498281786941581 0.82421875 0.5463917525773196 0.8171875 0.5498281786941581 0.815625 0.563573883161512 0.81015625 0.577319587628866 0.8125 0.6116838487972509 0.80859375 0.6323024054982819
0 0.10859375 0.30584192439862545 0.11875 0.31271477663230246 0.12734375 0.3075601374570447 0.14296875 0.31099656357388317 0.14921875 0.302405498281787 0.16796875 0.30068728522336774 0.17109375 0.29553264604810997 0.1703125 0.288659793814433 0.16640625 0.2852233676975945 0.13984375 0.27835051546391754 0.10390625 0.281786941580756 0.10234375 0.2920962199312715 0.10859375 0.30584192439862545
0 0.61875 0.27835051546391754 0.61640625 0.29553264604810997 0.61875 0.30068728522336774 0.66015625 0.302405498281787 0.68125 0.29553264604810997 0.68125 0.23367697594501718 0.671875 0.21993127147766325 0.621875 0.22508591065292097 0.61640625 0.23711340206185566 0.615625 0.26975945017182135 0.61875 0.27835051546391754
0 0.3265625 0.5103092783505155 0.325 0.5240549828178694 0.32734375 0.5498281786941581 0.33671875 0.5549828178694158 0.3578125 0.5532646048109966 0.35703125 0.5395189003436427 0.36015625 0.5240549828178694 0.3578125 0.5154639175257733 0.359375 0.49312714776632305 0.35625 0.45360824742268047 0.3515625 0.4484536082474227 0.3359375 0.4690721649484536 0.325 0.47079037800687284 0.32421875 0.5017182130584193 0.3265625 0.5103092783505155
0 0.36953125 0.41580756013745707 0.39375 0.4209621993127148 0.39375 0.3144329896907217 0.38828125 0.30927835051546393 0.36328125 0.30927835051546393 0.35859375 0.3178694158075602 0.359375 0.4020618556701031 0.36953125 0.41580756013745707
0 0.4734375 0.3402061855670103 0.47734375 0.3230240549828179 0.48984375 0.32130584192439865 0.4921875 0.3075601374570447 0.490625 0.2920962199312715 0.465625 0.29896907216494845 0.46328125 0.3041237113402062 0.4609375 0.30068728522336774 0.46875 0.3144329896907217 0.4734375 0.3402061855670103
0 0.46875 0.5962199312714777 0.471875 0.5429553264604812 0.4703125 0.5 0.46796875 0.4896907216494846 0.44921875 0.4965635738831615 0.44609375 0.4914089347079038 0.4390625 0.4948453608247423 0.43984375 0.48797250859106533 0.4375 0.4914089347079038 0.43515625 0.4862542955326461 0.43359375 0.5378006872852235 0.4328125 0.5945017182130584 0.46875 0.5962199312714777
0 0.47265625 0.45704467353951894 0.47734375 0.46563573883161513 0.47265625 0.4690721649484536 0.47265625 0.4776632302405499 0.4734375 0.4828178694158076 0.4765625 0.4828178694158076 0.48359375 0.4742268041237113 0.4859375 0.4553264604810997 0.49375 0.4484536082474227 0.49375 0.33161512027491413 0.490625 0.3075601374570447 0.48046875 0.30584192439862545 0.47109375 0.31099656357388317 0.46953125 0.32130584192439865 0.47265625 0.45704467353951894
0 0.17578125 0.4518900343642612 0.178125 0.4450171821305842 0.18125 0.45360824742268047 0.1828125 0.45017182130584193 0.18125 0.43298969072164956 0.15078125 0.43298969072164956 0.15078125 0.45017182130584193 0.17578125 0.4518900343642612
0 0.146875 0.38487972508591073 0.15078125 0.4037800687285224 0.15 0.4209621993127148 0.15234375 0.42439862542955326 0.15078125 0.4295532646048111 0.15546875 0.4209621993127148 0.157421875 0.42439862542955326 0.1578125 0.41924398625429554 0.16171875 0.41924398625429554 0.16328125 0.4261168384879725 0.18203125 0.4295532646048111 0.184375 0.42439862542955326 0.18515625 0.4037800687285224 0.1828125 0.38487972508591073 0.1859375 0.37972508591065296 0.18671875 0.3694158075601375 0.18125 0.31271477663230246 0.1765625 0.30584192439862545 0.15078125 0.30584192439862545 0.14765625 0.3178694158075602 0.14609375 0.3608247422680413 0.146875 0.38487972508591073
0 0.4 0.4776632302405499 0.43203125 0.4828178694158076 0.4328125 0.4037800687285224 0.43125 0.3694158075601375 0.428125 0.35738831615120276 0.425 0.36769759450171824 0.421875 0.3608247422680413 0.41796875 0.36426116838487976 0.40859375 0.359106529209622 0.40078125 0.34192439862542956 0.39609375 0.359106529209622 0.396875 0.45017182130584193 0.4 0.4776632302405499
0 0.1609375 0.41408934707903783 0.1609375 0.4089347079037801 0.15703125 0.41408934707903783 0.1609375 0.41408934707903783
0 0.1125 0.4072164948453609 0.11875 0.4398625429553265 0.11484375 0.46563573883161513 0.11875 0.5378006872852235 0.1171875 0.5910652920962199 0.15078125 0.5962199312714777 0.1515625 0.4828178694158076 0.14921875 0.47594501718213056 0.1484375 0.4209621993127148 0.153125 0.41408934707903783 0.1484375 0.4037800687285224 0.14609375 0.37972508591065296 0.14609375 0.30584192439862545 0.1234375 0.302405498281787 0.11328125 0.3075601374570447 0.11484375 0.39003436426116844 0.1125 0.4072164948453609
0 0.1671875 0.459375 0.00078125 0.0015625
0 0.11875 0.44158075601374575 0.1140625 0.4725085910652921 0.11796875 0.5378006872852235 0.11796875 0.577319587628866 0.115625 0.5910652920962199 0.1546875 0.5962199312714777 0.15703125 0.5945017182130584 0.1546875 0.570446735395189 0.15703125 0.5601374570446735 0.153125 0.5240549828178694 0.159375 0.5068728522336771 0.165625 0.5017182130584193 0.1703125 0.4896907216494846 0.1828125 0.4896907216494846 0.18203125 0.4776632302405499 0.171875 0.48797250859106533 0.17421875 0.4810996563573884 0.1703125 0.4810996563573884 0.16875 0.4725085910652921 0.1609375 0.46563573883161513 0.1625 0.45017182130584193 0.175 0.4484536082474227 0.17734375 0.44158075601374575 0.17578125 0.43814432989690727 0.18203125 0.4312714776632303 0.18125 0.40034364261168387 0.15078125 0.39003436426116844 0.14765625 0.34192439862542956 0.14921875 0.31615120274914094 0.146875 0.30584192439862545 0.12265625 0.302405498281787 0.11328125 0.3075601374570447 0.11328125 0.41065292096219935 0.11875 0.44158075601374575
0 0.68671875 0.38659793814432997 0.7109375 0.3814432989690722 0.7171875 0.365979381443299 0.71875 0.37972508591065296 0.7234375 0.37972508591065296 0.7234375 0.365979381443299 0.7296875 0.3694158075601375 0.73046875 0.37972508591065296 0.73203125 0.37457044673539525 0.740625 0.3780068728522337 0.7421875 0.3384879725085911 0.74921875 0.3230240549828179 0.7484375 0.2852233676975945 0.7515625 0.2628865979381444 0.746875 0.25429553264604815 0.7072265625 0.2525773195876289 0.70078125 0.24226804123711343 0.6921875 0.24226804123711343 0.68515625 0.2525773195876289 0.68359375 0.2611683848797251 0.6859375 0.29553264604810997 0.68203125 0.31099656357388317 0.68203125 0.38316151202749144 0.68671875 0.38659793814432997
0 0.046875 0.302405498281787 0.0484375 0.32130584192439865 0.0734375 0.422680412371134 0.078125 0.4123711340206186 0.075 0.39518900343642616 0.07265625 0.3350515463917526 0.07421875 0.32130584192439865 0.07109375 0.31271477663230246 0.07734375 0.29896907216494845 0.0765625 0.29381443298969073 0.0734375 0.302405498281787 0.046875 0.302405498281787
0 0.746875 0.534364261168385 0.7484375 0.5412371134020619 0.76796875 0.5412371134020619 0.77421875 0.5360824742268042 0.78046875 0.5395189003436427 0.7671875 0.5292096219931273 0.765625 0.5189003436426117 0.7625 0.527491408934708 0.759375 0.5257731958762888 0.76015625 0.5189003436426117 0.7578125 0.5189003436426117 0.7578125 0.5240549828178694 0.75390625 0.5189003436426117 0.75390625 0.5240549828178694 0.74921875 0.527491408934708 0.75 0.5309278350515465 0.746875 0.534364261168385
0 0.7765625 0.5109375 0.0015625 0.0015625
0 0.74375 0.48453608247422686 0.7484375 0.4948453608247423 0.80859375 0.49312714776632305 0.8125 0.45704467353951894 0.8109375 0.443298969072165 0.81328125 0.43298969072164956 0.8125 0.38659793814432997 0.81484375 0.365979381443299 0.8140625 0.35738831615120276 0.80703125 0.34536082474226804 0.81015625 0.33676975945017185 0.79375 0.33161512027491413 0.7546875 0.3350515463917526 0.746875 0.36426116838487976 0.74765625 0.4037800687285224 0.74453125 0.422680412371134 0.74609375 0.46563573883161513 0.74375 0.48453608247422686
0 0.8796875 0.6529209621993128 0.87578125 0.6701030927835052 0.87578125 0.7130584192439863 0.88671875 0.7147766323024055 0.88984375 0.7079037800687286 0.890625 0.6494845360824744 0.89296875 0.6443298969072165 0.8921875 0.6254295532646049 0.89453125 0.6151202749140894 0.89375 0.6065292096219932 0.8875 0.5996563573883162 0.88359375 0.5996563573883162 0.87890625 0.6082474226804124 0.88046875 0.6340206185567011 0.8796875 0.6529209621993128
0 0.546875 0.534364261168385 0.55078125 0.5429553264604812 0.55 0.5567010309278351 0.57265625 0.5567010309278351 0.58125 0.5515463917525774 0.60546875 0.5567010309278351 0.60546875 0.5429553264604812 0.609375 0.5360824742268042 0.61015625 0.520618556701031 0.60546875 0.4828178694158076 0.55 0.4828178694158076 0.54609375 0.5068728522336771 0.546875 0.534364261168385
0 0.6046875 0.4640625 0.00078125 0.003125
0 0.74609375 0.4690721649484536 0.74375 0.47594501718213056 0.7453125 0.48797250859106533 0.80859375 0.4914089347079038 0.8109375 0.4828178694158076 0.809375 0.47079037800687284 0.8125 0.46219931271477666 0.8109375 0.44158075601374575 0.81484375 0.4312714776632303 0.8125 0.3969072164948454 0.81640625 0.3711340206185567 0.815625 0.3556701030927835 0.81171875 0.34536082474226804 0.8125 0.33333333333333337 0.76328125 0.33161512027491413 0.75546875 0.3264604810996564 0.74921875 0.33676975945017185 0.75 0.34879725085910657 0.7453125 0.36426116838487976 0.746875 0.4037800687285224 0.74453125 0.41924398625429554 0.746875 0.4450171821305842 0.74609375 0.4690721649484536
0 0.6765625 0.4175257731958763 0.6765625 0.4312714776632303 0.68125 0.44158075601374575 0.678125 0.46219931271477666 0.6796875 0.4862542955326461 0.740625 0.48453608247422686 0.74140625 0.4209621993127148 0.74453125 0.41065292096219935 0.74296875 0.39003436426116844 0.7453125 0.3762886597938145 0.73984375 0.33333333333333337 0.71171875 0.3298969072164949 0.69921875 0.3230240549828179 0.69609375 0.30927835051546393 0.6890625 0.3144329896907217 0.68515625 0.3075601374570447 0.68828125 0.3144329896907217 0.68203125 0.33333333333333337 0.6828125 0.34879725085910657 0.67890625 0.3608247422680413 0.68203125 0.38659793814432997 0.6765625 0.4175257731958763
0 0.7546875 0.2216494845360825 0.75859375 0.23711340206185566 0.765625 0.23711340206185566 0.77109375 0.22852233676975947 0.79296875 0.22680412371134023 0.80625 0.23883161512027495 0.81328125 0.23883161512027495 0.81640625 0.23711340206185566 0.81796875 0.22680412371134023 0.828125 0.20790378006872853 0.825 0.20103092783505155 0.8046875 0.19243986254295536 0.7484375 0.20446735395189006 0.74453125 0.21649484536082478 0.7546875 0.2216494845360825
0 0.60859375 0.6219931271477663 0.6109375 0.6460481099656358 0.60859375 0.6563573883161513 0.61015625 0.6907216494845361 0.60703125 0.7061855670103093 0.60703125 0.7302405498281788 0.61796875 0.7353951890034365 0.66796875 0.7371134020618557 0.66953125 0.6408934707903781 0.671875 0.6254295532646049 0.6703125 0.5446735395189004 0.6734375 0.5378006872852235 0.6734375 0.5085910652920963 0.6703125 0.4948453608247423 0.67578125 0.47938144329896915 0.67265625 0.4450171821305842 0.67578125 0.41580756013745707 0.675 0.38659793814432997 0.67734375 0.3780068728522337 0.675 0.33676975945017185 0.67890625 0.32130584192439865 0.67734375 0.30584192439862545 0.63828125 0.3041237113402062 0.625 0.30927835051546393 0.61875 0.302405498281787 0.61796875 0.30927835051546393 0.621875 0.30927835051546393 0.61484375 0.3556701030927835 0.6171875 0.3934707903780069 0.6125 0.422680412371134 0.61640625 0.43814432989690727 0.61171875 0.4742268041237113 0.6140625 0.4965635738831615 0.6109375 0.5223367697594502 0.6140625 0.5429553264604812 0.609375 0.5652920962199313 0.61171875 0.6030927835051547 0.60859375 0.6219931271477663
0 0.61171875 0.4295532646048111 0.615625 0.44673539518900346 0.6125 0.4639175257731959 0.6125 0.4828178694158076 0.61953125 0.4914089347079038 0.61953125 0.4965635738831615 0.62109375 0.48797250859106533 0.6640625 0.4862542955326461 0.66796875 0.4914089347079038 0.675 0.48453608247422686 0.6734375 0.4484536082474227 0.67734375 0.4072164948453609 0.67578125 0.38487972508591073 0.678125 0.359106529209622 0.6734375 0.33333333333333337 0.659375 0.32817869415807566 0.62109375 0.3298969072164949 0.61875 0.33161512027491413 0.61796875 0.3470790378006873 0.6140625 0.35738831615120276 0.615625 0.3969072164948454 0.61171875 0.4295532646048111
0 0.46953125 0.4828178694158076 0.471875 0.5463917525773196 0.46875 0.5945017182130584 0.47890625 0.5996563573883162 0.484375 0.5962199312714777 0.4828125 0.5670103092783505 0.48828125 0.5429553264604812 0.4859375 0.5240549828178694 0.4875 0.4896907216494846 0.484375 0.47938144329896915 0.484375 0.46219931271477666 0.49296875 0.44673539518900346 0.49296875 0.3178694158075602 0.490625 0.3075601374570447 0.4859375 0.30584192439862545 0.4734375 0.3075601374570447 0.4703125 0.31615120274914094 0.471875 0.4639175257731959 0.46953125 0.4828178694158076
0 0.49140625 0.30068728522336774 0.49453125 0.31271477663230246 0.54296875 0.31099656357388317 0.546875 0.30584192439862545 0.5484375 0.2680412371134021 0.55078125 0.2611683848797251 0.5453125 0.24914089347079038 0.49453125 0.24742268041237114 0.4921875 0.2560137457044674 0.49453125 0.27835051546391754 0.49140625 0.30068728522336774
0 0.821875 0.3934707903780069 0.821875 0.4072164948453609 0.815625 0.4175257731958763 0.8140625 0.4347079037800688 0.81875 0.4484536082474227 0.81484375 0.4776632302405499 0.8171875 0.49312714776632305 0.8828125 0.5 0.884375 0.4587628865979382 0.8890625 0.44158075601374575 0.88828125 0.39862542955326463 0.89140625 0.38487972508591073 0.89140625 0.3608247422680413 0.88359375 0.3505154639175258 0.89296875 0.3298969072164949 0.890625 0.31615120274914094 0.840625 0.31099656357388317 0.8375 0.3178694158075602 0.83359375 0.31099656357388317 0.834375 0.3264604810996564 0.8296875 0.3264604810996564 0.82421875 0.30927835051546393 0.8234375 0.3195876288659794 0.8265625 0.32817869415807566 0.82421875 0.3307560137457045 0.825 0.3539518900343643 0.8171875 0.36769759450171824 0.8171875 0.38487972508591073 0.821875 0.3934707903780069
0 0.5453125 0.6718213058419245 0.5484375 0.6821305841924399 0.54609375 0.6924398625429553 0.54609375 0.725085910652921 0.55390625 0.7302405498281788 0.6015625 0.7336769759450172 0.6015625 0.6907216494845361 0.60546875 0.6804123711340206 0.60625 0.6666666666666667 0.60625 0.5395189003436427 0.60859375 0.5223367697594502 0.60546875 0.4862542955326461 0.553125 0.48453608247422686 0.5515625 0.48797250859106533 0.55390625 0.49828178694158076 0.55 0.5 0.54921875 0.5120274914089348 0.55390625 0.5171821305841925 0.5484375 0.5378006872852235 0.55 0.5463917525773196 0.546875 0.5601374570446735 0.546875 0.577319587628866 0.54921875 0.5876288659793815 0.54609375 0.6065292096219932 0.54765625 0.6477663230240551 0.5453125 0.6718213058419245
0 0.64375 0.7353951890034365 0.653125 0.7405498281786942 0.67109375 0.7371134020618557 0.66875 0.7199312714776632 0.6703125 0.6907216494845361 0.66796875 0.6855670103092784 0.609375 0.6786941580756014 0.60625 0.6975945017182131 0.60625 0.7336769759450172 0.64375 0.7353951890034365
0 0.48828125 0.3694158075601375 0.49296875 0.33676975945017185 0.49375 0.3144329896907217 0.49140625 0.302405498281787 0.48671875 0.29896907216494845 0.46953125 0.3075601374570447 0.471875 0.3694158075601375 0.48828125 0.3694158075601375
0 0.20703125 0.6030927835051547 0.2265625 0.6030927835051547 0.23125 0.5979381443298969 0.23046875 0.5326460481099657 0.22734375 0.5257731958762888 0.22734375 0.5171821305841925 0.2140625 0.520618556701031 0.21015625 0.527491408934708 0.196875 0.5154639175257733 0.18828125 0.5171821305841925 0.18984375 0.5979381443298969 0.20703125 0.6030927835051547
0 0.55078125 0.24140625 0.0015625 0.0015625
0 0.64375 0.215625 0.00234375 0.0015625
0 0.5671875 0.23195876288659795 0.57109375 0.2405498281786942 0.575 0.23367697594501718 0.57578125 0.23883161512027495 0.584375 0.2405498281786942 0.58125 0.2302405498281787 0.5875 0.22508591065292097 0.60703125 0.22852233676975947 0.6109375 0.24398625429553267 0.61640625 0.22508591065292097 0.6359375 0.21649484536082478 0.628125 0.21305841924398625 0.62265625 0.2216494845360825 0.621875 0.21305841924398625 0.6171875 0.20790378006872853 0.596875 0.20962199312714777 0.5671875 0.20274914089347082 0.5578125 0.2061855670103093 0.5546875 0.21477663230240554 0.55625 0.23539518900343642 0.5671875 0.23195876288659795
0 0.43671875 0.49312714776632305 0.44296875 0.4965635738831615 0.44453125 0.5051546391752578 0.45859375 0.49828178694158076 0.46796875 0.5 0.47109375 0.43298969072164956 0.46640625 0.41924398625429554 0.46640625 0.41065292096219935 0.46484375 0.422680412371134 0.46171875 0.422680412371134 0.46015625 0.41408934707903783 0.45703125 0.4123711340206186 0.4484375 0.4175257731958763 0.44609375 0.4089347079037801 0.43828125 0.4089347079037801 0.43671875 0.4037800687285224 0.434375 0.41408934707903783 0.434375 0.4828178694158076 0.43671875 0.49312714776632305
0 0.24296875 0.43814432989690727 0.23984375 0.43642611683848803 0.2359375 0.43814432989690727 0.24296875 0.43814432989690727
0 0.22734375 0.3883161512027492 0.22734375 0.42439862542955326 0.2578125 0.42783505154639184 0.25859375 0.4072164948453609 0.25625 0.4037800687285224 0.26171875 0.3883161512027492 0.25859375 0.30927835051546393 0.25234375 0.3041237113402062 0.23671875 0.30584192439862545 0.225 0.30927835051546393 0.22109375 0.3195876288659794 0.2203125 0.3608247422680413 0.22734375 0.3883161512027492
0 0.671875 0.6666666666666667 0.671875 0.6855670103092784 0.6765625 0.6924398625429553 0.67109375 0.7164948453608248 0.67265625 0.7336769759450172 0.68125 0.738831615120275 0.73203125 0.7405498281786942 0.734375 0.7336769759450172 0.7328125 0.6958762886597938 0.73828125 0.6890034364261168 0.73671875 0.6494845360824744 0.73984375 0.5756013745704468 0.73828125 0.5360824742268042 0.740625 0.5171821305841925 0.7375 0.49312714776632305 0.68203125 0.4914089347079038 0.68046875 0.5068728522336771 0.67578125 0.5171821305841925 0.67734375 0.5549828178694158 0.67421875 0.5652920962199313 0.67265625 0.6168384879725086 0.675 0.6529209621993128 0.671875 0.6666666666666667
0 0.49609375 0.4450171821305842 0.54375 0.4450171821305842 0.54453125 0.37972508591065296 0.54140625 0.365979381443299 0.54453125 0.35738831615120276 0.54453125 0.33333333333333337 0.540625 0.31615120274914094 0.5125 0.31615120274914094 0.5078125 0.3247422680412372 0.50625 0.3178694158075602 0.4984375 0.3178694158075602 0.4984375 0.3230240549828179 0.50546875 0.32130584192439865 0.50625 0.32817869415807566 0.49921875 0.33161512027491413 0.49609375 0.3505154639175258 0.49296875 0.42439862542955326 0.49609375 0.4450171821305842
0 0.31796875 0.3075601374570447 0.3296875 0.31099656357388317 0.353125 0.30927835051546393 0.3640625 0.2972508591065292 0.359375 0.29037800687285226 0.34765625 0.2869415807560137 0.31953125 0.29037800687285226 0.31640625 0.29553264604810997 0.31796875 0.3075601374570447
0 0.32421875 0.41408934707903783 0.34921875 0.41408934707903783 0.35625 0.38659793814432997 0.3578125 0.3144329896907217 0.35390625 0.30927835051546393 0.31875 0.31271477663230246 0.31796875 0.33333333333333337 0.32421875 0.41408934707903783
0 0.5234375 0.6735395189003437 0.53515625 0.6786941580756014 0.54296875 0.6752577319587629 0.54140625 0.6357388316151203 0.54375 0.6099656357388317 0.540625 0.5945017182130584 0.5421875 0.584192439862543 0.53671875 0.5738831615120275 0.51015625 0.5790378006872853 0.50390625 0.5721649484536082 0.50390625 0.563573883161512 0.51015625 0.5584192439862543 0.51171875 0.5515463917525774 0.49921875 0.5481099656357389 0.4875 0.5601374570446735 0.48828125 0.5910652920962199 0.48515625 0.6030927835051547 0.4859375 0.6718213058419245 0.5234375 0.6735395189003437
0 0.59296875 0.21305841924398625 0.584375 0.20962199312714777 0.578125 0.20962199312714777 0.59296875 0.21305841924398625
0 0.61015625 0.21821305841924402 0.6125 0.22680412371134023 0.61875 0.23195876288659795 0.62578125 0.22508591065292097 0.6421875 0.22508591065292097 0.65078125 0.2405498281786942 0.6578125 0.22680412371134023 0.66484375 0.22852233676975947 0.6703125 0.22336769759450173 0.67890625 0.2405498281786942 0.68203125 0.23883161512027495 0.68203125 0.22508591065292097 0.67890625 0.22336769759450173 0.6765625 0.23195876288659795 0.67265625 0.22508591065292097 0.675 0.2061855670103093 0.6140625 0.2061855670103093 0.61015625 0.20790378006872853 0.60859375 0.21477663230240554 0.60234375 0.20962199312714777 0.59609375 0.21305841924398625 0.61015625 0.21821305841924402
0 0.5515625 0.49312714776632305 0.5484375 0.5034364261168386 0.54765625 0.5257731958762888 0.55 0.5463917525773196 0.546875 0.5738831615120275 0.55 0.5876288659793815 0.54609375 0.6116838487972509 0.5484375 0.6494845360824744 0.54609375 0.6580756013745706 0.54765625 0.6838487972508591 0.5453125 0.6941580756013745 0.5453125 0.7233676975945018 0.553125 0.7302405498281788 0.60234375 0.7336769759450172 0.60234375 0.6890034364261168 0.60625 0.668384879725086 0.60625 0.6529209621993128 0.60390625 0.6460481099656358 0.60625 0.6340206185567011 0.60625 0.6065292096219932 0.603125 0.5979381443298969 0.6078125 0.577319587628866 0.60703125 0.5412371134020619 0.609375 0.5085910652920963 0.60703125 0.48797250859106533 0.609375 0.4776632302405499 0.60859375 0.4398625429553265 0.61171875 0.41065292096219935 0.609375 0.37457044673539525 0.6125 0.36769759450171824 0.6125 0.3041237113402062 0.609375 0.29896907216494845 0.6046875 0.302405498281787 0.6 0.32130584192439865 0.58828125 0.32817869415807566 0.56640625 0.3247422680412372 0.5640625 0.32130584192439865 0.5640625 0.31099656357388317 0.5546875 0.31099656357388317 0.5515625 0.32130584192439865 0.5515625 0.38659793814432997 0.5484375 0.41065292096219935 0.5484375 0.46219931271477666 0.5515625 0.49312714776632305
0 0.60078125 0.3230240549828179 0.5703125 0.3195876288659794 0.5671875 0.3247422680412372 0.60078125 0.3230240549828179
0 0.5625 0.31328125 0.00234375 0.0015625
0 0.55234375 0.302405498281787 0.5546875 0.30584192439862545 0.55390625 0.3195876288659794 0.55546875 0.3041237113402062 0.6125 0.302405498281787 0.61640625 0.281786941580756 0.6140625 0.23711340206185566 0.60546875 0.22508591065292097 0.55703125 0.21993127147766325 0.5515625 0.2457044673539519 0.55078125 0.28350515463917525 0.55234375 0.302405498281787
0 0.5453125 0.6563573883161513 0.5453125 0.7268041237113403 0.58828125 0.7353951890034365 0.60390625 0.731958762886598 0.603125 0.6872852233676976 0.60625 0.6804123711340206 0.60703125 0.6168384879725086 0.6046875 0.5979381443298969 0.60703125 0.5567010309278351 0.59921875 0.534364261168385 0.59375 0.5309278350515465 0.55703125 0.5360824742268042 0.55234375 0.5463917525773196 0.55 0.5360824742268042 0.55078125 0.5481099656357389 0.546875 0.563573883161512 0.54921875 0.5893470790378007 0.5453125 0.6099656357388317 0.54765625 0.6408934707903781 0.5453125 0.6563573883161513
0 0.5984375 0.513745704467354 0.596875 0.5103092783505155 0.59453125 0.5120274914089348 0.5984375 0.513745704467354
0 0.58203125 0.5085910652920963 0.58125 0.5051546391752578 0.57734375 0.5085910652920963 0.58203125 0.5085910652920963
0 0.5984375 0.50390625 0.00078125 0.0015625
0 0.55234375 0.4965635738831615 0.55 0.5 0.5515625 0.520618556701031 0.54921875 0.5257731958762888 0.55078125 0.5463917525773196 0.5484375 0.604810996563574 0.5484375 0.6134020618556701 0.5515625 0.6202749140893471 0.54921875 0.6237113402061857 0.55 0.6477663230240551 0.546875 0.6632302405498283 0.546875 0.6735395189003437 0.55078125 0.6786941580756014 0.54609375 0.6958762886597938 0.54609375 0.725085910652921 0.55546875 0.7302405498281788 0.60234375 0.7336769759450172 0.60390625 0.7199312714776632 0.60078125 0.6890034364261168 0.60546875 0.6769759450171822 0.60546875 0.6529209621993128 0.603125 0.6426116838487973 0.60546875 0.6357388316151203 0.60625 0.6116838487972509 0.60078125 0.5910652920962199 0.60703125 0.584192439862543 0.60625 0.5429553264604812 0.60859375 0.534364261168385 0.60859375 0.5103092783505155 0.60625 0.4862542955326461 0.609375 0.4725085910652921 0.61015625 0.38487972508591073 0.6125 0.37457044673539525 0.6109375 0.33161512027491413 0.61328125 0.3230240549828179 0.6125 0.29553264604810997 0.615625 0.27491408934707906 0.61328125 0.23539518900343642 0.6078125 0.21993127147766325 0.5703125 0.20962199312714777 0.5609375 0.211340206185567 0.55703125 0.21821305841924402 0.5515625 0.2508591065292097 0.553125 0.29896907216494845 0.55078125 0.31615120274914094 0.5515625 0.3883161512027492 0.54921875 0.4037800687285224 0.5484375 0.4518900343642612 0.55234375 0.48453608247422686 0.55234375 0.4965635738831615
0 0.7140625 0.6597938144329898 0.7080726562499999 0.6701030927835052 0.6868055555555556 0.6701030927835052 0.684375 0.6838487972508591 0.71640625 0.6786941580756014 0.7125 0.6701030927835052 0.715625 0.6632302405498283 0.7140625 0.6597938144329898
0 0.67421875 0.6769759450171822 0.67734375 0.6821305841924399 0.68203125 0.6701030927835052 0.67578125 0.6701030927835052 0.67421875 0.6769759450171822
0 0.67421875 0.5859106529209622 0.6765625 0.5979381443298969 0.6734375 0.6065292096219932 0.67265625 0.6323024054982819 0.675 0.6374570446735396 0.7171875 0.6374570446735396 0.7265625 0.6426116838487973 0.7375 0.6391752577319588 0.73984375 0.534364261168385 0.7421875 0.520618556701031 0.7390625 0.49312714776632305 0.68359375 0.4896907216494846 0.68046875 0.49312714776632305 0.67421875 0.5171821305841925 0.6765625 0.5360824742268042 0.67421875 0.5859106529209622
0 0.1890625 0.5979381443298969 0.1890625 0.5756013745704468 0.18671875 0.5670103092783505 0.18828125 0.5618556701030928 0.18359375 0.5395189003436427 0.18203125 0.5223367697594502 0.184375 0.5189003436426117 0.18203125 0.513745704467354 0.16015625 0.513745704467354 0.15390625 0.5240549828178694 0.15390625 0.5979381443298969 0.1890625 0.5979381443298969
0 0.76328125 0.4810996563573884 0.76640625 0.4896907216494846 0.8015625 0.4896907216494846 0.79609375 0.4810996563573884 0.78828125 0.48797250859106533 0.77890625 0.4776632302405499 0.77578125 0.4828178694158076 0.76796875 0.4828178694158076 0.7640625 0.4725085910652921 0.74765625 0.4776632302405499 0.7453125 0.4810996563573884 0.74765625 0.48797250859106533 0.759375 0.4896907216494846 0.76328125 0.4810996563573884
0 0.796875 0.46219931271477666 0.796875 0.4553264604810997 0.79296875 0.4484536082474227 0.790625 0.46219931271477666 0.796875 0.46219931271477666
0 0.74609375 0.4347079037800688 0.75078125 0.443298969072165 0.76171875 0.4450171821305842 0.7484375 0.4553264604810997 0.7484375 0.46219931271477666 0.76328125 0.4690721649484536 0.7796875 0.46735395189003437 0.7875 0.4604810996563574 0.7859375 0.443298969072165 0.78828125 0.4398625429553265 0.81015625 0.4398625429553265 0.8125 0.4312714776632303 0.81171875 0.3917525773195877 0.81484375 0.3814432989690722 0.81328125 0.3402061855670103 0.81875 0.32130584192439865 0.81796875 0.27835051546391754 0.8203125 0.2731958762886598 0.82109375 0.24742268041237114 0.81796875 0.22852233676975947 0.8109375 0.2216494845360825 0.80078125 0.22680412371134023 0.76171875 0.22680412371134023 0.75234375 0.2577319587628866 0.7546875 0.29037800687285226 0.7515625 0.32817869415807566 0.74765625 0.3402061855670103 0.746875 0.36426116838487976 0.7484375 0.3917525773195877 0.74609375 0.4347079037800688
0 0.54609375 0.7302405498281788 0.58125 0.731958762886598 0.58828125 0.7371134020618557 0.6015625 0.7371134020618557 0.60546875 0.731958762886598 0.60234375 0.6838487972508591 0.55078125 0.6786941580756014 0.54609375 0.6821305841924399 0.54375 0.6993127147766324 0.54296875 0.7130584192439863 0.54609375 0.7302405498281788
0 0.11953125 0.49312714776632305 0.1171875 0.49828178694158076 0.11875 0.5601374570446735 0.12109375 0.5687285223367697 0.11953125 0.5790378006872853 0.125 0.5824742268041238 0.12265625 0.5945017182130584 0.12578125 0.5859106529209622 0.126953125 0.5945017182130584 0.130078125 0.5859106529209622 0.13125 0.5945017182130584 0.134375 0.5859106529209622 0.135546875 0.5945017182130584 0.15 0.5962199312714777 0.15234375 0.5807560137457045 0.15234375 0.5446735395189004 0.14921875 0.5017182130584193 0.14765625 0.4965635738831615 0.13671875 0.4965635738831615 0.13984375 0.48453608247422686 0.1375 0.47938144329896915 0.134375 0.49312714776632305 0.12890625 0.4862542955326461 0.13046875 0.47938144329896915 0.125 0.4810996563573884 0.1265625 0.49312714776632305 0.11953125 0.49312714776632305
0 0.74453125 0.33161512027491413 0.74765625 0.3247422680412372 0.74921875 0.281786941580756 0.7515625 0.2714776632302406 0.74921875 0.2560137457044674 0.684375 0.2560137457044674 0.68515625 0.32817869415807566 0.74453125 0.33161512027491413
0 0.8453125 0.4375 0.00078125 0.0015625
0 0.81953125 0.3608247422680413 0.81796875 0.3762886597938145 0.82109375 0.38659793814432997 0.8265625 0.3883161512027492 0.8203125 0.41408934707903783 0.82421875 0.4175257731958763 0.82421875 0.4020618556701031 0.8265625 0.40034364261168387 0.83203125 0.41924398625429554 0.8484375 0.41580756013745707 0.85078125 0.42783505154639184 0.85390625 0.4295532646048111 0.85390625 0.44158075601374575 0.85546875 0.4312714776632303 0.8625 0.4347079037800688 0.85885390625 0.44158075601374575 0.86875 0.44158075601374575 0.86328125 0.4295532646048111 0.865625 0.42439862542955326 0.88671875 0.42439862542955326 0.8875 0.41065292096219935 0.88359375 0.40549828178694164 0.890625 0.39003436426116844 0.890625 0.3625429553264605 0.88515625 0.34879725085910657 0.89375 0.3350515463917526 0.8921875 0.31099656357388317 0.82734375 0.3041237113402062 0.82109375 0.31615120274914094 0.82265625 0.3556701030927835 0.81953125 0.3608247422680413
0 0.35859375 0.443298969072165 0.3640625 0.4725085910652921 0.36171875 0.47594501718213056 0.3640625 0.47594501718213056 0.36666640625 0.46219931271477666 0.369921875 0.4690721649484536 0.37109375 0.45704467353951894 0.37421875 0.45704467353951894 0.37421875 0.4690721649484536 0.37578125 0.4604810996563574 0.37890625 0.46735395189003437 0.39375 0.4742268041237113 0.39609375 0.39862542955326463 0.39375 0.3178694158075602 0.38515625 0.30927835051546393 0.365625 0.30927835051546393 0.359375 0.3144329896907217 0.3578125 0.4123711340206186 0.35859375 0.443298969072165
0 0.271875 0.5807560137457045 0.27265625 0.5910652920962199 0.26953125 0.6013745704467355 0.27109375 0.604810996563574 0.30546875 0.604810996563574 0.3109375 0.577319587628866 0.32265625 0.563573883161512 0.3203125 0.5034364261168386 0.27109375 0.5017182130584193 0.26875 0.5171821305841925 0.26796875 0.570446735395189 0.271875 0.5807560137457045
0 0.875 0.711340206185567 0.88671875 0.7147766323024055 0.8890625 0.7096219931271478 0.89140625 0.6666666666666667 0.88984375 0.6494845360824744 0.89296875 0.6426116838487973 0.89140625 0.6254295532646049 0.89375 0.6202749140893471 0.89375 0.6082474226804124 0.890625 0.6013745704467355 0.88359375 0.5979381443298969 0.87734375 0.604810996563574 0.88046875 0.6357388316151203 0.87578125 0.6701030927835052 0.87734375 0.7027491408934708 0.875 0.711340206185567
0 0.8796875 0.5326460481099657 0.8828125 0.520618556701031 0.878125 0.5189003436426117 0.8765625 0.5240549828178694 0.8796875 0.5326460481099657
0 0.8828125 0.4859375 0.00078125 0.003125
0 0.840625 0.40034364261168387 0.8453125 0.4072164948453609 0.84765625 0.39862542955326463 0.85234375 0.40549828178694164 0.853125 0.39518900343642616 0.85 0.3934707903780069 0.84609375 0.40034364261168387 0.840625 0.40034364261168387
0 0.8703125 0.4020618556701031 0.87734375 0.422680412371134 0.8828125 0.42439862542955326 0.88515625 0.4450171821305842 0.88828125 0.4450171821305842 0.884375 0.4312714776632303 0.88828125 0.42783505154639184 0.8890625 0.4175257731958763 0.88671875 0.3917525773195877 0.8703125 0.40034364261168387 0.86640625 0.40034364261168387 0.8625 0.3917525773195877 0.85859375 0.3934707903780069 0.85859375 0.40549828178694164 0.8703125 0.4020618556701031
0 0.88984375 0.32130584192439865 0.890625 0.31615120274914094 0.88671875 0.31271477663230246 0.88515625 0.3178694158075602 0.88984375 0.32130584192439865
0 0.334375 0.4390625 0.0015625 0.0015625
0 0.32421875 0.4209621993127148 0.353125 0.4175257731958763 0.35546875 0.4123711340206186 0.35703125 0.38659793814432997 0.35703125 0.31271477663230246 0.31953125 0.3144329896907217 0.31953125 0.3608247422680413 0.32421875 0.4209621993127148
0 0.66953125 0.7371134020618557 0.66796875 0.7044673539518901 0.671875 0.6855670103092784 0.671875 0.6134020618556701 0.66953125 0.604810996563574 0.6703125 0.5910652920962199 0.66796875 0.5876288659793815 0.67109375 0.570446735395189 0.66796875 0.5463917525773196 0.6640625 0.5549828178694158 0.6609375 0.5429553264604812 0.65 0.5378006872852235 0.62578125 0.5429553264604812 0.615625 0.5395189003436427 0.61640625 0.5549828178694158 0.61171875 0.5601374570446735 0.61328125 0.6030927835051547 0.609375 0.6116838487972509 0.6109375 0.6426116838487973 0.6078125 0.668384879725086 0.60859375 0.7336769759450172 0.66953125 0.7371134020618557
0 0.36015625 0.5498281786941581 0.3625 0.5876288659793815 0.396875 0.5910652920962199 0.39453125 0.49828178694158076 0.384375 0.49828178694158076 0.384375 0.4862542955326461 0.38203125 0.48797250859106533 0.38046875 0.4828178694158076 0.37109375 0.48797250859106533 0.3625 0.4828178694158076 0.3609375 0.49312714776632305 0.3625 0.513745704467354 0.36015625 0.5498281786941581
0 0.521875 0.3075601374570447 0.51328125 0.3041237113402062 0.509375 0.30584192439862545 0.521875 0.3075601374570447
0 0.54765625 0.2852233676975945 0.54921875 0.25945017182130586 0.54453125 0.24742268041237114 0.49765625 0.2457044673539519 0.49296875 0.2508591065292097 0.49453125 0.2869415807560137 0.54765625 0.2852233676975945