0 0.7758620689655172 0.375 0.8206896551724137 0.3796875 0.8310344827586207 0.37734375 0.8413793103448276 0.38125 0.8827586206896552 0.38515625 0.8896551724137931 0.38828125 0.9241379310344827 0.38984375 0.9310344827586207 0.38671875 0.9362068965517242 0.390625 0.953448275862069 0.3890625 0.9862068965517242 0.39375 0.9879310344827585 0.37421875 0.9982758620689655 0.36796875 0.9948275862068966 0.34765625 0.9862068965517242 0.3421875 0.9637931034482758 0.340625 0.9551724137931034 0.3359375 0.9482758620689655 0.3375 0.9413793103448276 0.3328125 0.9310344827586207 0.3359375 0.9103448275862069 0.33515625 0.9051724137931034 0.3375 0.8862068965517242 0.33671875 0.8724137931034482 0.33125 0.8396551724137931 0.3328125 0.8327586206896551 0.33515625 0.7672413793103449 0.33359375 0.753448275862069 0.3546875 0.753448275862069 0.37890625 0.7758620689655172 0.375
0 0.6051724137931035 0.5078125 0.6086206896551725 0.5 0.6 0.50234375 0.5982758620689654 0.50546875 0.6051724137931035 0.5078125
0 0.58984375 0.4984375 0.003125 0.00078125
0 0.48103448275862065 0.50703125 0.4775862068965517 0.49765625 0.47586206896551725 0.50859375 0.48103448275862065 0.50703125
0 0.38620689655172413 0.47109375 0.39655172413793105 0.475 0.4137931034482759 0.47578125 0.42586206896551726 0.48125 0.4206896551724138 0.48515625 0.43103448275862066 0.48515625 0.43103448275862066 0.48828125 0.4206896551724138 0.490625 0.4241379310344827 0.49296875 0.4431034482758621 0.49296875 0.44482758620689655 0.496875 0.4568965517241379 0.4890625 0.4672413793103448 0.48828125 0.48103448275862065 0.49296875 0.49137931034482757 0.4921875 0.496551724137931 0.49453125 0.49482758620689654 0.509375 0.5275862068965517 0.509375 0.5637931034482759 0.50625 0.5741379310344827 0.5078125 0.5758620689655173 0.5046875 0.5620689655172414 0.50078125 0.5586206896551724 0.49453125 0.5741379310344827 0.48671875 0.5775862068965517 0.490625 0.5844827586206897 0.48828125 0.5879310344827586 0.49140625 0.5948275862068966 0.490625 0.6086206896551725 0.4953125 0.6 0.49140625 0.6224137931034484 0.490625 0.6327586206896552 0.4703125 0.6362068965517241 0.44140625 0.6431034482758621 0.43671875 0.6431034482758621 0.428125 0.6362068965517241 0.42578125 0.6275862068965516 0.42734375 0.6172413793103448 0.42109375 0.5603448275862069 0.41640625 0.5362068965517242 0.4109375 0.48793103448275865 0.41015625 0.47413793103448276 0.40703125 0.44482758620689655 0.4078125 0.40344827586206894 0.42734375 0.38448275862068965 0.43984375 0.38620689655172413 0.47109375
0 0.27413793103448275 0.41796875 0.27586206896551724 0.41171875 0.2706896551724138 0.4140625 0.27413793103448275 0.41796875
0 0.23793103448275862 0.396875 0.2844827586206896 0.403125 0.29655172413793107 0.40703125 0.30344827586206896 0.4109375 0.3 0.42265625 0.30689655172413793 0.428125 0.30689655172413793 0.41328125 0.31724137931034485 0.41640625 0.3413793103448276 0.41484375 0.3793103448275862 0.4171875 0.39655172413793105 0.4109375 0.4068965517241379 0.41171875 0.4068965517241379 0.40390625 0.3758620689655172 0.39609375 0.37241379310344824 0.39765625 0.3706896551724138 0.39375 0.3568965517241379 0.3875 0.3568965517241379 0.38359375 0.3310344827586207 0.37890625 0.32068965517241377 0.3734375 0.28620689655172415 0.37109375 0.2517241379310345 0.36328125 0.23793103448275862 0.3703125 0.23275862068965517 0.37890625 0.22931034482758622 0.3984375 0.23793103448275862 0.396875
0 0.21206896551724136 0.46328125 0.24655172413793106 0.46875 0.2810344827586207 0.48046875 0.35517241379310344 0.48203125 0.3620689655172414 0.47734375 0.37413793103448273 0.434375 0.38448275862068965 0.42421875 0.3879310344827586 0.41015625 0.39827586206896554 0.4078125 0.38275862068965516 0.4015625 0.36724137931034484 0.403125 0.3568965517241379 0.4 0.33620689655172414 0.4 0.3017241379310345 0.39375 0.28793103448275864 0.39375 0.28620689655172415 0.396875 0.27413793103448275 0.4 0.26206896551724135 0.39921875 0.2517241379310345 0.39453125 0.2396551724137931 0.39375 0.23620689655172417 0.38671875 0.20862068965517241 0.4359375 0.20172413793103447 0.4578125 0.21206896551724136 0.46328125
0 0.7689655172413793 0.40625 0.8068965517241379 0.40625 0.8913793103448275 0.42109375 0.9086206896551724 0.41953125 0.9431034482758621 0.425 0.9241379310344827 0.41171875 0.9189655172413793 0.4046875 0.9241379310344827 0.396875 0.9155172413793103 0.38984375 0.8620689655172413 0.3859375 0.8482758620689654 0.38203125 0.8086206896551724 0.38203125 0.789655172413793 0.3796875 0.7827586206896552 0.38359375 0.7637931034482759 0.37734375 0.7551724137931035 0.37890625 0.753448275862069 0.39765625 0.7689655172413793 0.40625
0 0.6810344827586207 0.41171875 0.6931034482758621 0.40390625 0.6913793103448276 0.38359375 0.6862068965517241 0.38359375 0.6741379310344827 0.3765625 0.6448275862068965 0.375 0.6362068965517241 0.371875 0.6224137931034484 0.38359375 0.6206896551724138 0.41015625 0.6810344827586207 0.41171875
0 0 0.35625 0.04827586206896552 0.35859375 0.05344827586206896 0.334375 0.005172413793103448 0.3296875 0 0.3296875 0 0.35625
0 0.5051724137931035 0.4078125 0.5275862068965517 0.4078125 0.5758620689655173 0.4140625 0.5844827586206897 0.41171875 0.5982758620689654 0.41484375 0.6086206896551725 0.4140625 0.6155172413793103 0.41015625 0.6120689655172413 0.3953125 0.5413793103448276 0.390625 0.5293103448275862 0.3921875 0.5189655172413793 0.38984375 0.5017241379310345 0.38984375 0.4931034482758621 0.39296875 0.4896551724137931 0.40078125 0.5051724137931035 0.4078125
0 0.503448275862069 0.40703125 0.6017241379310344 0.4109375 0.6155172413793103 0.4078125 0.6206896551724138 0.3875 0.6172413793103448 0.375 0.5362068965517242 0.3734375 0.5310344827586206 0.36953125 0.5224137931034483 0.36875 0.5224137931034483 0.3625 0.5327586206896552 0.359375 0.5258620689655172 0.3578125 0.5137931034482759 0.359375 0.496551724137931 0.38125 0.4931034482758621 0.4015625 0.503448275862069 0.40703125
0 0.6758620689655173 0.45 0.6775862068965517 0.45546875 0.6827586206896552 0.4546875 0.689655172413793 0.46015625 0.6965517241379311 0.4609375 0.7068965517241379 0.471875 0.7241379310344828 0.47109375 0.7275862068965517 0.46875 0.7413793103448276 0.46953125 0.75 0.47734375 0.7637931034482759 0.47890625 0.7775862068965517 0.484375 0.7931034482758621 0.48125 0.803448275862069 0.4890625 0.8310344827586207 0.490625 0.8482758620689654 0.48828125 0.8534482758620691 0.490625 0.8741379310344828 0.490625 0.8827586206896552 0.4859375 0.8931034482758621 0.4890625 0.9137931034482758 0.475 0.9310344827586207 0.47890625 0.953448275862069 0.43515625 0.9362068965517242 0.428125 0.8379310344827585 0.4171875 0.803448275862069 0.41015625 0.7793103448275862 0.41015625 0.7551724137931035 0.40546875 0.7275862068965517 0.4078125 0.7206896551724138 0.40390625 0.7086206896551724 0.403125 0.6879310344827586 0.41484375 0.6793103448275862 0.4328125 0.6672413793103449 0.440625 0.6655172413793103 0.44765625 0.6758620689655173 0.45
0 0.7551724137931035 0.4015625 0.7758620689655172 0.4078125 0.8086206896551724 0.40546875 0.8172413793103448 0.40859375 0.8241379310344827 0.39609375 0.8206896551724137 0.38046875 0.7793103448275862 0.37578125 0.75 0.37578125 0.7482758620689655 0.38515625 0.7551724137931035 0.4015625
0 0.8706896551724137 0.33828125 0.8879310344827586 0.3375 0.9051724137931034 0.34140625 0.9275862068965518 0.33828125 0.9482758620689655 0.3421875 0.9586206896551724 0.34140625 0.9620689655172413 0.34375 0.9689655172413794 0.340625 0.9827586206896551 0.34375 0.9982758620689655 0.34296875 0.9982758620689655 0.3265625 0.993103448275862 0.32578125 0.8586206896551725 0.32265625 0.8413793103448276 0.32734375 0.8431034482758621 0.33359375 0.8706896551724137 0.33828125
0 0.7724137931034483 0.36328125 0.7775862068965517 0.365625 0.7758620689655172 0.36953125 0.7844827586206897 0.365625 0.8086206896551724 0.36640625 0.8137931034482758 0.35859375 0.8293103448275861 0.35625 0.8344827586206897 0.34296875 0.8293103448275861 0.334375 0.7655172413793103 0.33125 0.756896551724138 0.34140625 0.753448275862069 0.3625 0.7724137931034483 0.36328125
0 0.6344827586206897 0.51171875 0.7586206896551724 0.54296875 0.7827586206896552 0.54765625 0.8068965517241379 0.54765625 0.8310344827586207 0.54296875 0.9 0.53984375 0.9 0.528125 0.9189655172413793 0.5046875 0.9189655172413793 0.49453125 0.9310344827586207 0.4875 0.9344827586206896 0.465625 0.9448275862068967 0.45546875 0.9517241379310345 0.43671875 0.9362068965517242 0.42890625 0.9103448275862069 0.425 0.8448275862068966 0.41875 0.8051724137931033 0.4109375 0.7741379310344827 0.41015625 0.75 0.40546875 0.7275862068965517 0.409375 0.7206896551724138 0.4046875 0.7068965517241379 0.40390625 0.6862068965517241 0.41640625 0.6793103448275862 0.42421875 0.6793103448275862 0.4328125 0.6655172413793103 0.4390625 0.653448275862069 0.45234375 0.653448275862069 0.459375 0.6362068965517241 0.48515625 0.6310344827586206 0.50234375 0.6344827586206897 0.51171875
0 0.9620689655172413 0.43359375 0.9551724137931034 0.446875 0.960344827586207 0.45078125 0.9551724137931034 0.453125 0.9620689655172413 0.45078125 0.9793103448275862 0.4515625 0.9844827586206897 0.45546875 0.9982758620689655 0.4578125 0.9982758620689655 0.39224296875000003 0.9896551724137931 0.3921875 0.9982758620689655 0.38828125 0.9793103448275862 0.39453125 0.9517241379310345 0.39140625 0.9327586206896552 0.39296875 0.9275862068965518 0.39609375 0.9275862068965518 0.41875 0.9620689655172413 0.43359375
0 0.7741379310344827 0.4078125 0.789655172413793 0.40859375 0.8 0.40625 0.8568965517241379 0.415625 0.8741379310344828 0.415625 0.8913793103448275 0.4203125 0.9137931034482758 0.41796875 0.9224137931034482 0.4203125 0.9224137931034482 0.38984375 0.8310344827586207 0.378125 0.8017241379310345 0.3796875 0.7689655172413793 0.37578125 0.7551724137931035 0.37578125 0.7517241379310344 0.378125 0.753448275862069 0.39921875 0.7741379310344827 0.4078125
0 0.7931034482758621 0.40234375 0.8 0.40390625 0.810344827586207 0.3984375 0.8189655172413793 0.4046875 0.8586206896551725 0.41640625 0.8913793103448275 0.42109375 0.9068965517241379 0.41953125 0.9448275862068967 0.42734375 0.960344827586207 0.434375 0.9448275862068967 0.4625 0.9482758620689655 0.46640625 0.9586206896551724 0.46640625 0.9724137931034482 0.4703125 0.9896551724137931 0.4703125 0.9913793103448276 0.46484375 0.9982758620689655 0.465625 0.9982758620689655 0.41640625 0.9896551724137931 0.4125 0.9896551724137931 0.40234375 0.9844827586206897 0.3984375 0.9344827586206896 0.3921875 0.9224137931034482 0.39296875 0.9206896551724137 0.396875 0.9137931034482758 0.39765625 0.9103448275862069 0.39296875 0.903448275862069 0.39453125 0.8689655172413794 0.38671875 0.8655172413793103 0.3890625 0.8517241379310345 0.384375 0.8413793103448276 0.3875 0.8379310344827585 0.38359375 0.8224137931034482 0.3859375 0.8172413793103448 0.38359375 0.8155172413793104 0.39375 0.810344827586207 0.39453125 0.7982758620689655 0.38828125 0.7879310344827586 0.38984375 0.7827586206896552 0.38671875 0.7706896551724138 0.38671875 0.7669811320754717 0.38447818396226413 0.753448275862069 0.38984375 0.7586206896551724 0.40078125 0.7706896551724138 0.40625 0.789655172413793 0.40546875 0.7931034482758621 0.40234375
0 0.05 0.359375 0.05 0.35078125 0.0034482758620689655 0.346875 0 0.3578125 0.05 0.359375
0 0.2517241379310345 0.3796875 0.26206896551724135 0.378125 0.2793103448275862 0.38125 0.30344827586206896 0.38984375 0.3293103448275862 0.3921875 0.3448275862068965 0.39765625 0.4413793103448276 0.40390625 0.45344827586206893 0.4 0.47241379310344833 0.40078125 0.4896551724137931 0.38984375 0.48103448275862065 0.37578125 0.4241379310344827 0.3671875 0.4224137931034483 0.36484375 0.43103448275862066 0.3625 0.4275862068965517 0.359375 0.4068965517241379 0.36328125 0.39655172413793105 0.35234375 0.39655172413793105 0.35625 0.38448275862068965 0.36171875 0.35 0.36328125 0.3258620689655172 0.3609375 0.30689655172413793 0.3671875 0.2655172413793103 0.35546875 0.24655172413793106 0.36640625 0.24482758620689654 0.37578125 0.2517241379310345 0.3796875
0 0.27413793103448275 0.32578125 0.30689655172413793 0.3328125 0.3103448275862069 0.3296875 0.3155172413793103 0.33125 0.32068965517241377 0.32890625 0.34655172413793106 0.3328125 0.3586206896551724 0.32734375 0.3758620689655172 0.32734375 0.4068965517241379 0.328125 0.41551724137931034 0.33125 0.47413793103448276 0.33515625 0.48275862068965514 0.328125 0.5017241379310345 0.32265625 0.5086206896551724 0.3296875 0.5051724137931035 0.33515625 0.5120689655172413 0.33828125 0.5189655172413793 0.3359375 0.5051724137931035 0.325 0.5103448275862068 0.32109375 0.48275862068965514 0.3140625 0.47241379310344833 0.31796875 0.44482758620689655 0.3125 0.42931034482758623 0.3140625 0.33448275862068966 0.30234375 0.30689655172413793 0.303125 0.29655172413793107 0.30078125 0.2827586206896552 0.30390625 0.27241379310344827 0.303125 0.26724137931034486 0.30625 0.2655172413793103 0.31171875 0.27413793103448275 0.32578125
0 0.9362068965517242 0.4234375 0.9344827586206896 0.4203125 0.9241379310344827 0.41953125 0.9206896551724137 0.41328125 0.9206896551724137 0.42109375 0.9362068965517242 0.4234375
0 0.7672413793103449 0.40625 0.7879310344827586 0.40859375 0.7965517241379311 0.40625 0.8068965517241379 0.40703125 0.8913793103448275 0.42109375 0.9120689655172413 0.41875 0.9103448275862069 0.39140625 0.8965517241379309 0.39140625 0.8775862068965518 0.38671875 0.8655172413793103 0.38828125 0.8534482758620691 0.384375 0.8431034482758621 0.3875 0.8431034482758621 0.38359375 0.8327586206896551 0.38203125 0.8172413793103448 0.38125 0.810344827586207 0.38359375 0.7982758620689655 0.38046875 0.7931034482758621 0.38359375 0.7827586206896552 0.384375 0.7655172413793103 0.37890625 0.7551724137931035 0.3796875 0.753448275862069 0.39765625 0.7672413793103449 0.40625
0 0.21379310344827585 0.46328125 0.24655172413793106 0.46796875 0.2844827586206896 0.48046875 0.35344827586206895 0.48203125 0.3586206896551724 0.48046875 0.3586206896551724 0.46953125 0.3689655172413793 0.46015625 0.37241379310344824 0.43515625 0.3879310344827586 0.4171875 0.4 0.4140625 0.4086206896551724 0.40703125 0.38275862068965516 0.39921875 0.3586206896551724 0.39765625 0.35517241379310344 0.39375 0.33793103448275863 0.39140625 0.3413793103448276 0.38671875 0.3155172413793103 0.3734375 0.28620689655172415 0.371875 0.2517241379310345 0.3640625 0.23620689655172417 0.3734375 0.20862068965517241 0.4359375 0.20172413793103447 0.45703125 0.21379310344827585 0.46328125
0 0.7724137931034483 0.4578125 0.7758620689655172 0.453125 0.7706896551724138 0.44921875 0.7655172413793103 0.45 0.7637931034482759 0.453125 0.7724137931034483 0.4578125
0 0.6672413793103449 0.46015625 0.6775862068965517 0.4671875 0.6948275862068966 0.4671875 0.7137931034482758 0.47421875 0.746551724137931 0.475 0.7517241379310344 0.47890625 0.7775862068965517 0.48515625 0.7931034482758621 0.48359375 0.8 0.49140625 0.8051724137931033 0.4890625 0.8396551724137931 0.48828125 0.8724137931034482 0.490625 0.8827586206896552 0.48671875 0.8931034482758621 0.48984375 0.9 0.4859375 0.9068965517241379 0.4890625 0.9155172413793103 0.48828125 0.9120689655172413 0.48515625 0.9275862068965518 0.48828125 0.9310344827586207 0.48515625 0.9258620689655173 0.48203125 0.9344827586206896 0.47578125 0.9362068965517242 0.4625 0.9258620689655173 0.4609375 0.903448275862069 0.459375 0.8913793103448275 0.4625 0.8810344827586206 0.459375 0.8534482758620691 0.45859375 0.8172413793103448 0.4609375 0.8068965517241379 0.45625 0.7965517241379311 0.45625 0.7879310344827586 0.46328125 0.7775862068965517 0.459375 0.7689655172413793 0.46171875 0.7603448275862068 0.46015625 0.7586206896551724 0.4484375 0.7517241379310344 0.4453125 0.7327586206896551 0.44609375 0.7275862068965517 0.4421875 0.7155172413793103 0.4421875 0.7068965517241379 0.4453125 0.7 0.4375 0.6879310344827586 0.440625 0.6827586206896552 0.4484375 0.6672413793103449 0.43828125 0.6551724137931034 0.44921875 0.653448275862069 0.45859375 0.6672413793103449 0.46015625
0 0.4140625 0.3140625 0.003125 0.00078125
0 0.4362068965517241 0.31875 0.44655172413793104 0.3171875 0.46206896551724136 0.321875 0.4862068965517241 0.32265625 0.49482758620689654 0.321875 0.49827586206896546 0.31875 0.49137931034482757 0.31328125 0.4362068965517241 0.3109375 0.42931034482758623 0.3140625 0.4362068965517241 0.31875
0 0.8017241379310345 0.3484375 0.7965517241379311 0.353125 0.803448275862069 0.35625 0.8206896551724137 0.35546875 0.8241379310344827 0.3515625 0.8310344827586207 0.35546875 0.8724137931034482 0.359375 0.9 0.35234375 0.9155172413793103 0.3578125 0.9172413793103449 0.3640625 0.9206896551724137 0.35703125 0.9362068965517242 0.35546875 0.9362068965517242 0.3484375 0.9413793103448276 0.34609375 0.9458885941644561 0.3471153846153846 0.9517241379310345 0.344140625 0.95 0.3390625 0.9362068965517242 0.33515625 0.9155172413793103 0.33515625 0.9017241379310346 0.33046875 0.8793103448275861 0.33203125 0.8431034482758621 0.32734375 0.8293103448275861 0.334375 0.7827586206896552 0.3328125 0.7758620689655172 0.3359375 0.7706896551724138 0.33359375 0.7689655172413793 0.3375 0.7827586206896552 0.3375 0.7844827586206897 0.3421875 0.8017241379310345 0.3484375
0 0.20517241379310341 0.459375 0.21551724137931033 0.46328125 0.25 0.46875 0.2844827586206896 0.48046875 0.3568965517241379 0.48125 0.3689655172413793 0.4609375 0.37241379310344824 0.43359375 0.38620689655172413 0.4171875 0.4068965517241379 0.41015625 0.41206896551724137 0.4015625 0.4362068965517241 0.403125 0.45344827586206893 0.39765625 0.46896551724137925 0.4 0.4775862068965517 0.396875 0.4793103448275862 0.39296875 0.47241379310344833 0.3875 0.47586206896551725 0.384765625 0.4706896551724138 0.384375 0.4706896551724138 0.3796875 0.47586206896551725 0.3796875 0.4603448275862069 0.3734375 0.4603448275862069 0.36796875 0.4844827586206897 0.36953125 0.5017241379310345 0.3625 0.506896551724138 0.346875 0.49827586206896546 0.34140625 0.5103448275862068 0.3359375 0.5086206896551724 0.328125 0.5017241379310345 0.3265625 0.4896551724137931 0.33046875 0.4844827586206897 0.3296875 0.4862068965517241 0.32421875 0.4706896551724138 0.32578125 0.45517241379310347 0.31953125 0.44482758620689655 0.31953125 0.4379310344827586 0.32265625 0.42931034482758623 0.31640625 0.4137931034482759 0.31640625 0.39655172413793105 0.3125 0.38448275862068965 0.31328125 0.3758620689655172 0.31015625 0.35517241379310344 0.31171875 0.3310344827586207 0.303125 0.28620689655172415 0.303125 0.2827586206896552 0.30625 0.2689655172413793 0.30703125 0.27241379310344827 0.321875 0.25862068965517243 0.32734375 0.253448275862069 0.33828125 0.25689655172413794 0.3578125 0.23620689655172417 0.3734375 0.20344827586206896 0.4515625 0.20517241379310341 0.459375
0 0.37413793103448273 0.359375 0.37241379310344824 0.35625 0.3689655172413793 0.36015625 0.37413793103448273 0.359375
0 0.35517241379310344 0.36015625 0.3568965517241379 0.35546875 0.35172413793103446 0.353125 0.34655172413793106 0.35859375 0.35517241379310344 0.36015625
0 0.37241379310344824 0.34765625 0.3793103448275862 0.3515625 0.38620689655172413 0.3484375 0.4017241379310345 0.35078125 0.41034482758620683 0.35390625 0.4137931034482759 0.36328125 0.4241379310344827 0.36171875 0.4275862068965517 0.35625 0.43275862068965515 0.36484375 0.4413793103448276 0.36796875 0.45862068965517244 0.37109375 0.4706896551724138 0.3703125 0.4931034482758621 0.37578125 0.5103448275862068 0.35625 0.5120689655172413 0.33828125 0.5086206896551724 0.328125 0.5 0.32109375 0.4896551724137931 0.325 0.4637931034482759 0.32421875 0.46206896551724136 0.33125 0.4568965517241379 0.3328125 0.44482758620689655 0.3296875 0.4206896551724138 0.33203125 0.3793103448275862 0.32734375 0.3655172413793103 0.33046875 0.3586206896551724 0.32734375 0.34827586206896555 0.334375 0.35 0.34453125 0.37241379310344824 0.34765625
0 0.6362068965517241 0.51484375 0.7827586206896552 0.5484375 0.8120689655172413 0.54765625 0.8362068965517242 0.54296875 0.8862068965517242 0.5421875 0.9017241379310346 0.53984375 0.9017241379310346 0.52578125 0.9086206896551724 0.51953125 0.9086206896551724 0.5109375 0.9017241379310346 0.50859375 0.8896551724137931 0.51171875 0.8793103448275861 0.5078125 0.8448275862068966 0.50859375 0.8275862068965518 0.5125 0.7827586206896552 0.51015625 0.6793103448275862 0.48515625 0.6637931034482759 0.48515625 0.653448275862069 0.478125 0.6431034482758621 0.478125 0.6396551724137931 0.48046875 0.6293103448275862 0.49921875 0.6293103448275862 0.509375 0.6362068965517241 0.51484375
0 0.45517241379310347 0.38359375 0.45 0.38203125 0.44827586206896547 0.38359375 0.45517241379310347 0.38359375
0 0.42586206896551726 0.3828125 0.4241379310344827 0.3796875 0.4137931034482759 0.38046875 0.41551724137931034 0.384375 0.42586206896551726 0.3828125
0 0.25862068965517243 0.35 0.2603448275862069 0.3625 0.30344827586206896 0.37109375 0.34310344827586203 0.3703125 0.35172413793103446 0.37421875 0.3655172413793103 0.36875 0.3793103448275862 0.3796875 0.4017241379310345 0.38046875 0.41551724137931034 0.3671875 0.4517241379310345 0.3703125 0.45862068965517244 0.37421875 0.49482758620689654 0.3765625 0.5086206896551724 0.35703125 0.5086206896551724 0.3484375 0.49482758620689654 0.33984375 0.4413793103448276 0.33359375 0.4206896551724138 0.33359375 0.4137931034482759 0.33125 0.3620689655172414 0.32890625 0.3396551724137931 0.334375 0.33448275862068966 0.3390625 0.3310344827586207 0.33671875 0.32413793103448274 0.33828125 0.29482758620689653 0.3359375 0.25862068965517243 0.32734375 0.253448275862069 0.33671875 0.2517241379310345 0.3453125 0.25862068965517243 0.35
0 0 0.3453125 0.05 0.34921875 0.05344827586206896 0.334375 0.015517241379310345 0.33046875 0 0.33046875 0 0.3453125
0 0.9551724137931034 0.42734375 0.9620689655172413 0.43359375 0.9482758620689655 0.45625 0.9482758620689655 0.46640625 0.9948275862068966 0.4734375 0.9982758620689655 0.41484375 0.9913793103448276 0.41171875 0.993103448275862 0.40703125 0.9793103448275862 0.409375 0.9724137931034482 0.41875 0.9620689655172413 0.4171875 0.953448275862069 0.41953125 0.9413793103448276 0.41640625 0.9413793103448276 0.42265625 0.9551724137931034 0.42734375
0 0.7551724137931035 0.38984375 0.7620689655172413 0.38046875 0.8241379310344827 0.3796875 0.8344827586206897 0.36328125 0.8224137931034482 0.35546875 0.8258620689655173 0.3515625 0.8172413793103448 0.3578125 0.7965517241379311 0.35703125 0.789655172413793 0.353125 0.7982758620689655 0.3484375 0.7672413793103449 0.3421875 0.7620689655172413 0.33828125 0.7655172413793103 0.34140625 0.7517241379310344 0.35546875 0.746551724137931 0.3828125 0.7551724137931035 0.38984375
0 0.7724137931034483 0.33515625 0.7672413793103449 0.334375 0.7655172413793103 0.33671875 0.7724137931034483 0.33515625
0 0.7603448275862068 0.37421875 0.7775862068965517 0.3734375 0.8 0.37734375 0.8241379310344827 0.37734375 0.8310344827586207 0.3734375 0.8396551724137931 0.3765625 0.8534482758620691 0.371875 0.8637931034482758 0.37421875 0.8689655172413794 0.37265625 0.8931034482758621 0.3796875 0.8931034482758621 0.384375 0.903448275862069 0.38359375 0.9068965517241379 0.38671875 0.9137931034482758 0.38671875 0.9189655172413793 0.3796875 0.9310344827586207 0.37734375 0.95 0.34765625 0.9258620689655173 0.34140625 0.8862068965517242 0.3421875 0.8413793103448276 0.334375 0.7672413793103449 0.33359375 0.753448275862069 0.35390625 0.7517241379310344 0.3703125 0.7603448275862068 0.37421875
0 0.7258620689655173 0.4921875 0.7293103448275862 0.490625 0.7224137931034483 0.48828125 0.7206896551724138 0.49140625 0.7258620689655173 0.4921875
0 0.76796875 0.45234375 0.0015625 0.0015625
0 0.6620689655172414 0.4640625 0.6637931034482759 0.46953125 0.6948275862068966 0.47109375 0.7327586206896551 0.47890625 0.7362068965517241 0.484375 0.7396551724137931 0.48046875 0.7448275862068965 0.48046875 0.7586206896551724 0.48671875 0.7517241379310344 0.49140625 0.746551724137931 0.490625 0.7482758620689655 0.49765625 0.7655172413793103 0.49296875 0.7689655172413793 0.50078125 0.7758620689655172 0.50234375 0.7810344827586206 0.5015625 0.7793103448275862 0.49453125 0.7637931034482759 0.490625 0.7672413793103449 0.48671875 0.7844827586206897 0.4890625 0.7948275862068965 0.49609375 0.8051724137931033 0.49296875 0.8275862068965518 0.4953125 0.8344827586206897 0.49140625 0.8724137931034482 0.49453125 0.8827586206896552 0.49296875 0.8896551724137931 0.49609375 0.9 0.48984375 0.9258620689655173 0.49140625 0.9310344827586207 0.48828125 0.9379310344827585 0.47421875 0.9344827586206896 0.4625 0.9068965517241379 0.459375 0.8879310344827586 0.4625 0.8793103448275861 0.459375 0.85 0.45859375 0.8206896551724137 0.46015625 0.8172413793103448 0.4625 0.8086206896551724 0.45859375 0.803448275862069 0.459375 0.803448275862069 0.45625 0.7931034482758621 0.46953125 0.7844827586206897 0.4640625 0.7672413793103449 0.4640625 0.756896551724138 0.46015625 0.7586206896551724 0.44921875 0.7482758620689655 0.4453125 0.7379310344827587 0.44609375 0.7327586206896551 0.45 0.7241379310344828 0.4453125 0.7258620689655173 0.44296875 0.7172413793103448 0.4421875 0.7051724137931035 0.44765625 0.6982758620689655 0.43984375 0.6948275862068966 0.44296875 0.6879310344827586 0.44140625 0.6879310344827586 0.44765625 0.6793103448275862 0.44765625 0.6758620689655173 0.440625 0.6672413793103449 0.43671875 0.6620689655172414 0.44296875 0.653448275862069 0.44453125 0.65 0.459375 0.6620689655172414 0.4640625
0 0.6431034482758621 0.43671875 0.646551724137931 0.43046875 0.6396551724137931 0.43203125 0.6431034482758621 0.43671875
0 0.6362068965517241 0.4296875 0.6413793103448275 0.425 0.6362068965517241 0.421875 0.6258620689655172 0.425 0.6362068965517241 0.4296875
0 0.3931034482758621 0.4453125 0.3931034482758621 0.44765625 0.39827586206896554 0.44453125 0.4137931034482759 0.45234375 0.43103448275862066 0.453125 0.4362068965517241 0.45703125 0.44827586206896547 0.45546875 0.44827586206896547 0.459375 0.4568965517241379 0.4640625 0.47413793103448276 0.4703125 0.4844827586206897 0.46953125 0.503448275862069 0.47578125 0.5172413793103449 0.47578125 0.5344827586206897 0.4703125 0.5568965517241379 0.47578125 0.6224137931034484 0.47421875 0.6275862068965516 0.47109375 0.6241379310344828 0.46171875 0.6310344827586206 0.46015625 0.6413793103448275 0.44921875 0.6362068965517241 0.440625 0.6224137931034484 0.440625 0.6051724137931035 0.43671875 0.6 0.4390625 0.5844827586206897 0.4390625 0.5603448275862069 0.43515625 0.5206896551724138 0.4375 0.5103448275862068 0.428125 0.4862068965517241 0.42890625 0.47413793103448276 0.42578125 0.45517241379310347 0.42578125 0.44482758620689655 0.4171875 0.4379310344827586 0.41875 0.4344827586206897 0.41640625 0.41034482758620683 0.42265625 0.4068965517241379 0.42109375 0.4068965517241379 0.425 0.3896551724137931 0.42890625 0.3810344827586207 0.43515625 0.38275862068965516 0.446875 0.3931034482758621 0.4453125
0 0.503448275862069 0.4140625 0.5120689655172413 0.42109375 0.5344827586206897 0.42578125 0.5431034482758621 0.42109375 0.5517241379310345 0.4203125 0.5534482758620689 0.4265625 0.5706896551724138 0.42421875 0.5913793103448276 0.428125 0.5982758620689654 0.4265625 0.6051724137931035 0.4296875 0.6068965517241379 0.4234375 0.6224137931034484 0.4234375 0.6206896551724138 0.42109375 0.6120689655172413 0.42109375 0.5948275862068966 0.415625 0.5741379310344827 0.4171875 0.5465517241379311 0.4109375 0.5043103448275862 0.41015625 0.5 0.4125 0.4931034482758621 0.41015625 0.4844827586206897 0.4109375 0.503448275862069 0.4140625
0 0.9637931034482758 0.4328125 0.9706896551724137 0.43515625 0.9689655172413794 0.4296875 0.9793103448275862 0.4265625 0.9862068965517242 0.43046875 0.9982758620689655 0.43125 0.9982758620689655 0.39765625 0.9896551724137931 0.39921875 0.9327586206896552 0.3953125 0.9275862068965518 0.39921875 0.9275862068965518 0.42109375 0.9620689655172413 0.43046875 0.9637931034482758 0.434375 0.9637931034482758 0.4328125
0 0.9982758620689655 0.4296875 0.9982758620689655 0.39375 0.9793103448275862 0.4015625 0.9775862068965517 0.41875 0.9982758620689655 0.4296875
0 0.48103448275862065 0.47890625 0.47413793103448276 0.47421875 0.4706896551724138 0.47890625 0.48103448275862065 0.47890625
0 0.3896551724137931 0.49453125 0.4344827586206897 0.50234375 0.46896551724137925 0.5125 0.5568965517241379 0.51015625 0.5741379310344827 0.51171875 0.6206896551724138 0.50859375 0.6224137931034484 0.4921875 0.6120689655172413 0.48359375 0.6017241379310344 0.48046875 0.5862068965517241 0.48203125 0.5741379310344827 0.478125 0.5586206896551724 0.48046875 0.5482758620689655 0.4765625 0.539655172413793 0.478125 0.5413793103448276 0.4859375 0.5327586206896552 0.4875 0.496551724137931 0.48203125 0.46896551724137925 0.48828125 0.45517241379310347 0.48046875 0.4637931034482759 0.478125 0.46206896551724136 0.47109375 0.4517241379310345 0.46953125 0.4344827586206897 0.46171875 0.4224137931034483 0.4625 0.41551724137931034 0.4578125 0.4068965517241379 0.46015625 0.40344827586206894 0.4578125 0.3879310344827586 0.45859375 0.38620689655172413 0.4671875 0.3758620689655172 0.46484375 0.36724137931034484 0.4765625 0.3655172413793103 0.4875 0.3896551724137931 0.49453125
0 0.9293103448275861 0.41796875 0.939655172413793 0.41875 0.9431034482758621 0.42421875 0.9620689655172413 0.43359375 0.9517241379310345 0.46015625 0.9586206896551724 0.46640625 0.9948275862068966 0.4734375 0.9982758620689655 0.35078125 0.9896551724137931 0.34765625 0.9982758620689655 0.34453125 0.9810344827586206 0.3453125 0.9810344827586206 0.34921875 0.9655172413793103 0.3484375 0.9551724137931034 0.35234375 0.9413793103448276 0.3703125 0.9344827586206896 0.38984375 0.9275862068965518 0.39375 0.9241379310344827 0.4125 0.9293103448275861 0.41796875
0 0.6046875 0.4171875 0.00546875 0.0015625
0 0.6293103448275862 0.4234375 0.6413793103448275 0.42421875 0.646551724137931 0.42890625 0.6344827586206897 0.4546875 0.6327586206896552 0.48515625 0.6379310344827587 0.4703125 0.6482758620689655 0.46015625 0.6689655172413793 0.453125 0.6741379310344827 0.4484375 0.6724137931034483 0.43984375 0.6827586206896552 0.41484375 0.6586206896551724 0.4125 0.6172413793103448 0.4140625 0.6172413793103448 0.41875 0.6293103448275862 0.4234375
0 0.4844827586206897 0.37109375 0.4931034482758621 0.36953125 0.49137931034482757 0.365625 0.48103448275862065 0.365625 0.4844827586206897 0.37109375
0 0.4137931034482759 0.3609375 0.41896551724137926 0.359375 0.41724137931034483 0.35703125 0.41034482758620683 0.35703125 0.4137931034482759 0.3609375
0 0.25862068965517243 0.32734375 0.2655172413793103 0.33046875 0.25862068965517243 0.33203125 0.2775862068965517 0.3328125 0.2810344827586207 0.33515625 0.27586206896551724 0.3390625 0.2689655172413793 0.33828125 0.2603448275862069 0.34140625 0.25862068965517243 0.3453125 0.29482758620689653 0.34921875 0.32413793103448274 0.35859375 0.34827586206896555 0.3609375 0.3620689655172414 0.359375 0.38275862068965516 0.3625 0.3879310344827586 0.359375 0.38275862068965516 0.35078125 0.39827586206896554 0.35 0.41034482758620683 0.3546875 0.43965517241379304 0.35390625 0.43965517241379304 0.3640625 0.4568965517241379 0.36953125 0.46551724137931033 0.36953125 0.47413793103448276 0.3671875 0.4775862068965517 0.35859375 0.5051724137931035 0.36015625 0.5086206896551724 0.35703125 0.506896551724138 0.346875 0.5189655172413793 0.334375 0.49482758620689654 0.3171875 0.47241379310344833 0.31875 0.4431034482758621 0.3140625 0.41034482758620683 0.31328125 0.4 0.31015625 0.3620689655172414 0.30859375 0.33620689655172414 0.303125 0.3 0.30625 0.3 0.303125 0.2896551724137931 0.30234375 0.2810344827586207 0.30625 0.27413793103448275 0.3046875 0.26724137931034486 0.309375 0.2706896551724138 0.32265625 0.25862068965517243 0.32734375
0 0.2603448275862069 0.35 0.2603448275862069 0.36171875 0.30517241379310345 0.3734375 0.32241379310344825 0.37265625 0.33793103448275863 0.38203125 0.35172413793103446 0.38203125 0.35517241379310344 0.384375 0.34310344827586203 0.390625 0.35517241379310344 0.3890625 0.35517241379310344 0.39453125 0.3913793103448276 0.3984375 0.4 0.4015625 0.4379310344827586 0.40390625 0.45 0.4 0.47241379310344833 0.40078125 0.4862068965517241 0.39375 0.49137931034482757 0.37890625 0.5086206896551724 0.35703125 0.5086206896551724 0.3421875 0.5172413793103449 0.33515625 0.5103448275862068 0.3265625 0.4931034482758621 0.31796875 0.4896551724137931 0.32109375 0.4672413793103448 0.3203125 0.4 0.3109375 0.3620689655172414 0.309375 0.33448275862068966 0.303125 0.32068965517241377 0.303125 0.30344827586206896 0.3078125 0.2982758620689655 0.303125 0.28620689655172415 0.303125 0.2827586206896552 0.30625 0.27241379310344827 0.30625 0.2689655172413793 0.30859375 0.27241379310344827 0.321875 0.25689655172413794 0.33046875 0.253448275862069 0.3453125 0.2603448275862069 0.35
0 0.503448275862069 0.40703125 0.5948275862068966 0.4109375 0.6155172413793103 0.4078125 0.6155172413793103 0.37890625 0.5913793103448276 0.37890625 0.5862068965517241 0.3765625 0.5568965517241379 0.375 0.5327586206896552 0.3765625 0.5155172413793103 0.3734375 0.5051724137931035 0.3765625 0.49827586206896546 0.3828125 0.4931034482758621 0.4015625 0.503448275862069 0.40703125
0 0.29310344827586204 0.340625 0.28793103448275864 0.340625 0.2896551724137931 0.3453125 0.29310344827586204 0.340625
0 0.25689655172413794 0.32734375 0.25862068965517243 0.33046875 0.26724137931034486 0.32890625 0.2810344827586207 0.33125 0.2896551724137931 0.3359375 0.33620689655172414 0.33828125 0.34827586206896555 0.31484375 0.33793103448275863 0.303125 0.29137931034482756 0.30078125 0.2827586206896552 0.303125 0.27241379310344827 0.30234375 0.26379310344827583 0.30859375 0.2655172413793103 0.31953125 0.25689655172413794 0.32734375
0 0.9517241379310345 0.371875 0.9948275862068966 0.37421875 0.9982758620689655 0.34453125 0.9896551724137931 0.346875 0.9706896551724137 0.34375 0.9568965517241379 0.34765625 0.9431034482758621 0.36640625 0.9431034482758621 0.37421875 0.9517241379310345 0.371875
0 0.5206896551724138 0.33046875 0.5241379310344827 0.340625 0.5344827586206897 0.3390625 0.5482758620689655 0.34609375 0.5603448275862069 0.34140625 0.5810344827586207 0.3421875 0.5896551724137931 0.3453125 0.6017241379310344 0.34375 0.6362068965517241 0.34765625 0.6396551724137931 0.35078125 0.653448275862069 0.3453125 0.653448275862069 0.33828125 0.6413793103448275 0.3296875 0.5448275862068965 0.32109375 0.5241379310344827 0.3171875 0.5103448275862068 0.31875 0.5086206896551724 0.321875 0.5206896551724138 0.33046875
0 0.3046875 0.3453125 0.0015625 0.0015625
0 0.21379310344827585 0.46328125 0.24482758620689654 0.46796875 0.2827586206896552 0.48046875 0.3586206896551724 0.48046875 0.3603448275862069 0.46953125 0.3689655172413793 0.46015625 0.37241379310344824 0.434375 0.3879310344827586 0.41171875 0.4 0.40703125 0.38448275862068965 0.40078125 0.3586206896551724 0.39765625 0.35517241379310344 0.39296875 0.33793103448275863 0.3921875 0.33620689655172414 0.3890625 0.34310344827586203 0.38671875 0.33620689655172414 0.38515625 0.31896551724137934 0.37109375 0.3017241379310345 0.36953125 0.29137931034482756 0.365625 0.27241379310344827 0.3671875 0.25862068965517243 0.36015625 0.25689655172413794 0.34453125 0.23448275862068962 0.37578125 0.20862068965517241 0.4359375 0.20172413793103447 0.45703125 0.21379310344827585 0.46328125
0 0.2844827586206896 0.3453125 0.2775862068965517 0.3609375 0.2844827586206896 0.36015625 0.2844827586206896 0.35546875 0.29137931034482756 0.35390625 0.2844827586206896 0.35234375 0.28620689655172415 0.34765625 0.29310344827586204 0.3484375 0.3 0.3390625 0.29655172413793107 0.33359375 0.29137931034482756 0.33671875 0.2827586206896552 0.334375 0.29482758620689653 0.34140625 0.2844827586206896 0.3453125
0 0.3120689655172414 0.325 0.3086206896551724 0.32265625 0.3137931034482758 0.32109375 0.3086206896551724 0.31953125 0.30344827586206896 0.32109375 0.3120689655172414 0.325
0 0.6913793103448276 0.43515625 0.6879310344827586 0.44921875 0.6948275862068966 0.45 0.7017241379310344 0.4453125 0.7224137931034483 0.44296875 0.7310344827586206 0.44609375 0.7189655172413792 0.45234375 0.7224137931034483 0.45078125 0.7310344827586206 0.453125 0.7379310344827587 0.459375 0.75 0.4578125 0.753448275862069 0.46171875 0.7655172413793103 0.46484375 0.7844827586206897 0.46328125 0.7931034482758621 0.46875 0.8155172413793104 0.46796875 0.8241379310344827 0.4640625 0.8275862068965518 0.465625 0.8344827586206897 0.46015625 0.8482758620689654 0.45859375 0.8827586206896552 0.46171875 0.9086206896551724 0.45859375 0.9379310344827585 0.46171875 0.9551724137931034 0.4390625 0.9517241379310345 0.43203125 0.9362068965517242 0.42734375 0.8672413793103448 0.4203125 0.803448275862069 0.409375 0.7827586206896552 0.409375 0.7517241379310344 0.40390625 0.7413793103448276 0.40390625 0.7327586206896551 0.40703125 0.7206896551724138 0.40234375 0.7051724137931035 0.403125 0.6862068965517241 0.4203125 0.6844827586206896 0.43125 0.6913793103448276 0.43515625
0 0.5379310344827586 0.375 0.5637931034482759 0.3734375 0.5931034482758621 0.37734375 0.6189655172413793 0.3765625 0.6275862068965516 0.3734375 0.6379310344827587 0.3625 0.6396551724137931 0.35234375 0.6258620689655172 0.3453125 0.5724137931034483 0.340625 0.5448275862068965 0.34140625 0.5275862068965517 0.3375 0.5172413793103449 0.34609375 0.5155172413793103 0.365625 0.5379310344827586 0.375
0 0.26724137931034486 0.4359375 0.29655172413793107 0.45 0.32413793103448274 0.4515625 0.33275862068965517 0.44921875 0.3620689655172414 0.45 0.37241379310344824 0.4421875 0.37241379310344824 0.434375 0.3879310344827586 0.415625 0.4017241379310345 0.4078125 0.3931034482758621 0.40703125 0.38275862068965516 0.4015625 0.3706896551724138 0.40390625 0.3568965517241379 0.40078125 0.32241379310344825 0.403125 0.31724137931034485 0.39765625 0.3086206896551724 0.4 0.29655172413793107 0.39609375 0.2896551724137931 0.40078125 0.27413793103448275 0.4015625 0.24137931034482757 0.3953125 0.23620689655172417 0.3921875 0.22241379310344828 0.40546875 0.21724137931034485 0.42578125 0.26724137931034486 0.4359375
0 0.6620689655172414 0.3765625 0.6758620689655173 0.37578125 0.6827586206896552 0.3671875 0.6775862068965517 0.3625 0.646551724137931 0.36015625 0.6379310344827587 0.36640625 0.6379310344827587 0.37265625 0.6620689655172414 0.3765625
0 0.7517241379310344 0.38515625 0.7637931034482759 0.378125 0.8241379310344827 0.37890625 0.8362068965517242 0.365625 0.8241379310344827 0.3453125 0.8137931034482758 0.34765625 0.7982758620689655 0.34609375 0.7913793103448276 0.34140625 0.7758620689655172 0.33828125 0.7758620689655172 0.334375 0.7655172413793103 0.33359375 0.7517241379310344 0.3546875 0.746551724137931 0.3734375 0.7517241379310344 0.38515625
0 0.960344827586207 0.4703125 0.9982758620689655 0.47421875 0.9948275862068966 0.446875 0.9879310344827585 0.4515625 0.9741379310344828 0.44765625 0.9551724137931034 0.45 0.9431034482758621 0.465625 0.960344827586207 0.4703125
0 0.6948275862068966 0.36171875 0.7017241379310344 0.353125 0.7 0.3484375 0.6689655172413793 0.34453125 0.646551724137931 0.34765625 0.646551724137931 0.3625 0.6948275862068966 0.36171875
0 0.99375 0.4140625 0.0015625 0.003125
0 0.8965517241379309 0.40234375 0.8931034482758621 0.4078125 0.9 0.4078125 0.8965517241379309 0.39765625 0.8913793103448275 0.3984375 0.8896551724137931 0.40078125 0.8965517241379309 0.40234375
0 0.8517241379310345 0.4109375 0.8568965517241379 0.40703125 0.8482758620689654 0.39765625 0.8448275862068966 0.40546875 0.8517241379310345 0.4109375
0 0.85 0.390625 0.8533468559837727 0.39113051470588234 0.8517241379310345 0.38671875 0.85 0.390625
0 0.8533468559837727 0.39113051470588234 0.853823088455772 0.39242527173913044 0.8551724137931034 0.39140625 0.8533468559837727 0.39113051470588234
0 0.8551724137931034 0.39609375 0.853823088455772 0.39242527173913044 0.85 0.3953125 0.8551724137931034 0.39609375
0 0.8586206896551725 0.4 0.8620689655172413 0.40234375 0.8689655172413794 0.40078125 0.8689655172413794 0.3859375 0.8637931034482758 0.38984375 0.8655172413793103 0.39453125 0.8586206896551725 0.4
0 0.8775862068965518 0.3890625 0.8827586206896552 0.396875 0.8896551724137931 0.39296875 0.8862068965517242 0.378125 0.8844827586206897 0.3796875 0.8844827586206897 0.3859375 0.8775862068965518 0.3890625
0 0.8862068965517242 0.37265625 0.8896551724137931 0.36875 0.8862068965517242 0.36796875 0.8862068965517242 0.37265625
0 0.88046875 0.36875 0.0015625 0.00703125
0 0.9189655172413793 0.359375 0.9172413793103449 0.35703125 0.9086206896551724 0.35703125 0.9068965517241379 0.359375 0.9189655172413793 0.359375
0 0.89453125 0.359375 0.003125 0.0046875
0 0.9172413793103449 0.33984375 0.9051724137931034 0.34921875 0.8965517241379309 0.3453125 0.9017241379310346 0.3484375 0.8965517241379309 0.34921875 0.9086206896551724 0.35 0.9103448275862069 0.35390625 0.9155172413793103 0.35078125 0.9206896551724137 0.3515625 0.9241379310344827 0.35859375 0.9310344827586207 0.3578125 0.9379310344827585 0.3640625 0.9344827586206896 0.36953125 0.9103448275862069 0.37265625 0.9155172413793103 0.3734375 0.9103448275862069 0.378125 0.9258620689655173 0.37578125 0.9293103448275861 0.38046875 0.9206896551724137 0.38203125 0.9120689655172413 0.390625 0.9172413793103449 0.39375 0.9103448275862069 0.3953125 0.9051724137931034 0.409375 0.9103448275862069 0.41875 0.9448275862068967 0.42578125 0.960344827586207 0.43203125 0.9482758620689655 0.465625 0.9706896551724137 0.4703125 0.993103448275862 0.47109375 0.9982758620689655 0.46640625 0.9982758620689655 0.42109375 0.9896551724137931 0.41953125 0.9982758620689655 0.39296875 0.9982758620689655 0.3515625 0.993103448275862 0.33125 0.9862068965517242 0.33046875 0.9810344827586206 0.334375 0.975 0.33125 0.9706896551724137 0.33359375 0.953448275862069 0.3296875 0.9379310344827585 0.3296875 0.9327586206896552 0.33828125 0.9172413793103449 0.33984375
0 0.7586206896551724 0.39921875 0.7844827586206897 0.39765625 0.8 0.40234375 0.8068965517241379 0.40078125 0.810344827586207 0.40390625 0.8155172413793104 0.4015625 0.8189655172413793 0.40546875 0.8362068965517242 0.403125 0.846551724137931 0.4109375 0.8586206896551725 0.4140625 0.8913793103448275 0.41171875 0.8965517241379309 0.409375 0.9 0.41328125 0.9172413793103449 0.4078125 0.9172413793103449 0.39375 0.9327586206896552 0.384375 0.9379310344827585 0.365625 0.9482758620689655 0.353125 0.9482758620689655 0.35 0.9310344827586207 0.34296875 0.8758620689655172 0.3421875 0.8396551724137931 0.334375 0.7672413793103449 0.33359375 0.7603448275862068 0.33828125 0.753448275862069 0.35390625 0.7482758620689655 0.38359375 0.7586206896551724 0.39921875
0 0.05517241379310345 0.33359375 0.05344827586206896 0.32421875 0.0017241379310344827 0.3171875 0 0.3328125 0.05517241379310345 0.33359375
0 0.8603448275862069 0.38359375 0.903448275862069 0.38828125 0.9241379310344827 0.38828125 0.9327586206896552 0.384375 0.939655172413793 0.359375 0.9310344827586207 0.36015625 0.9 0.34765625 0.8793103448275861 0.35703125 0.8758620689655172 0.35546875 0.8724137931034482 0.359375 0.8620689655172413 0.36015625 0.8448275862068966 0.35625 0.8362068965517242 0.365625 0.8379310344827585 0.37890625 0.8603448275862069 0.38359375
0 0.946551724137931 0.4671875 0.9982758620689655 0.475 0.9982758620689655 0.459375 0.993103448275862 0.45703125 0.9844827586206897 0.45859375 0.9741379310344828 0.453125 0.9586206896551724 0.45625 0.946551724137931 0.46328125 0.946551724137931 0.4671875
0 0.6172413793103448 0.41796875 0.646551724137931 0.42578125 0.6448275862068965 0.44375 0.6396551724137931 0.4484375 0.646551724137931 0.4578125 0.6568965517241379 0.44375 0.6741379310344827 0.43203125 0.6810344827586207 0.42265625 0.6810344827586207 0.4125 0.6379310344827587 0.4125 0.6172413793103448 0.4140625 0.6172413793103448 0.41796875
0 0.93203125 0.42109375 0.00546875 0.0015625
0 0.7775862068965517 0.40625 0.7793103448275862 0.40390625 0.7724137931034483 0.40234375 0.7689655172413793 0.40390625 0.7775862068965517 0.40625
0 0.7609375 0.4 0.0015625 0.00078125
0 0.8224137931034482 0.39921875 0.8189655172413793 0.4046875 0.8517241379310345 0.41484375 0.8724137931034482 0.415625 0.8965517241379309 0.4203125 0.9051724137931034 0.41796875 0.9189655172413793 0.40703125 0.9241379310344827 0.396875 0.9155172413793103 0.38984375 0.8982758620689655 0.38984375 0.8482758620689654 0.38203125 0.8310344827586207 0.3828125 0.8172413793103448 0.38828125 0.8155172413793104 0.39453125 0.8224137931034482 0.39921875
0 0.39655172413793105 0.421875 0.39827586206896554 0.42734375 0.3896551724137931 0.42734375 0.3793103448275862 0.43515625 0.38448275862068965 0.44140625 0.3793103448275862 0.44296875 0.38275862068965516 0.4453125 0.3896551724137931 0.4390625 0.4137931034482759 0.4390625 0.4206896551724138 0.44375 0.42931034482758623 0.44140625 0.4362068965517241 0.44609375 0.44482758620689655 0.44609375 0.4517241379310345 0.44921875 0.4568965517241379 0.44609375 0.46206896551724136 0.453125 0.47586206896551725 0.45859375 0.4775862068965517 0.4671875 0.503448275862069 0.4671875 0.5120689655172413 0.459375 0.5344827586206897 0.4578125 0.5620689655172414 0.459375 0.6172413793103448 0.45625 0.6396551724137931 0.46015625 0.646551724137931 0.45703125 0.6482758620689655 0.446875 0.6775862068965517 0.421875 0.6775862068965517 0.4171875 0.6620689655172414 0.4140625 0.6086206896551725 0.4171875 0.5931034482758621 0.4125 0.5672413793103448 0.41328125 0.5275862068965517 0.4078125 0.4896551724137931 0.4078125 0.4844827586206897 0.40546875 0.4568965517241379 0.40390625 0.4379310344827586 0.4078125 0.4137931034482759 0.4078125 0.4051724137931035 0.42265625 0.39655172413793105 0.421875
0 0.3275862068965517 0.35546875 0.32241379310344825 0.3484375 0.3120689655172414 0.34921875 0.3120689655172414 0.35234375 0.3275862068965517 0.35546875
0 0.28984375 0.3421875 0.003125 0.0015625
0 0.38275862068965516 0.3453125 0.41896551724137926 0.3453125 0.41724137931034483 0.33828125 0.4068965517241379 0.33984375 0.3896551724137931 0.3359375 0.37413793103448273 0.33828125 0.3706896551724138 0.34140625 0.38275862068965516 0.3453125
0 0.2655172413793103 0.328125 0.27241379310344827 0.33125 0.3293103448275862 0.3390625 0.33448275862068966 0.3421875 0.34310344827586203 0.340625 0.3620689655172414 0.34296875 0.36724137931034484 0.33984375 0.3655172413793103 0.33125 0.37241379310344824 0.32890625 0.3931034482758621 0.33046875 0.39655172413793105 0.3328125 0.40344827586206894 0.33046875 0.41034482758620683 0.3328125 0.4362068965517241 0.3328125 0.47241379310344833 0.33984375 0.5120689655172413 0.34140625 0.5189655172413793 0.33671875 0.506896551724138 0.32265625 0.4931034482758621 0.31640625 0.46896551724137925 0.31796875 0.44827586206896547 0.3140625 0.4137931034482759 0.31328125 0.33793103448275863 0.303125 0.28793103448275864 0.30234375 0.2810344827586207 0.30546875 0.27241379310344827 0.30390625 0.26724137931034486 0.30703125 0.2706896551724138 0.32109375 0.2655172413793103 0.328125
0 0.95 0.3953125 0.9568965517241379 0.39921875 0.9948275862068966 0.396875 0.9982758620689655 0.3703125 0.9620689655172413 0.37109375 0.9448275862068967 0.36875 0.9379310344827585 0.3765625 0.9344827586206896 0.39296875 0.95 0.3953125
0 0.7586206896551724 0.40078125 0.7758620689655172 0.40625 0.803448275862069 0.40390625 0.8534482758620691 0.41484375 0.8913793103448275 0.4203125 0.9068965517241379 0.41953125 0.946551724137931 0.4265625 0.9620689655172413 0.43359375 0.946551724137931 0.4640625 0.9724137931034482 0.4703125 0.9896551724137931 0.4703125 0.9982758620689655 0.4640625 0.9982758620689655 0.446875 0.9827586206896551 0.4140625 0.9965517241379309 0.39140625 0.9948275862068966 0.3296875 0.8586206896551725 0.325 0.8327586206896551 0.33515625 0.7637931034482759 0.334375 0.7551724137931035 0.3515625 0.7482758620689655 0.3796875 0.7586206896551724 0.40078125
0 0.7655172413793103 0.53671875 0.7655172413793103 0.5328125 0.7603448275862068 0.53203125 0.756896551724138 0.534375 0.7655172413793103 0.53671875
0 0.709375 0.525 0.0015625 0.00234375
0 0.6379310344827587 0.49375 0.6568965517241379 0.5 0.6603448275862068 0.49765625 0.6810344827586207 0.5 0.6965517241379311 0.50546875 0.7051724137931035 0.5046875 0.7155172413793103 0.51171875 0.7258620689655173 0.51015625 0.7327586206896551 0.515625 0.7413793103448276 0.515625 0.7482758620689655 0.51953125 0.7637931034482759 0.51953125 0.7810344827586206 0.52734375 0.8 0.52265625 0.810344827586207 0.52578125 0.8327586206896551 0.52578125 0.8827586206896552 0.5203125 0.903448275862069 0.521875 0.9189655172413793 0.50546875 0.9206896551724137 0.49375 0.9293103448275861 0.48828125 0.9310344827586207 0.4765625 0.9241379310344827 0.47265625 0.8672413793103448 0.4734375 0.8603448275862069 0.47578125 0.8448275862068966 0.47578125 0.8413793103448276 0.478125 0.8241379310344827 0.47734375 0.8189655172413793 0.47421875 0.7758620689655172 0.471875 0.7620689655172413 0.46796875 0.746551724137931 0.46953125 0.7344827586206897 0.4625 0.7017241379310344 0.4609375 0.6844827586206896 0.45234375 0.6793103448275862 0.4546875 0.6724137931034483 0.453125 0.6637931034482759 0.4609375 0.653448275862069 0.45859375 0.6431034482758621 0.46953125 0.6362068965517241 0.48515625 0.6379310344827587 0.49375
0 0.6379310344827587 0.515625 0.7793103448275862 0.5484375 0.810344827586207 0.5484375 0.8431034482758621 0.54296875 0.8844827586206897 0.54296875 0.903448275862069 0.5390625 0.9051724137931034 0.51171875 0.8913793103448275 0.51171875 0.8896551724137931 0.51484375 0.8724137931034482 0.50859375 0.8672413793103448 0.5109375 0.8448275862068966 0.51015625 0.8258620689655173 0.51484375 0.8086206896551724 0.51171875 0.7810344827586206 0.51171875 0.7362068965517241 0.5 0.7051724137931035 0.496875 0.6931034482758621 0.490625 0.6637931034482759 0.48671875 0.6568965517241379 0.4890625 0.6448275862068965 0.4859375 0.6431034482758621 0.48125 0.6293103448275862 0.49921875 0.6293103448275862 0.51015625 0.6379310344827587 0.515625
0 0.3706896551724138 0.4875 0.43275862068965515 0.5 0.4706896551724138 0.51171875 0.6189655172413793 0.50859375 0.6327586206896552 0.47734375 0.6327586206896552 0.4625 0.6275862068965516 0.46015625 0.5241379310344827 0.459375 0.5086206896551724 0.46328125 0.4896551724137931 0.46328125 0.49137931034482757 0.4671875 0.47586206896551725 0.46640625 0.47241379310344833 0.46015625 0.4637931034482759 0.46015625 0.44482758620689655 0.44765625 0.4344827586206897 0.44765625 0.42586206896551726 0.44375 0.4086206896551724 0.44609375 0.40344827586206894 0.44140625 0.3948275862068965 0.4421875 0.38448275862068965 0.45078125 0.3793103448275862 0.44921875 0.38275862068965516 0.45234375 0.3758620689655172 0.45703125 0.36724137931034484 0.47734375 0.3706896551724138 0.4875
0 0.42586206896551726 0.49921875 0.46896551724137925 0.51171875 0.6172413793103448 0.50859375 0.6413793103448275 0.45625 0.6448275862068965 0.4234375 0.6379310344827587 0.42109375 0.6017241379310344 0.41953125 0.5931034482758621 0.415625 0.5724137931034483 0.41640625 0.5275862068965517 0.409375 0.4896551724137931 0.409375 0.4793103448275862 0.40625 0.4431034482758621 0.40703125 0.43275862068965515 0.4125 0.41896551724137926 0.41328125 0.4137931034482759 0.42109375 0.3810344827586207 0.4359375 0.37758620689655176 0.4609375 0.3689655172413793 0.47578125 0.3706896551724138 0.48828125 0.42586206896551726 0.49921875
0 0.4241379310344827 0.41953125 0.4275862068965517 0.421875 0.43103448275862066 0.4203125 0.44827586206896547 0.4265625 0.47413793103448276 0.4296875 0.4896551724137931 0.4375 0.503448275862069 0.43671875 0.5155172413793103 0.4453125 0.5275862068965517 0.446875 0.5310344827586206 0.440625 0.5637931034482759 0.44140625 0.5672413793103448 0.44609375 0.5931034482758621 0.4421875 0.6362068965517241 0.44296875 0.6448275862068965 0.434375 0.6448275862068965 0.42578125 0.6362068965517241 0.42109375 0.6051724137931035 0.41875 0.5913793103448276 0.41484375 0.5741379310344827 0.415625 0.5379310344827586 0.41171875 0.5310344827586206 0.40859375 0.44655172413793104 0.4046875 0.4344827586206897 0.41015625 0.4206896551724138 0.4078125 0.4137931034482759 0.41328125 0.4137931034482759 0.42265625 0.4241379310344827 0.41953125
0 0.5189655172413793 0.35703125 0.5379310344827586 0.359375 0.5293103448275862 0.3671875 0.5413793103448276 0.37109375 0.5637931034482759 0.36953125 0.5948275862068966 0.37421875 0.6224137931034484 0.37421875 0.6431034482758621 0.35703125 0.6413793103448275 0.3484375 0.65 0.33828125 0.6448275862068965 0.33203125 0.5862068965517241 0.32421875 0.5551724137931034 0.3234375 0.5224137931034483 0.31796875 0.5103448275862068 0.31953125 0.5206896551724138 0.3328125 0.5189655172413793 0.35703125
0 0.8258620689655173 0.33515625 0.8172413793103448 0.334375 0.8137931034482758 0.33515625 0.8258620689655173 0.33515625
0 0.8551724137931034 0.36015625 0.8793103448275861 0.36015625 0.9 0.35390625 0.9189655172413793 0.365625 0.9241379310344827 0.36171875 0.9344827586206896 0.3609375 0.9413793103448276 0.353125 0.953448275862069 0.34765625 0.95 0.3390625 0.9362068965517242 0.3359375 0.9137931034482758 0.3359375 0.9051724137931034 0.3328125 0.8896551724137931 0.334375 0.8724137931034482 0.33046875 0.85 0.33203125 0.846551724137931 0.3296875 0.8310344827586207 0.33671875 0.8327586206896551 0.3515625 0.8551724137931034 0.36015625
0 0.5051724137931035 0.40625 0.5948275862068966 0.41015625 0.6155172413793103 0.4078125 0.6224137931034484 0.3828125 0.6413793103448275 0.3609375 0.6448275862068965 0.33203125 0.5155172413793103 0.31796875 0.5103448275862068 0.3234375 0.5206896551724138 0.33125 0.5224137931034483 0.33828125 0.496551724137931 0.38359375 0.49482758620689654 0.40234375 0.5051724137931035 0.40625
0 0.5379310344827586 0.375 0.5603448275862069 0.37265625 0.5931034482758621 0.37734375 0.6189655172413793 0.3765625 0.6396551724137931 0.3625 0.6396551724137931 0.35078125 0.6275862068965516 0.3453125 0.5741379310344827 0.340625 0.5465517241379311 0.34140625 0.5258620689655172 0.3375 0.5172413793103449 0.346875 0.5172413793103449 0.36640625 0.5379310344827586 0.375
0 0.2103448275862069 0.46328125 0.24482758620689654 0.46875 0.2827586206896552 0.48125 0.35172413793103446 0.4828125 0.3620689655172414 0.48046875 0.3689655172413793 0.46015625 0.3655172413793103 0.44921875 0.3568965517241379 0.4515625 0.3103448275862069 0.45078125 0.28620689655172415 0.4453125 0.2689655172413793 0.4375 0.22413793103448273 0.428125 0.21724137931034485 0.428125 0.2103448275862069 0.434375 0.2 0.4546875 0.2103448275862069 0.46328125
0 0.7758620689655172 0.3765625 0.7879310344827586 0.37890625 0.803448275862069 0.378125 0.8241379310344827 0.3828125 0.8310344827586207 0.3796875 0.8586206896551725 0.3859375 0.8827586206896552 0.3859375 0.9172413793103449 0.390625 0.9310344827586207 0.3859375 0.9362068965517242 0.37734375 0.9362068965517242 0.36953125 0.9206896551724137 0.36875 0.903448275862069 0.3625 0.8827586206896552 0.36484375 0.8551724137931034 0.3640625 0.846551724137931 0.36171875 0.8344827586206897 0.3640625 0.8275862068965518 0.3625 0.810344827586207 0.36953125 0.8 0.365625 0.7603448275862068 0.3640625 0.7517241379310344 0.36953125 0.7517241379310344 0.3796875 0.7758620689655172 0.3765625
0 0.6189655172413793 0.3984375 0.6224137931034484 0.4125 0.6775862068965517 0.41328125 0.7051724137931035 0.40078125 0.7482758620689655 0.40078125 0.746551724137931 0.390625 0.7344827586206897 0.390625 0.7258620689655173 0.3875 0.7155172413793103 0.3890625 0.7086206896551724 0.38515625 0.7 0.38671875 0.6741379310344827 0.3765625 0.646551724137931 0.375 0.6362068965517241 0.371875 0.6241379310344828 0.38359375 0.6241379310344828 0.39375 0.6189655172413793 0.3984375
0 0.7689655172413793 0.40703125 0.8 0.40703125 0.8913793103448275 0.42109375 0.9068965517241379 0.41875 0.9431034482758621 0.425 0.9431034482758621 0.421875 0.9327586206896552 0.41875 0.9189655172413793 0.4078125 0.9206896551724137 0.39375 0.9155172413793103 0.38984375 0.8603448275862069 0.38515625 0.8293103448275861 0.37890625 0.810344827586207 0.3796875 0.7689655172413793 0.375 0.75 0.3765625 0.753448275862069 0.4 0.7689655172413793 0.40703125
0 0.903448275862069 0.41796875 0.9 0.415625 0.8965517241379309 0.41796875 0.903448275862069 0.41796875
0 0.8293103448275861 0.4 0.8275862068965518 0.40546875 0.8396551724137931 0.403125 0.846551724137931 0.41171875 0.8586206896551725 0.4140625 0.8603448275862069 0.40703125 0.8724137931034482 0.40625 0.8827586206896552 0.40859375 0.8965517241379309 0.40234375 0.9017241379310346 0.4125 0.9206896551724137 0.41484375 0.9344827586206896 0.390625 0.9344827586206896 0.371875 0.9068965517241379 0.3703125 0.9017241379310346 0.36640625 0.8879310344827586 0.36484375 0.8655172413793103 0.36875 0.8431034482758621 0.365625 0.8241379310344827 0.38046875 0.8189655172413793 0.3921875 0.8293103448275861 0.4
0 0.9896551724137931 0.428125 0.9948275862068966 0.43359375 0.9982758620689655 0.4328125 0.9913793103448276 0.4296875 0.9982758620689655 0.42890625 0.9982758620689655 0.39375 0.9913793103448276 0.3984375 0.9775862068965517 0.4015625 0.9741379310344828 0.41171875 0.9724137931034482 0.421875 0.9896551724137931 0.428125
0 0.8482758620689654 0.48515625 0.85 0.48359375 0.8482758620689654 0.48046875 0.8482758620689654 0.48515625
0 0.6517241379310345 0.4890625 0.6586206896551724 0.49609375 0.6793103448275862 0.496875 0.6931034482758621 0.50234375 0.6982758620689655 0.4953125 0.7086206896551724 0.5 0.7120689655172414 0.50703125 0.7293103448275862 0.50390625 0.7275862068965517 0.5078125 0.7344827586206897 0.51328125 0.756896551724138 0.509375 0.756896551724138 0.51484375 0.7655172413793103 0.51796875 0.7758620689655172 0.51640625 0.7827586206896552 0.52578125 0.8 0.5203125 0.810344827586207 0.52421875 0.8172413793103448 0.5234375 0.8258620689655173 0.5140625 0.8310344827586207 0.51484375 0.8310344827586207 0.52421875 0.8413793103448276 0.52109375 0.8482758620689654 0.52265625 0.9 0.5203125 0.9017241379310346 0.51484375 0.9068965517241379 0.515625 0.9068965517241379 0.51171875 0.9172413793103449 0.50703125 0.9189655172413793 0.49375 0.9258620689655173 0.490625 0.9172413793103449 0.47578125 0.8586206896551725 0.47734375 0.8534482758620691 0.48359375 0.8586206896551725 0.48671875 0.8551724137931034 0.49140625 0.8482758620689654 0.4890625 0.8431034482758621 0.49140625 0.8206896551724137 0.4921875 0.8137931034482758 0.48828125 0.810344827586207 0.48984375 0.803448275862069 0.4828125 0.7931034482758621 0.4796875 0.7862068965517242 0.48203125 0.7741379310344827 0.48203125 0.7637931034482759 0.47890625 0.746551724137931 0.4796875 0.7379310344827587 0.4765625 0.7362068965517241 0.46875 0.7275862068965517 0.471875 0.7189655172413792 0.46953125 0.7086206896551724 0.47265625 0.6741379310344827 0.46484375 0.6672413793103449 0.46796875 0.6517241379310345 0.4671875 0.646551724137931 0.46953125 0.65 0.47421875 0.6431034482758621 0.4765625 0.6396551724137931 0.4828125 0.6379310344827587 0.490625 0.6517241379310345 0.4890625