0 0.4450171821305842 0.38515625 0.44158075601374575 0.39921875 0.4484536082474227 0.40859375 0.4484536082474227 0.428125 0.4553264604810997 0.44375 0.47594501718213056 0.4375 0.49312714776632305 0.440625 0.5171821305841925 0.43828125 0.5463917525773196 0.43984375 0.6219931271477663 0.43671875 0.6357388316151203 0.43359375 0.661512027491409 0.43515625 0.6769759450171822 0.43203125 0.6821305841924399 0.41875 0.6752577319587629 0.4046875 0.6460481099656358 0.3625 0.6288659793814434 0.35234375 0.6168384879725086 0.3515625 0.5979381443298969 0.3546875 0.577319587628866 0.3515625 0.5601374570446735 0.3546875 0.5463917525773196 0.3515625 0.5240549828178694 0.35703125 0.513745704467354 0.3546875 0.4948453608247423 0.35703125 0.47079037800687284 0.35546875 0.45360824742268047 0.35859375 0.44673539518900346 0.37265625 0.45017182130584193 0.38359375 0.4450171821305842 0.38515625
0 0.9037800687285223 0.1765625 0.8986254295532646 0.17109375 0.8969072164948454 0.17734375 0.9037800687285223 0.1765625
0 0.9278350515463918 0.1640625 0.9381443298969072 0.1765625 0.9484536082474226 0.175 0.9484536082474226 0.17890625 0.963917525773196 0.18203125 0.9398625429553265 0.18828125 0.9347079037800687 0.1921875 0.9347079037800687 0.20234375 0.9415807560137457 0.20703125 0.9518900343642611 0.20390625 0.9604810996563575 0.2140625 0.9742268041237114 0.2171875 0.9982817869415808 0.20546875 0.9982817869415808 0.146875 0.9501718213058419 0.14375 0.9278350515463918 0.14609375 0.9209621993127148 0.14375 0.9089347079037802 0.14453125 0.9072164948453609 0.1640625 0.9278350515463918 0.1640625
0 0.68828125 0.14375 0.0015625 0.003125
0 0.6907216494845361 0.13828125 0.7079037800687286 0.14453125 0.711340206185567 0.1515625 0.7302405498281788 0.15546875 0.7542955326460482 0.15546875 0.7646048109965636 0.15078125 0.7714776632302407 0.15078125 0.7835051546391754 0.15703125 0.7903780068728523 0.15390625 0.8075601374570448 0.15390625 0.8213058419243987 0.14140625 0.8281786941580757 0.128125 0.816151202749141 0.1125 0.79553264604811 0.1 0.7817869415807561 0.09765625 0.7061855670103093 0.09609375 0.6924398625429553 0.10546875 0.6872852233676976 0.12265625 0.6907216494845361 0.13828125
0 0.4914089347079038 0.60625 0.4914089347079038 0.6107421875 0.4965635738831615 0.6125 0.4914089347079038 0.615234375 0.4948453608247423 0.6421875 0.5017182130584193 0.65390625 0.513745704467354 0.64765625 0.527491408934708 0.65234375 0.534364261168385 0.64296875 0.5429553264604812 0.64765625 0.5549828178694158 0.646875 0.563573883161512 0.64140625 0.5738831615120275 0.64765625 0.6151202749140894 0.64375 0.6958762886597938 0.59375 0.6909334839711906 0.588505993150685 0.6838487972508591 0.5921875 0.6580756013745706 0.59609375 0.6529209621993128 0.60625 0.6460481099656358 0.60390625 0.6357388316151203 0.60625 0.6305841924398626 0.6 0.6237113402061857 0.59921875 0.6116838487972509 0.60390625 0.6013745704467355 0.60390625 0.5876288659793815 0.6078125 0.5738831615120275 0.60234375 0.5618556701030928 0.60546875 0.5395189003436427 0.59609375 0.5429553264604812 0.59765625 0.5326460481099657 0.6078125 0.5171821305841925 0.609375 0.4914089347079038 0.60625
0 0.7199312714776632 0.41328125 0.7336769759450172 0.409375 0.7422680412371134 0.4109375 0.7439862542955327 0.41484375 0.7491408934707905 0.41328125 0.7542955326460482 0.41953125 0.7611683848797252 0.41875 0.7766323024054984 0.42734375 0.7800687285223369 0.43515625 0.8006872852233677 0.43125 0.8127147766323025 0.44375 0.8213058419243987 0.44140625 0.8487972508591065 0.440625 0.8591065292096222 0.4453125 0.8883161512027492 0.4359375 0.9020618556701031 0.4328125 0.9072164948453609 0.434375 0.9123711340206186 0.428125 0.9381443298969072 0.4171875 0.9484536082474226 0.40625 0.9484536082474226 0.39921875 0.9432989690721649 0.396875 0.9312714776632303 0.39609375 0.9192439862542956 0.3890625 0.9072164948453609 0.38828125 0.8780068728522338 0.37578125 0.8659793814432991 0.37421875 0.8539518900343642 0.3671875 0.8041237113402062 0.37578125 0.7594501718213059 0.3890625 0.7474226804123713 0.3890625 0.7216494845360826 0.40234375 0.7164948453608248 0.41171875 0.7199312714776632 0.41328125
0 0.18556701030927836 0.4484375 0.2216494845360825 0.45234375 0.24742268041237114 0.44765625 0.2577319587628866 0.45 0.2800687285223368 0.45 0.3075601374570447 0.44921875 0.33161512027491413 0.4453125 0.3505154639175258 0.44765625 0.37972508591065296 0.44375 0.39003436426116844 0.44609375 0.40549828178694164 0.44609375 0.41065292096219935 0.44375 0.4175257731958763 0.4453125 0.4261168384879725 0.43671875 0.43298969072164956 0.43515625 0.4261168384879725 0.42890625 0.4295532646048111 0.42109375 0.4175257731958763 0.4015625 0.4175257731958763 0.3765625 0.41065292096219935 0.36640625 0.3969072164948454 0.359375 0.3934707903780069 0.3609375 0.3694158075601375 0.35859375 0.288659793814433 0.35859375 0.281786941580756 0.3609375 0.2525773195876289 0.359375 0.23539518900343642 0.36328125 0.20962199312714777 0.36171875 0.19243986254295536 0.36953125 0.18556701030927836 0.3796875 0.17353951890034364 0.43125 0.1752577319587629 0.4515625 0.18556701030927836 0.4484375
0 0.2061855670103093 0.3265625 0.2061855670103093 0.359375 0.23367697594501718 0.3625 0.2525773195876289 0.3578125 0.2766323024054983 0.359375 0.2869415807560137 0.35703125 0.39003436426116844 0.359375 0.4037800687285224 0.3515625 0.4089347079037801 0.34140625 0.40549828178694164 0.3109375 0.38316151202749144 0.29375 0.34879725085910657 0.29375 0.34192439862542956 0.29140625 0.31271477663230246 0.29375 0.302405498281787 0.29140625 0.2800687285223368 0.29453125 0.2714776632302406 0.29140625 0.2577319587628866 0.29140625 0.24226804123711343 0.2953125 0.23711340206185566 0.2921875 0.2216494845360825 0.290625 0.21305841924398625 0.2953125 0.19931271477663232 0.315625 0.2061855670103093 0.3265625
0 0.7353951890034365 0.49296875 0.7508591065292097 0.5078125 0.7611683848797252 0.51015625 0.7646048109965636 0.5078125 0.7714776632302407 0.51171875 0.7800687285223369 0.51015625 0.7989690721649485 0.5125 0.8917525773195877 0.459375 0.8986254295532646 0.44921875 0.9243986254295533 0.43359375 0.9415807560137457 0.4171875 0.9467353951890034 0.4 0.9415807560137457 0.396875 0.9312714776632303 0.396875 0.9209621993127148 0.38984375 0.9054982817869417 0.3890625 0.8986254295532646 0.38359375 0.8848797250859107 0.38125 0.8780068728522338 0.3765625 0.8659793814432991 0.375 0.8556701030927837 0.36796875 0.8470790378006873 0.3671875 0.725085910652921 0.396875 0.7010309278350516 0.42421875 0.7061855670103093 0.4515625 0.7353951890034365 0.49296875
0 0.77265625 0.5046875 0.0015625 0.00078125
0 0.7353951890034365 0.49453125 0.7474226804123713 0.5046875 0.7577319587628867 0.49453125 0.7680412371134021 0.4953125 0.7869415807560138 0.5046875 0.7989690721649485 0.50234375 0.802405498281787 0.496875 0.8264604810996564 0.49609375 0.8900343642611684 0.45859375 0.8969072164948454 0.45078125 0.8969072164948454 0.4390625 0.8831615120274915 0.4390625 0.8780068728522338 0.44609375 0.8659793814432991 0.44765625 0.8505154639175257 0.44375 0.8436426116838488 0.44609375 0.8402061855670103 0.4421875 0.8264604810996564 0.4421875 0.8195876288659795 0.4390625 0.8213058419243987 0.4453125 0.8109965635738833 0.44921875 0.7920962199312716 0.43828125 0.7783505154639176 0.4375 0.7577319587628867 0.4265625 0.7336769759450172 0.42734375 0.7302405498281788 0.4234375 0.7199312714776632 0.42109375 0.7061855670103093 0.4234375 0.7061855670103093 0.45234375 0.7353951890034365 0.49453125
0 0.6958762886597938 0.1921875 0.7096219931271478 0.20390625 0.7285223367697595 0.20546875 0.7336769759450172 0.2140625 0.7508591065292097 0.21171875 0.7611683848797252 0.21640625 0.7611683848797252 0.228125 0.79553264604811 0.22734375 0.8006872852233677 0.2140625 0.8213058419243987 0.2109375 0.8281786941580757 0.19375 0.8384879725085911 0.18828125 0.8384879725085911 0.18046875 0.8213058419243987 0.165625 0.8075601374570448 0.16171875 0.7474226804123713 0.16171875 0.7336769759450172 0.159375 0.711340206185567 0.1609375 0.7044673539518901 0.16796875 0.7044673539518901 0.18515625 0.6958762886597938 0.1921875
0 0.4965635738831615 0.64375 0.5017182130584193 0.646875 0.5051546391752578 0.6359375 0.513745704467354 0.63203125 0.5189003436426117 0.63515625 0.5257731958762888 0.63203125 0.5326460481099657 0.63515625 0.5412371134020619 0.63515625 0.5498281786941581 0.62890625 0.5618556701030928 0.63125 0.570446735395189 0.628125 0.5876288659793815 0.634375 0.5979381443298969 0.634375 0.604810996563574 0.63046875 0.6134020618556701 0.63515625 0.6254295532646049 0.634375 0.6340206185567011 0.62734375 0.6597938144329898 0.61640625 0.6958762886597938 0.5921875 0.711340206185567 0.578125 0.7164948453608248 0.56171875 0.6769759450171822 0.56171875 0.6701030927835052 0.559375 0.6597938144329898 0.56328125 0.6340206185567011 0.56328125 0.6271477663230242 0.565625 0.577319587628866 0.56484375 0.570446735395189 0.56875 0.5601374570446735 0.565625 0.5515463917525774 0.5671875 0.5498281786941581 0.571875 0.5326460481099657 0.56640625 0.534364261168385 0.57109375 0.5292096219931273 0.5734375 0.5120274914089348 0.56953125 0.5 0.5734375 0.48453608247422686 0.57421875 0.4914089347079038 0.62265625 0.4965635738831615 0.64375
0 0.1907216494845361 0.4453125 0.21305841924398625 0.45078125 0.23711340206185566 0.446875 0.2508591065292097 0.446875 0.2628865979381444 0.45 0.288659793814433 0.44609375 0.31099656357388317 0.44765625 0.32130584192439865 0.44609375 0.3298969072164949 0.4390625 0.34536082474226804 0.44609375 0.3608247422680413 0.44609375 0.36426116838487976 0.4421875 0.359106529209622 0.43828125 0.365979381443299 0.434375 0.3694158075601375 0.43828125 0.39518900343642616 0.44609375 0.4089347079037801 0.4421875 0.41924398625429554 0.42109375 0.41065292096219935 0.403125 0.4175257731958763 0.39609375 0.4175257731958763 0.3859375 0.4072164948453609 0.32109375 0.40034364261168387 0.30703125 0.3934707903780069 0.30234375 0.37972508591065296 0.3 0.38487972508591073 0.29609375 0.3780068728522337 0.29296875 0.359106529209622 0.29296875 0.359106529209622 0.3 0.3539518900343643 0.30234375 0.3470790378006873 0.29921875 0.3505154639175258 0.296875 0.34536082474226804 0.29296875 0.33161512027491413 0.29140625 0.3195876288659794 0.29296875 0.3178694158075602 0.2953125 0.29381443298969073 0.2921875 0.281786941580756 0.2984375 0.2731958762886598 0.2921875 0.2525773195876289 0.29296875 0.2457044673539519 0.296875 0.23195876288659795 0.29140625 0.22508591065292097 0.29609375 0.21993127147766325 0.2953125 0.21993127147766325 0.29140625 0.21649484536082478 0.2921875 0.20446735395189006 0.3171875 0.2061855670103093 0.33984375 0.19587628865979384 0.3515625 0.18213058419243988 0.3859375 0.1752577319587629 0.44765625 0.1907216494845361 0.4453125
0 0.14776632302405499 0.58125 0.17010309278350516 0.57578125 0.2852233676975945 0.571875 0.3178694158075602 0.5671875 0.34192439862542956 0.56875 0.37972508591065296 0.5640625 0.40549828178694164 0.56484375 0.42783505154639184 0.559375 0.4518900343642612 0.5640625 0.45360824742268047 0.53984375 0.443298969072165 0.51640625 0.4312714776632303 0.4609375 0.3969072164948454 0.44921875 0.38487972508591073 0.44765625 0.36426116838487976 0.45078125 0.33333333333333337 0.4484375 0.31615120274914094 0.453125 0.2869415807560137 0.45234375 0.27491408934707906 0.45546875 0.25429553264604815 0.45234375 0.23883161512027495 0.45234375 0.22508591065292097 0.45625 0.1907216494845361 0.45234375 0.18041237113402064 0.45546875 0.1597938144329897 0.47265625 0.15463917525773196 0.52421875 0.1443298969072165 0.55234375 0.14261168384879724 0.578125 0.14776632302405499 0.58125
0 0.7130584192439863 0.459375 0.7405498281786942 0.5015625 0.7611683848797252 0.51640625 0.7714776632302407 0.51875 0.7783505154639176 0.51484375 0.7989690721649485 0.51484375 0.8591065292096222 0.478125 0.8694158075601376 0.46640625 0.8264604810996564 0.4609375 0.802405498281787 0.4703125 0.7800687285223369 0.4640625 0.7680412371134021 0.45234375 0.7508591065292097 0.45 0.7508591065292097 0.4453125 0.7474226804123713 0.44765625 0.7405498281786942 0.44765625 0.7371134020618557 0.44375 0.7199312714776632 0.44609375 0.7130584192439863 0.4515625 0.7130584192439863 0.459375
0 0.8986254295532646 0.32265625 0.9003436426116839 0.33046875 0.9192439862542956 0.33515625 0.9329896907216495 0.346875 0.9501718213058419 0.353125 0.993127147766323 0.353125 0.9982817869415808 0.35 0.9948453608247423 0.27734375 0.9329896907216495 0.27109375 0.9243986254295533 0.275 0.9312714776632303 0.28984375 0.9243986254295533 0.29375 0.9312714776632303 0.29609375 0.9243986254295533 0.29921875 0.9003436426116839 0.296875 0.88659793814433 0.30078125 0.8814432989690723 0.30859375 0.8986254295532646 0.32265625
0 0.90546875 0.44296875 0.003125 0.0046875
0 0.7422680412371134 0.5015625 0.7508591065292097 0.50859375 0.7611683848797252 0.50546875 0.7714776632302407 0.50859375 0.8041237113402062 0.50859375 0.8900343642611684 0.46015625 0.8969072164948454 0.45234375 0.8969072164948454 0.4390625 0.8831615120274915 0.4390625 0.8762886597938145 0.44765625 0.8591065292096222 0.44765625 0.8487972508591065 0.44375 0.8436426116838488 0.44609375 0.8367697594501718 0.44140625 0.8264604810996564 0.4421875 0.8195876288659795 0.43828125 0.8213058419243987 0.4453125 0.8109965635738833 0.44921875 0.7920962199312716 0.4390625 0.7766323024054984 0.4375 0.7577319587628867 0.42734375 0.7336769759450172 0.42734375 0.7302405498281788 0.4234375 0.7199312714776632 0.42265625 0.7061855670103093 0.42578125 0.7061855670103093 0.45078125 0.7422680412371134 0.5015625
0 0.46219931271477666 0.4984375 0.4742268041237113 0.55390625 0.4828178694158076 0.565625 0.5017182130584193 0.56328125 0.5120274914089348 0.55859375 0.5463917525773196 0.559375 0.5601374570446735 0.5625 0.570446735395189 0.5625 0.5807560137457045 0.55625 0.5876288659793815 0.5609375 0.6030927835051547 0.55859375 0.6254295532646049 0.56015625 0.6323024054982819 0.55703125 0.6460481099656358 0.559375 0.6804123711340206 0.54921875 0.6907216494845361 0.54921875 0.6890034364261168 0.55546875 0.6958762886597938 0.55625 0.7061855670103093 0.55078125 0.7164948453608248 0.5515625 0.7199312714776632 0.54765625 0.7353951890034365 0.5453125 0.752577319587629 0.54609375 0.752577319587629 0.5265625 0.7422680412371134 0.51171875 0.7147766323024055 0.4875 0.7079037800687286 0.47421875 0.6924398625429553 0.46640625 0.6855670103092784 0.4421875 0.6769759450171822 0.4375 0.6597938144329898 0.43671875 0.6460481099656358 0.440625 0.6185567010309279 0.43828125 0.5996563573883162 0.4421875 0.5738831615120275 0.43984375 0.5601374570446735 0.44375 0.5292096219931273 0.4421875 0.513745704467354 0.44609375 0.4896907216494846 0.44375 0.45017182130584193 0.45625 0.4484536082474227 0.4734375 0.46219931271477666 0.4984375
0 0.5017182130584193 0.65703125 0.534364261168385 0.6546875 0.5498281786941581 0.65 0.5567010309278351 0.65234375 0.5859106529209622 0.6515625 0.6065292096219932 0.6484375 0.6185567010309279 0.64375 0.6632302405498283 0.6171875 0.6975945017182131 0.59140625 0.6924398625429553 0.5890625 0.6855670103092784 0.59375 0.6666666666666667 0.5953125 0.6529209621993128 0.60859375 0.6426116838487973 0.60703125 0.6357388316151203 0.61015625 0.6254295532646049 0.60546875 0.6271477663230242 0.60859375 0.6219931271477663 0.6109375 0.6185567010309279 0.60703125 0.5945017182130584 0.61328125 0.5893470790378007 0.6125 0.5910652920962199 0.60859375 0.5859106529209622 0.61171875 0.5738831615120275 0.60703125 0.5584192439862543 0.6140625 0.5309278350515465 0.61484375 0.5257731958762888 0.61171875 0.5154639175257733 0.615625 0.4948453608247423 0.61640625 0.49312714776632305 0.6359375 0.5017182130584193 0.65703125
0 0.5017182130584193 0.65546875 0.5292096219931273 0.65390625 0.5395189003436427 0.6484375 0.584192439862543 0.64921875 0.6116838487972509 0.6453125 0.6958762886597938 0.59453125 0.711340206185567 0.57890625 0.718213058419244 0.5609375 0.7096219931271478 0.55625 0.7010309278350516 0.559375 0.6941580756013745 0.55546875 0.6769759450171822 0.55859375 0.668384879725086 0.55625 0.6718213058419245 0.553125 0.661512027491409 0.559375 0.6305841924398626 0.56171875 0.6254295532646049 0.56484375 0.6202749140893471 0.56015625 0.6202749140893471 0.56328125 0.604810996563574 0.56484375 0.5979381443298969 0.56171875 0.5927835051546392 0.56328125 0.5876288659793815 0.559375 0.5790378006872853 0.559375 0.5738831615120275 0.56484375 0.5601374570446735 0.5625 0.5567010309278351 0.56484375 0.5412371134020619 0.565625 0.5326460481099657 0.56171875 0.5189003436426117 0.56875 0.5068728522336771 0.5671875 0.4828178694158076 0.57265625 0.4948453608247423 0.64375 0.5017182130584193 0.65546875
0 0.6958762886597938 0.55234375 0.6958762886597938 0.5484375 0.6890034364261168 0.55 0.6821305841924399 0.5546875 0.6958762886597938 0.55234375
0 0.7439862542955327 0.54921875 0.7405498281786942 0.54609375 0.738831615120275 0.5515625 0.7439862542955327 0.54921875
0 0.4295532646048111 0.3265625 0.4312714776632303 0.35078125 0.44158075601374575 0.3484375 0.4587628865979382 0.3546875 0.534364261168385 0.353125 0.5532646048109966 0.35 0.5652920962199313 0.35234375 0.5807560137457045 0.35 0.5996563573883162 0.35234375 0.6323024054982819 0.35078125 0.6340206185567011 0.3453125 0.6202749140893471 0.3328125 0.6116838487972509 0.31015625 0.5859106529209622 0.2890625 0.5687285223367697 0.2875 0.5584192439862543 0.290625 0.5463917525773196 0.28671875 0.5292096219931273 0.2890625 0.5068728522336771 0.28671875 0.49312714776632305 0.28984375 0.4742268041237113 0.28671875 0.4604810996563574 0.28984375 0.443298969072165 0.2875 0.4209621993127148 0.29609375 0.4175257731958763 0.3125 0.4295532646048111 0.3265625
0 0.4948453608247423 0.61953125 0.5051546391752578 0.61953125 0.5223367697594502 0.6140625 0.5360824742268042 0.61875 0.5532646048109966 0.6203125 0.5601374570446735 0.61171875 0.5652920962199313 0.61015625 0.5738831615120275 0.6125 0.5807560137457045 0.6078125 0.5893470790378007 0.60859375 0.5962199312714777 0.615625 0.604810996563574 0.61328125 0.6082474226804124 0.6078125 0.6151202749140894 0.61328125 0.6185567010309279 0.6109375 0.6254295532646049 0.6140625 0.6323024054982819 0.61015625 0.6391752577319588 0.6125 0.6443298969072165 0.60859375 0.6546391752577321 0.6078125 0.6632302405498283 0.5953125 0.6872852233676976 0.59375 0.7096219931271478 0.57734375 0.7164948453608248 0.5703125 0.7164948453608248 0.5609375 0.7096219931271478 0.55859375 0.6821305841924399 0.5609375 0.6649484536082475 0.559375 0.6597938144329898 0.5625 0.6426116838487973 0.56171875 0.6254295532646049 0.565625 0.5910652920962199 0.565625 0.5824742268041238 0.56171875 0.570446735395189 0.5671875 0.5618556701030928 0.5640625 0.5240549828178694 0.5640625 0.49828178694158076 0.57421875 0.4828178694158076 0.57421875 0.4896907216494846 0.61328125 0.4948453608247423 0.61953125
0 0.14261168384879724 0.75703125 0.19243986254295536 0.75546875 0.22336769759450173 0.7578125 0.3195876288659794 0.7546875 0.33676975945017185 0.7515625 0.34192439862542956 0.74453125 0.3625429553264605 0.7390625 0.37972508591065296 0.740625 0.38659793814432997 0.73671875 0.42783505154639184 0.7328125 0.47079037800687284 0.73203125 0.5034364261168386 0.72734375 0.5103092783505155 0.7234375 0.5085910652920963 0.7015625 0.4862542955326461 0.64140625 0.47938144329896915 0.59140625 0.4690721649484536 0.575 0.41924398625429554 0.56796875 0.38316151202749144 0.5734375 0.33333333333333337 0.57578125 0.30927835051546393 0.57421875 0.281786941580756 0.578125 0.2508591065292097 0.57734375 0.2405498281786942 0.58046875 0.19931271477663232 0.5796875 0.15807560137457047 0.58828125 0.14948453608247422 0.6046875 0.14261168384879724 0.6890625 0.13230240549828182 0.70625 0.12542955326460484 0.75390625 0.14261168384879724 0.75703125
0 0.5103092783505155 0.60859375 0.49828178694158076 0.6125 0.4914089347079038 0.60546875 0.4965635738831615 0.6125 0.4914089347079038 0.6135937499999999 0.4948453608247423 0.64453125 0.5017182130584193 0.65625 0.513745704467354 0.65390625 0.5292096219931273 0.6546875 0.5360824742268042 0.65 0.5859106529209622 0.64921875 0.6151202749140894 0.64453125 0.6958762886597938 0.5953125 0.6993127147766324 0.58984375 0.6890034364261168 0.58828125 0.6924398625429553 0.58515625 0.6993127147766324 0.58515625 0.6958762886597938 0.58359375 0.6632302405498283 0.59375 0.6529209621993128 0.60625 0.6460481099656358 0.60390625 0.6357388316151203 0.60625 0.6254295532646049 0.59921875 0.6065292096219932 0.60546875 0.5979381443298969 0.6046875 0.5859106529209622 0.6078125 0.5687285223367697 0.60390625 0.5498281786941581 0.61015625 0.5429553264604812 0.6078125 0.5395189003436427 0.596875 0.5309278350515465 0.60859375 0.5103092783505155 0.60859375