0 0.1046875 0.7920962199312716 0.12265625 0.7920962199312716 0.14609375 0.7817869415807561 0.15625 0.7817869415807561 0.16640625 0.7920962199312716 0.18203125 0.7869415807560138 0.18984375 0.7646048109965636 0.18984375 0.7439862542955327 0.19609375 0.7130584192439863 0.19921875 0.7096219931271478 0.20234375 0.6838487972508591 0.19765625 0.6701030927835052 0.18984375 0.6666666666666667 0.13125 0.6769759450171822 0.12734375 0.6958762886597938 0.11484375 0.7199312714776632 0.11484375 0.7371134020618557 0.109375 0.7439862542955327 0.10703125 0.7594501718213059 0.10078125 0.7697594501718215 0.1 0.7852233676975946 0.1046875 0.7920962199312716
0 0.1828125 0.5584192439862543 0.23046875 0.5549828178694158 0.24453125 0.5378006872852235 0.2484375 0.5120274914089348 0.25625 0.4896907216494846 0.25546875 0.46735395189003437 0.21875 0.46735395189003437 0.2015625 0.4725085910652921 0.18046875 0.5429553264604812 0.1796875 0.5549828178694158 0.1828125 0.5584192439862543
0 0.58359375 0.35223367697594504 0.59140625 0.38659793814432997 0.5953125 0.3934707903780069 0.63828125 0.39003436426116844 0.64453125 0.38316151202749144 0.63671875 0.3505154639175258 0.62578125 0.3247422680412372 0.59921875 0.3264604810996564 0.59140625 0.33333333333333337 0.5828125 0.33333333333333337 0.58125 0.3384879725085911 0.58359375 0.35223367697594504
0 0.33046875 0.9347079037800687 0.3296875 0.9398625429553265 0.33515625 0.9501718213058419 0.33828125 0.9725085910652922 0.34375 0.9828178694158076 0.3515625 0.9896907216494846 0.3671875 0.9896907216494846 0.3828125 0.9810996563573884 0.39375 0.9810996563573884 0.4078125 0.993127147766323 0.4328125 0.9914089347079038 0.43359375 0.9725085910652922 0.4171875 0.8728522336769761 0.4171875 0.7542955326460482 0.40703125 0.7508591065292097 0.34453125 0.7611683848797252 0.34140625 0.7680412371134021 0.33671875 0.8264604810996564 0.33046875 0.8573883161512029 0.3265625 0.9243986254295533 0.33046875 0.9347079037800687
0 0.54765625 0.45704467353951894 0.553125 0.47079037800687284 0.58359375 0.47079037800687284 0.603125 0.46735395189003437 0.60625 0.46219931271477666 0.59921875 0.41408934707903783 0.5875 0.3917525773195877 0.5421875 0.40034364261168387 0.54140625 0.41065292096219935 0.54765625 0.45704467353951894
0 0.4984375 0.5756013745704468 0.5609375 0.5670103092783505 0.5578125 0.5240549828178694 0.55 0.47594501718213056 0.54609375 0.4690721649484536 0.49453125 0.4810996563573884 0.49375 0.5429553264604812 0.4984375 0.5756013745704468
0 0.43203125 0.42439862542955326 0.434375 0.41408934707903783 0.48125 0.40034364261168387 0.48125 0.3539518900343643 0.47265625 0.33161512027491413 0.446875 0.3264604810996564 0.43125 0.33161512027491413 0.42890625 0.39862542955326463 0.43203125 0.42439862542955326
0 0.434375 0.3470790378006873 0.43125 0.35738831615120276 0.434375 0.365979381443299 0.43203125 0.3711340206185567 0.44921875 0.34536082474226804 0.47734375 0.34192439862542956 0.47578125 0.288659793814433 0.43125 0.2920962199312715 0.4296875 0.32130584192439865 0.434375 0.3470790378006873
0 0.428125 0.7079037800687286 0.49453125 0.6993127147766324 0.4984375 0.6924398625429553 0.49609375 0.6185567010309279 0.4921875 0.5790378006872853 0.43125 0.5910652920962199 0.42734375 0.6271477663230242 0.42578125 0.6907216494845361 0.428125 0.7079037800687286
0 0.76640625 0.802405498281787 0.76875 0.8350515463917526 0.77265625 0.8350515463917526 0.77734375 0.8470790378006873 0.7625 0.8556701030927837 0.746875 0.8934707903780069 0.74375 0.9140893470790379 0.7359375 0.9243986254295533 0.7359375 0.9312714776632303 0.7296875 0.9450171821305842 0.7296875 0.9587628865979383 0.7234375 0.9690721649484537 0.72578125 0.993127147766323 0.74296875 0.993127147766323 0.74921875 0.9862542955326461 0.78046875 0.9862542955326461 0.7921875 0.9725085910652922 0.80546875 0.9896907216494846 0.8453125 0.9896907216494846 0.89765625 0.9037800687285223 0.921875 0.8573883161512029 0.9265625 0.8419243986254296 0.93359375 0.8367697594501718 0.93515625 0.8264604810996564 0.94140625 0.8230240549828179 0.94375 0.816151202749141 0.9421875 0.79553264604811 0.93359375 0.7903780068728523 0.93203125 0.7714776632302407 0.92421875 0.7663230240549829 0.91875 0.7439862542955327 0.91328125 0.7439862542955327 0.909375 0.7233676975945018 0.90234375 0.7164948453608248 0.8984375 0.6993127147766324 0.89140625 0.6924398625429553 0.8890625 0.6769759450171822 0.87578125 0.6718213058419245 0.84921875 0.6804123711340206 0.78984375 0.6838487972508591 0.73828125 0.6958762886597938 0.73984375 0.7130584192439863 0.76640625 0.802405498281787
0 0.159375 0.40549828178694164 0.171875 0.40034364261168387 0.20078125 0.40034364261168387 0.21875 0.3934707903780069 0.20859375 0.3917525773195877 0.20546875 0.3814432989690722 0.19921875 0.3780068728522337 0.20234375 0.365979381443299 0.22734375 0.3694158075601375 0.22734375 0.3625429553264605 0.23203125 0.3539518900343643 0.22734375 0.34879725085910657 0.21640625 0.3505154639175258 0.2125 0.359106529209622 0.21015625 0.35223367697594504 0.20390625 0.35223367697594504 0.203125 0.3608247422680413 0.196875 0.34879725085910657 0.14453125 0.3505154639175258 0.13203125 0.35738831615120276 0.12265625 0.372852233676976 0.1140625 0.40034364261168387 0.159375 0.40549828178694164
0 0.1921875 0.34453125 0.0015625 0.0015625
0 0.7375 0.6924398625429553 0.7984375 0.6804123711340206 0.86328125 0.6752577319587629 0.87734375 0.6718213058419245 0.88125 0.6649484536082475 0.88046875 0.6494845360824744 0.87578125 0.6460481099656358 0.83828125 0.5567010309278351 0.70703125 0.5721649484536082 0.7125 0.6065292096219932 0.7375 0.6924398625429553
0 0.60859375 0.4604810996563574 0.61328125 0.47079037800687284 0.6625 0.46735395189003437 0.6671875 0.46219931271477666 0.65390625 0.40034364261168387 0.64375 0.38659793814432997 0.59765625 0.3969072164948454 0.596875 0.4037800687285224 0.60859375 0.4604810996563574
0 0.04765625 0.5807560137457045 0.0484375 0.5945017182130584 0.05703125 0.604810996563574 0.06796875 0.6340206185567011 0.10859375 0.711340206185567 0.11640625 0.7079037800687286 0.1328125 0.6649484536082475 0.13359375 0.6512027491408936 0.140625 0.6408934707903781 0.14453125 0.6219931271477663 0.15078125 0.6082474226804124 0.15078125 0.5979381443298969 0.146875 0.5927835051546392 0.13515625 0.5945017182130584 0.1328125 0.5996563573883162 0.1296875 0.5927835051546392 0.115625 0.5859106529209622 0.1046875 0.570446735395189 0.1046875 0.5601374570446735 0.11875 0.5240549828178694 0.12578125 0.4965635738831615 0.090625 0.49828178694158076 0.07109375 0.4914089347079038 0.06328125 0.5017182130584193 0.06015625 0.5189003436426117 0.053125 0.5257731958762888 0.04296875 0.5463917525773196 0.03984375 0.5670103092783505 0.04765625 0.5807560137457045
0 0.28984375 0.6408934707903781 0.35078125 0.6340206185567011 0.359375 0.6185567010309279 0.36484375 0.5910652920962199 0.36796875 0.5378006872852235 0.3640625 0.5309278350515465 0.303125 0.5378006872852235 0.28828125 0.6134020618556701 0.28671875 0.6357388316151203 0.28984375 0.6408934707903781
0 0.228125 0.38487972508591073 0.2296875 0.3917525773195877 0.27265625 0.3883161512027492 0.28046875 0.3814432989690722 0.28984375 0.33161512027491413 0.2859375 0.3264604810996564 0.26328125 0.3298969072164949 0.25625 0.33676975945017185 0.2359375 0.3384879725085911 0.2328125 0.34536082474226804 0.23515625 0.3556701030927835 0.228125 0.38487972508591073
0 0.34453125 0.7560137457044674 0.41796875 0.7474226804123713 0.4234375 0.6701030927835052 0.4234375 0.6219931271477663 0.37890625 0.6219931271477663 0.36015625 0.6288659793814434 0.35390625 0.6408934707903781 0.34375 0.7233676975945018 0.3421875 0.7491408934707905 0.34453125 0.7560137457044674
0 0.3765625 0.41015625 0.00078125 0.0015625
0 0.33046875 0.41408934707903783 0.34140625 0.4072164948453609 0.33046875 0.4072164948453609 0.33046875 0.41408934707903783
0 0.33359375 0.34192439862542956 0.33046875 0.3711340206185567 0.33359375 0.3969072164948454 0.340625 0.3969072164948454 0.35078125 0.38316151202749144 0.35859375 0.38659793814432997 0.3546875 0.3934707903780069 0.35625 0.39862542955326463 0.3578125 0.3917525773195877 0.36484375 0.39862542955326463 0.36953125 0.39003436426116844 0.3703125 0.39862542955326463 0.37265625 0.3969072164948454 0.3765625 0.40549828178694164 0.3796875 0.3969072164948454 0.38671875 0.31271477663230246 0.3703125 0.30927835051546393 0.35703125 0.31615120274914094 0.34140625 0.31615120274914094 0.33046875 0.3247422680412372 0.32890625 0.33333333333333337 0.33359375 0.34192439862542956
0 0.38125 0.43642611683848803 0.425 0.43298969072164956 0.42890625 0.38316151202749144 0.425 0.35223367697594504 0.42890625 0.3402061855670103 0.4234375 0.33676975945017185 0.41640625 0.359106529209622 0.38671875 0.359106529209622 0.38203125 0.37457044673539525 0.3828125 0.3883161512027492 0.37890625 0.4072164948453609 0.378125 0.42783505154639184 0.38125 0.43642611683848803
0 0.15 0.4776632302405499 0.196875 0.4725085910652921 0.2109375 0.43814432989690727 0.21796875 0.4072164948453609 0.21484375 0.40034364261168387 0.16796875 0.40549828178694164 0.1640625 0.41065292096219935 0.14609375 0.46735395189003437 0.1453125 0.4742268041237113 0.15 0.4776632302405499
0 0.43203125 0.3402061855670103 0.43046875 0.359106529209622 0.434375 0.37972508591065296 0.44140625 0.3814432989690722 0.4453125 0.372852233676976 0.446875 0.37972508591065296 0.4515625 0.37972508591065296 0.44921875 0.365979381443299 0.45546875 0.3539518900343643 0.46953125 0.3470790378006873 0.478125 0.3505154639175258 0.47578125 0.288659793814433 0.4390625 0.288659793814433 0.43125 0.2920962199312715 0.4296875 0.29896907216494845 0.42890625 0.3298969072164949 0.43203125 0.3402061855670103
0 0 0.993127147766323 0.02265625 0.9948453608247423 0.02578125 0.9914089347079038 0.02578125 0.9845360824742269 0.021875 0.9742268041237114 0.021875 0.9553264604810998 0.0328125 0.936426116838488 0.0328125 0.9175257731958764 0.04375 0.9054982817869417 0.04296875 0.8900343642611684 0.03671875 0.8814432989690723 0.0390625 0.8625429553264606 0.03515625 0.8591065292096222 0.00234375 0.8676975945017184 0 0.8694158075601376 0 0.993127147766323
0 0.590625 0.7869415807560138 0.58828125 0.8006872852233677 0.590625 0.8178694158075602 0.590625 0.8591065292096222 0.58515625 0.8917525773195877 0.584375 0.929553264604811 0.58125 0.9347079037800687 0.5828125 0.9467353951890034 0.58046875 0.9536082474226806 0.58046875 0.9742268041237114 0.5859375 0.9896907216494846 0.5953125 0.993127147766323 0.59765625 0.9879725085910653 0.6140625 0.9810996563573884 0.64453125 0.9810996563573884 0.65 0.9742268041237114 0.6578125 0.9879725085910653 0.6671875 0.9879725085910653 0.678125 0.9776632302405499 0.71015625 0.9810996563573884 0.7171875 0.963917525773196 0.71640625 0.9450171821305842 0.71953125 0.9312714776632303 0.72578125 0.9312714776632303 0.73125 0.9123711340206186 0.7375 0.9072164948453609 0.7375 0.9003436426116839 0.7421875 0.8951890034364262 0.7484375 0.8694158075601376 0.7546875 0.8608247422680414 0.7546875 0.852233676975945 0.76328125 0.8230240549828179 0.7625 0.8006872852233677 0.75234375 0.7697594501718215 0.75 0.752577319587629 0.7390625 0.7199312714776632 0.73203125 0.6872852233676976 0.728125 0.6821305841924399 0.61875 0.6924398625429553 0.58359375 0.7010309278350516 0.58515625 0.7577319587628867 0.590625 0.7869415807560138
0 0.24765625 0.5429553264604812 0.296875 0.5378006872852235 0.3078125 0.520618556701031 0.315625 0.4604810996563574 0.3125 0.45360824742268047 0.30625 0.45360824742268047 0.259375 0.46219931271477666 0.25546875 0.46735395189003437 0.25625 0.4896907216494846 0.24609375 0.520618556701031 0.2453125 0.5395189003436427 0.24765625 0.5429553264604812
0 0.10546875 0.6202749140893471 0.09453125 0.6185567010309279 0.08671875 0.6219931271477663 0.10546875 0.6202749140893471
0 0.084375 0.61953125 0.00078125 0.0015625
0 0.04765625 0.5807560137457045 0.05078125 0.5979381443298969 0.0703125 0.604810996563574 0.07734375 0.5945017182130584 0.0953125 0.5945017182130584 0.10390625 0.577319587628866 0.10390625 0.5567010309278351 0.115625 0.5309278350515465 0.125 0.49828178694158076 0.06953125 0.49312714776632305 0.0625 0.5051546391752578 0.0609375 0.5171821305841925 0.04296875 0.5446735395189004 0.03984375 0.5687285223367697 0.04765625 0.5807560137457045
0 0.24375 0.9037800687285223 0.24453125 0.9209621993127148 0.240625 0.929553264604811 0.240625 0.9518900343642611 0.24296875 0.957044673539519 0.27734375 0.9518900343642611 0.29375 0.9553264604810998 0.3015625 0.9484536082474226 0.3171875 0.9467353951890034 0.32109375 0.9312714776632303 0.321875 0.9003436426116839 0.325 0.8900343642611684 0.3359375 0.7766323024054984 0.3296875 0.7714776632302407 0.25859375 0.7852233676975946 0.25625 0.7920962199312716 0.25859375 0.7972508591065293 0.2546875 0.809278350515464 0.25546875 0.8350515463917526 0.24765625 0.8539518900343642 0.24765625 0.8762886597938145 0.24375 0.9037800687285223
0 0.753125 0.42783505154639184 0.75625 0.422680412371134 0.75703125 0.42783505154639184 0.76171875 0.4295532646048111 0.76171875 0.42439862542955326 0.75390625 0.4209621993127148 0.75078125 0.42439862542955326 0.753125 0.42783505154639184
0 0.6953125 0.3694158075601375 0.71328125 0.4020618556701031 0.7203125 0.40549828178694164 0.7265625 0.39518900343642616 0.7328125 0.3934707903780069 0.7546875 0.40034364261168387 0.75625 0.3762886597938145 0.7484375 0.34879725085910657 0.7375 0.3350515463917526 0.73515625 0.3230240549828179 0.7234375 0.30584192439862545 0.70859375 0.2972508591065292 0.70625 0.3041237113402062 0.69609375 0.30927835051546393 0.6953125 0.30584192439862545 0.69296875 0.3144329896907217 0.68671875 0.31615120274914094 0.684375 0.32817869415807566 0.6953125 0.3694158075601375
0 0.42265625 0.8659793814432991 0.4421875 0.879725085910653 0.4640625 0.8762886597938145 0.46640625 0.8831615120274915 0.475 0.8831615120274915 0.48359375 0.8676975945017184 0.49375 0.8694158075601376 0.49609375 0.8659793814432991 0.4953125 0.8591065292096222 0.50078125 0.8505154639175257 0.49765625 0.7233676975945018 0.49453125 0.7010309278350516 0.428125 0.711340206185567 0.4234375 0.7199312714776632 0.42109375 0.752577319587629 0.4203125 0.8333333333333334 0.42265625 0.8659793814432991
0 0.75078125 0.5257731958762888 0.7578125 0.5584192439862543 0.80078125 0.5584192439862543 0.81953125 0.5549828178694158 0.828125 0.5481099656357389 0.82109375 0.5240549828178694 0.803125 0.4896907216494846 0.79921875 0.47594501718213056 0.790625 0.4639175257731959 0.7375 0.4690721649484536 0.7375 0.4862542955326461 0.75078125 0.5257731958762888
0 0.13359375 0.359106529209622 0.13125 0.3625429553264605 0.1296875 0.36769759450171824 0.13359375 0.359106529209622
0 0.140625 0.353125 0.0015625 0.0015625
0 0.16015625 0.35223367697594504 0.15625 0.3505154639175258 0.14921875 0.35223367697594504 0.16015625 0.35223367697594504
0 0.1765625 0.3505154639175258 0.16953125 0.3505154639175258 0.16796875 0.35223367697594504 0.1765625 0.3505154639175258
0 0.17734375 0.4020618556701031 0.2203125 0.40034364261168387 0.22890625 0.38316151202749144 0.2359375 0.35738831615120276 0.23125 0.34536082474226804 0.2203125 0.34879725085910657 0.2203125 0.34192439862542956 0.18828125 0.34192439862542956 0.1796875 0.35223367697594504 0.18359375 0.3556701030927835 0.1828125 0.3762886597938145 0.1703125 0.39003436426116844 0.16875 0.3969072164948454 0.17734375 0.4020618556701031
0 0.1015625 0.7714776632302407 0.10234375 0.7869415807560138 0.15703125 0.7800687285223369 0.17421875 0.7920962199312716 0.203125 0.7920962199312716 0.24375 0.7852233676975946 0.265625 0.7749140893470792 0.328125 0.7697594501718215 0.334375 0.7663230240549829 0.33984375 0.7439862542955327 0.33984375 0.725085910652921 0.3484375 0.6443298969072165 0.3453125 0.6391752577319588 0.29140625 0.6426116838487973 0.2734375 0.6494845360824744 0.22265625 0.6546391752577321 0.19765625 0.6666666666666667 0.14375 0.6701030927835052 0.1328125 0.6786941580756014 0.121875 0.7147766323024055 0.115625 0.7233676975945018 0.115625 0.7371134020618557 0.1015625 0.7714776632302407
0 0.42734375 0.9072164948453609 0.434375 0.9621993127147768 0.44140625 0.9862542955326461 0.45078125 0.9914089347079038 0.46328125 0.9828178694158076 0.49140625 0.993127147766323 0.5046875 0.9914089347079038 0.50234375 0.8316151202749141 0.49765625 0.7233676975945018 0.49453125 0.7010309278350516 0.428125 0.711340206185567 0.4234375 0.7199312714776632 0.42109375 0.7491408934707905 0.421875 0.8848797250859107 0.42734375 0.9072164948453609
0 0.5734375 0.95078125 0.00078125 0.00546875
0 0.57265625 0.8951890034364262 0.56953125 0.8917525773195877 0.56953125 0.8969072164948454 0.57265625 0.8951890034364262
0 0.50859375 0.9226804123711341 0.5109375 0.9072164948453609 0.53828125 0.9140893470790379 0.5359375 0.9089347079037802 0.5390625 0.9003436426116839 0.5328125 0.9003436426116839 0.53125 0.8951890034364262 0.540625 0.8831615120274915 0.54609375 0.88659793814433 0.55 0.8969072164948454 0.5609375 0.8969072164948454 0.56640625 0.8883161512027492 0.575 0.8951890034364262 0.575 0.8900343642611684 0.578125 0.8934707903780069 0.57734375 0.9020618556701031 0.58203125 0.879725085910653 0.58515625 0.8178694158075602 0.57109375 0.6924398625429553 0.5578125 0.6907216494845361 0.5015625 0.7027491408934708 0.5 0.7233676975945018 0.50859375 0.9226804123711341
0 0.0203125 0.9587628865979383 0.02265625 0.9725085910652922 0.03203125 0.993127147766323 0.128125 0.9879725085910653 0.13046875 0.9845360824742269 0.13203125 0.9484536082474226 0.1453125 0.9037800687285223 0.14765625 0.8848797250859107 0.15859375 0.8487972508591065 0.165625 0.8127147766323025 0.15625 0.7869415807560138 0.11875 0.7972508591065293 0.08828125 0.79553264604811 0.06796875 0.8041237113402062 0.0625 0.8178694158075602 0.0640625 0.8264604810996564 0.05546875 0.8384879725085911 0.05390625 0.8505154639175257 0.03828125 0.8694158075601376 0.0421875 0.8900343642611684 0.0421875 0.9072164948453609 0.03203125 0.9209621993127148 0.0296875 0.936426116838488 0.02578125 0.9243986254295533 0.02578125 0.9467353951890034 0.0203125 0.9587628865979383
0 0.36875 0.5017182130584193 0.36953125 0.5154639175257733 0.403125 0.5154639175257733 0.42578125 0.5085910652920963 0.4265625 0.4450171821305842 0.42578125 0.42783505154639184 0.4234375 0.42439862542955326 0.425 0.41580756013745707 0.421875 0.42783505154639184 0.41640625 0.4312714776632303 0.38125 0.4312714776632303 0.375 0.44673539518900346 0.37421875 0.47079037800687284 0.36875 0.5017182130584193
0 0.31328125 0.5326460481099657 0.3625 0.5257731958762888 0.37109375 0.48453608247422686 0.37265625 0.4484536082474227 0.36796875 0.44158075601374575 0.32265625 0.4484536082474227 0.3171875 0.4604810996563574 0.309375 0.513745704467354 0.30859375 0.527491408934708 0.31328125 0.5326460481099657
0 0.43203125 0.5859106529209622 0.4703125 0.5824742268041238 0.49296875 0.5721649484536082 0.48984375 0.49312714776632305 0.48359375 0.47594501718213056 0.47734375 0.48453608247422686 0.4640625 0.4896907216494846 0.43359375 0.4948453608247423 0.43046875 0.5068728522336771 0.4296875 0.5756013745704468 0.43203125 0.5859106529209622
0 0.21015625 0.46563573883161513 0.2625 0.45704467353951894 0.275 0.3934707903780069 0.27265625 0.38659793814432997 0.2265625 0.3934707903780069 0.221875 0.4020618556701031 0.21796875 0.4261168384879725 0.209375 0.4484536082474227 0.2078125 0.46219931271477666 0.21015625 0.46563573883161513
0 0.2671875 0.7749140893470792 0.33515625 0.7680412371134021 0.340625 0.7439862542955327 0.340625 0.7199312714776632 0.34375 0.711340206185567 0.34921875 0.6443298969072165 0.34609375 0.6391752577319588 0.3234375 0.6391752577319588 0.29375 0.6426116838487973 0.27421875 0.6512027491408936 0.271875 0.7010309278350516 0.265625 0.725085910652921 0.2671875 0.7336769759450172 0.26171875 0.7439862542955327 0.2609375 0.7680412371134021 0.2671875 0.7749140893470792
0 0.63671875 0.3264604810996564 0.63671875 0.34536082474226804 0.646875 0.38487972508591073 0.6546875 0.39862542955326463 0.6859375 0.39518900343642616 0.7 0.3883161512027492 0.68828125 0.3402061855670103 0.67421875 0.3195876288659794 0.65234375 0.3195876288659794 0.63984375 0.3264604810996564 0.63359375 0.3230240549828179 0.6328125 0.3298969072164949 0.63671875 0.3264604810996564
0 0.48046875 0.3384879725085911 0.5203125 0.3350515463917526 0.52578125 0.3298969072164949 0.51875 0.281786941580756 0.4765625 0.288659793814433 0.4765625 0.3178694158075602 0.48046875 0.3384879725085911
0 0.11171875 0.5807560137457045 0.11875 0.5876288659793815 0.15390625 0.5910652920962199 0.16640625 0.563573883161512 0.17890625 0.5463917525773196 0.19609375 0.4828178694158076 0.19375 0.4776632302405499 0.13671875 0.4828178694158076 0.128125 0.4948453608247423 0.11015625 0.5429553264604812 0.10390625 0.5652920962199313 0.11171875 0.5807560137457045
0 0.65078125 0.970790378006873 0.65078125 0.9810996563573884 0.65625 0.9879725085910653 0.665625 0.9896907216494846 0.6765625 0.9793814432989691 0.70234375 0.9862542955326461 0.71328125 0.9810996563573884 0.72890625 0.936426116838488 0.73125 0.9140893470790379 0.7375 0.9089347079037802 0.7453125 0.8848797250859107 0.75546875 0.8659793814432991 0.759375 0.8367697594501718 0.7515625 0.8316151202749141 0.7296875 0.8333333333333334 0.6953125 0.8402061855670103 0.67890625 0.8487972508591065 0.66328125 0.9003436426116839 0.66328125 0.9175257731958764 0.6546875 0.9467353951890034 0.65546875 0.9553264604810998 0.65078125 0.970790378006873
0 0.728125 0.8075601374570448 0.73828125 0.8058419243986255 0.72734375 0.802405498281787 0.72578125 0.8058419243986255 0.728125 0.8075601374570448
0 0.7046875 0.7663230240549829 0.71640625 0.7646048109965636 0.7125 0.7611683848797252 0.6984375 0.7611683848797252 0.7046875 0.7663230240549829
0 0.69296875 0.5395189003436427 0.69609375 0.5584192439862543 0.70078125 0.5670103092783505 0.7484375 0.563573883161512 0.75390625 0.5567010309278351 0.75234375 0.5309278350515465 0.7328125 0.4725085910652921 0.71796875 0.4690721649484536 0.678125 0.47594501718213056 0.678125 0.4896907216494846 0.69296875 0.5395189003436427
0 0.62734375 0.5395189003436427 0.628125 0.5532646048109966 0.63359375 0.5652920962199313 0.6640625 0.5670103092783505 0.69375 0.5584192439862543 0.6921875 0.5429553264604812 0.675 0.4776632302405499 0.67109375 0.47079037800687284 0.65703125 0.4690721649484536 0.61640625 0.4776632302405499 0.615625 0.4862542955326461 0.62734375 0.5395189003436427
0 0.58125 0.33333333333333337 0.62578125 0.3264604810996564 0.6265625 0.31615120274914094 0.6171875 0.27835051546391754 0.6046875 0.2731958762886598 0.57421875 0.281786941580756 0.57265625 0.29381443298969073 0.58125 0.33333333333333337
0 0.54296875 0.4037800687285224 0.553125 0.3969072164948454 0.5890625 0.39003436426116844 0.58515625 0.3608247422680413 0.57421875 0.3230240549828179 0.5390625 0.33333333333333337 0.5328125 0.3402061855670103 0.53515625 0.3780068728522337 0.54296875 0.4037800687285224
0 0.19453125 0.7096219931271478 0.1890625 0.718213058419244 0.190625 0.7268041237113403 0.18671875 0.7405498281786942 0.18671875 0.7594501718213059 0.1796875 0.7869415807560138 0.2078125 0.7903780068728523 0.23984375 0.7852233676975946 0.25546875 0.7783505154639176 0.26328125 0.7663230240549829 0.265625 0.725085910652921 0.27265625 0.6958762886597938 0.2734375 0.6666666666666667 0.27109375 0.6563573883161513 0.2234375 0.6563573883161513 0.20390625 0.6632302405498283 0.19453125 0.6718213058419245 0.2 0.6890034364261168 0.19453125 0.7096219931271478
0 0.66953125 0.45704467353951894 0.6703125 0.46735395189003437 0.67421875 0.4725085910652921 0.71640625 0.4690721649484536 0.725 0.46563573883161513 0.7265625 0.4604810996563574 0.7109375 0.4072164948453609 0.69921875 0.3883161512027492 0.65703125 0.39862542955326463 0.6609375 0.4312714776632303 0.66953125 0.45704467353951894
0 0.63671875 0.3384879725085911 0.68046875 0.32817869415807566 0.66796875 0.2920962199312715 0.66796875 0.2852233676975945 0.66484375 0.281786941580756 0.64453125 0.27491408934707906 0.62109375 0.27835051546391754 0.62109375 0.302405498281787 0.63671875 0.3384879725085911
0 0.57734375 0.6907216494845361 0.64921875 0.6821305841924399 0.64765625 0.6546391752577321 0.63046875 0.5687285223367697 0.59453125 0.5687285223367697 0.5671875 0.577319587628866 0.5671875 0.604810996563574 0.57734375 0.6907216494845361
0 0.746875 0.738831615120275 0.7671875 0.8041237113402062 0.7703125 0.8247422680412372 0.78125 0.8470790378006873 0.815625 0.8367697594501718 0.840625 0.8436426116838488 0.84609375 0.8367697594501718 0.85546875 0.8367697594501718 0.86328125 0.852233676975945 0.8796875 0.8367697594501718 0.8953125 0.8350515463917526 0.896875 0.8402061855670103 0.89453125 0.8505154639175257 0.896875 0.8608247422680414 0.8921875 0.8728522336769761 0.8984375 0.8694158075601376 0.89765625 0.8745704467353953 0.9015625 0.8745704467353953 0.9 0.8642611683848799 0.90234375 0.8625429553264606 0.9078125 0.8745704467353953 0.9109375 0.8711340206185568 0.90703125 0.8694158075601376 0.9046875 0.8591065292096222 0.921875 0.8556701030927837 0.9265625 0.8402061855670103 0.93203125 0.8367697594501718 0.93359375 0.8264604810996564 0.94296875 0.816151202749141 0.94296875 0.7989690721649485 0.93359375 0.7886597938144331 0.9328125 0.7714776632302407 0.925 0.7663230240549829 0.91953125 0.7439862542955327 0.9125 0.7422680412371134 0.9109375 0.725085910652921 0.9015625 0.711340206185567 0.9 0.6993127147766324 0.89296875 0.6958762886597938 0.8875 0.6769759450171822 0.87265625 0.6735395189003437 0.740625 0.6941580756013745 0.7390625 0.7044673539518901 0.746875 0.738831615120275
0 0.5328125 0.33676975945017185 0.57578125 0.3230240549828179 0.57421875 0.30584192439862545 0.56484375 0.2766323024054983 0.5453125 0.27491408934707906 0.52265625 0.28350515463917525 0.52578125 0.3264604810996564 0.5328125 0.33676975945017185
0 0.325 0.4484536082474227 0.36953125 0.44158075601374575 0.3765625 0.42439862542955326 0.38125 0.39003436426116844 0.38046875 0.37457044673539525 0.3765625 0.365979381443299 0.3484375 0.3780068728522337 0.3453125 0.372852233676976 0.34375 0.3814432989690722 0.33125 0.38659793814432997 0.33125 0.39518900343642616 0.3359375 0.40034364261168387 0.3296875 0.40549828178694164 0.3234375 0.4261168384879725 0.321875 0.4450171821305842 0.325 0.4484536082474227
0 0.43203125 0.4948453608247423 0.459375 0.4914089347079038 0.4859375 0.47938144329896915 0.4859375 0.4398625429553265 0.48046875 0.3934707903780069 0.47734375 0.3883161512027492 0.46328125 0.3883161512027492 0.459375 0.4037800687285224 0.44609375 0.40549828178694164 0.440625 0.4123711340206186 0.43203125 0.41065292096219935 0.43046875 0.4261168384879725 0.4296875 0.4810996563573884 0.43203125 0.4948453608247423
0 0.32734375 0.9140893470790379 0.328125 0.9226804123711341 0.33828125 0.9398625429553265 0.3546875 0.929553264604811 0.3625 0.9329896907216495 0.36640625 0.9226804123711341 0.4171875 0.9106529209621994 0.41796875 0.7749140893470792 0.415625 0.7680412371134021 0.41796875 0.7577319587628867 0.41171875 0.752577319587629 0.3953125 0.752577319587629 0.34453125 0.7611683848797252 0.34140625 0.7680412371134021 0.33671875 0.8298969072164949 0.33125 0.8591065292096222 0.33125 0.8814432989690723 0.32734375 0.9140893470790379
0 0.15234375 0.6701030927835052 0.18984375 0.6649484536082475 0.209375 0.6563573883161513 0.2171875 0.6408934707903781 0.21875 0.6202749140893471 0.22890625 0.584192439862543 0.23203125 0.5584192439862543 0.23046875 0.5532646048109966 0.22421875 0.5532646048109966 0.17109375 0.563573883161512 0.1640625 0.5738831615120275 0.1375 0.6580756013745706 0.1390625 0.6701030927835052 0.15234375 0.6701030927835052
0 0.57734375 0.2972508591065292 0.58125 0.288659793814433 0.5765625 0.288659793814433 0.57734375 0.2972508591065292
0 0.6234375 0.288659793814433 0.62890625 0.3178694158075602 0.646875 0.37972508591065296 0.65703125 0.4020618556701031 0.6609375 0.42783505154639184 0.67109375 0.46563573883161513 0.67421875 0.4690721649484536 0.7203125 0.46563573883161513 0.73359375 0.4587628865979382 0.73984375 0.46219931271477666 0.74765625 0.4518900343642612 0.7578125 0.4553264604810997 0.7640625 0.44158075601374575 0.77578125 0.4553264604810997 0.77421875 0.4398625429553265 0.77734375 0.43642611683848803 0.78203125 0.4553264604810997 0.7890625 0.4553264604810997 0.80546875 0.47594501718213056 0.80625 0.4828178694158076 0.81796875 0.5034364261168386 0.8171875 0.5085910652920963 0.82265625 0.513745704467354 0.84140625 0.4742268041237113 0.846875 0.4518900343642612 0.846875 0.4398625429553265 0.8421875 0.42783505154639184 0.82734375 0.39862542955326463 0.815625 0.3917525773195877 0.80703125 0.3625429553264605 0.79296875 0.33676975945017185 0.78828125 0.3350515463917526 0.7859375 0.32130584192439865 0.778125 0.31271477663230246 0.75390625 0.2680412371134021 0.6921875 0.281786941580756 0.62578125 0.2800687285223368 0.6234375 0.281786941580756 0.6234375 0.288659793814433
0 0.0703125 0.45360824742268047 0.078125 0.45704467353951894 0.090625 0.42783505154639184 0.11484375 0.39518900343642616 0.1296875 0.3608247422680413 0.09375 0.36426116838487976 0.0671875 0.41580756013745707 0.06328125 0.43642611683848803 0.0703125 0.45360824742268047
0 0.7203125 0.4398625429553265 0.73359375 0.46563573883161513 0.77890625 0.46219931271477666 0.78515625 0.4553264604810997 0.7828125 0.443298969072165 0.76171875 0.3934707903780069 0.75390625 0.38316151202749144 0.71171875 0.3917525773195877 0.7109375 0.4037800687285224 0.7203125 0.4398625429553265
0 0.5015625 0.6924398625429553 0.5046875 0.6993127147766324 0.57265625 0.6855670103092784 0.571875 0.6443298969072165 0.56484375 0.5893470790378007 0.56015625 0.5721649484536082 0.528125 0.5721649484536082 0.503125 0.5790378006872853 0.49921875 0.584192439862543 0.49765625 0.6254295532646049 0.5015625 0.6924398625429553
0 0.29296875 0.4484536082474227 0.29609375 0.44158075601374575 0.3 0.4484536082474227 0.302734375 0.443298969072165 0.30390625 0.4484536082474227 0.3078125 0.4484536082474227 0.3171875 0.44158075601374575 0.30859375 0.4347079037800688 0.29140625 0.43814432989690727 0.2890625 0.443298969072165 0.29296875 0.4484536082474227
0 0.28515625 0.43814432989690727 0.28203125 0.4347079037800688 0.28125 0.43814432989690727 0.28515625 0.43814432989690727
0 0.27109375 0.4484536082474227 0.27421875 0.45017182130584193 0.2765625 0.43814432989690727 0.27421875 0.42783505154639184 0.271875 0.42783505154639184 0.2703125 0.44158075601374575 0.27109375 0.4484536082474227
0 0.290625 0.4072164948453609 0.29609375 0.41580756013745707 0.29453125 0.4175257731958763 0.2984375 0.42439862542955326 0.30546875 0.41924398625429554 0.31015625 0.4261168384879725 0.3140625 0.41924398625429554 0.3203125 0.4312714776632303 0.3296875 0.3934707903780069 0.3359375 0.33333333333333337 0.33046875 0.32130584192439865 0.29453125 0.32817869415807566 0.28828125 0.33676975945017185 0.28046875 0.3762886597938145 0.2796875 0.3883161512027492 0.28203125 0.3934707903780069 0.29453125 0.39862542955326463 0.290625 0.4072164948453609
0 0.85234375 0.5154639175257733 0.87421875 0.5498281786941581 0.9046875 0.5429553264604812 0.92265625 0.5017182130584193 0.91796875 0.4828178694158076 0.8984375 0.45017182130584193 0.86484375 0.4553264604810997 0.85078125 0.48797250859106533 0.85 0.5085910652920963 0.85234375 0.5154639175257733
0 0.6625 0.7199312714776632 0.6609375 0.7302405498281788 0.67109375 0.7852233676975946 0.66953125 0.7972508591065293 0.67421875 0.8350515463917526 0.68515625 0.8436426116838488 0.71015625 0.8419243986254296 0.71328125 0.8367697594501718 0.71796875 0.8436426116838488 0.71796875 0.8367697594501718 0.73515625 0.8350515463917526 0.7546875 0.8487972508591065 0.75859375 0.8402061855670103 0.7578125 0.8350515463917526 0.76328125 0.8264604810996564 0.76328125 0.802405498281787 0.73046875 0.6821305841924399 0.68359375 0.6855670103092784 0.65859375 0.6941580756013745 0.65703125 0.7096219931271478 0.6625 0.7199312714776632
0 0.66796875 0.718213058419244 0.66484375 0.7268041237113403 0.6734375 0.7336769759450172 0.671875 0.7542955326460482 0.67578125 0.7611683848797252 0.6734375 0.7817869415807561 0.67578125 0.7886597938144331 0.6765625 0.8247422680412372 0.68046875 0.8436426116838488 0.67578125 0.852233676975945 0.67265625 0.8745704467353953 0.66328125 0.9003436426116839 0.66328125 0.9175257731958764 0.65859375 0.9312714776632303 0.65078125 0.9759450171821307 0.659375 0.9879725085910653 0.66796875 0.9879725085910653 0.678125 0.9776632302405499 0.71015625 0.9828178694158076 0.72734375 0.9381443298969072 0.73125 0.9140893470790379 0.7359375 0.9106529209621994 0.75546875 0.8642611683848799 0.76015625 0.8419243986254296 0.759375 0.8316151202749141 0.76328125 0.8195876288659795 0.7625 0.802405498281787 0.73046875 0.6855670103092784 0.678125 0.6890034364261168 0.6625 0.6975945017182131 0.6640625 0.711340206185567 0.66796875 0.718213058419244
0 0.43203125 0.48797250859106533 0.4390625 0.4862542955326461 0.4359375 0.47938144329896915 0.43203125 0.47938144329896915 0.43203125 0.48797250859106533
0 0.446875 0.4690721649484536 0.4421875 0.46735395189003437 0.440625 0.4690721649484536 0.446875 0.4690721649484536
0 0.45703125 0.46219931271477666 0.44765625 0.4604810996563574 0.4453125 0.4639175257731959 0.45703125 0.46219931271477666
0 0.484375 0.44158075601374575 0.4828125 0.43814432989690727 0.48203125 0.44158075601374575 0.484375 0.44158075601374575
0 0.43125 0.4518900343642612 0.43359375 0.4553264604810997 0.43203125 0.46563573883161513 0.43515625 0.45360824742268047 0.43828125 0.46219931271477666 0.44765625 0.45360824742268047 0.44921875 0.4484536082474227 0.44609375 0.4347079037800688 0.45078125 0.42439862542955326 0.46015625 0.422680412371134 0.46015625 0.4347079037800688 0.46640625 0.4295532646048111 0.48125 0.4312714776632303 0.48359375 0.4072164948453609 0.48125 0.3608247422680413 0.47734375 0.34192439862542956 0.44140625 0.3350515463917526 0.43515625 0.3384879725085911 0.43203125 0.35223367697594504 0.4296875 0.3883161512027492 0.43125 0.4518900343642612
0 0.63671875 0.8917525773195877 0.653125 0.88659793814433 0.63515625 0.8848797250859107 0.63359375 0.88659793814433 0.63671875 0.8917525773195877
0 0.60625 0.8859375 0.00234375 0.0015625
0 0.60390625 0.8831615120274915 0.59609375 0.8814432989690723 0.5953125 0.88659793814433 0.60390625 0.8831615120274915
0 0.6125 0.8659793814432991 0.61484375 0.8591065292096222 0.6109375 0.852233676975945 0.6078125 0.8556701030927837 0.6078125 0.8642611683848799 0.6125 0.8659793814432991
0 0.5890625 0.7869415807560138 0.5875 0.8264604810996564 0.58984375 0.8470790378006873 0.59375 0.8556701030927837 0.5984375 0.8573883161512029 0.6078125 0.8436426116838488 0.63984375 0.8505154639175257 0.66015625 0.8487972508591065 0.6640625 0.8470790378006873 0.66875 0.8350515463917526 0.66640625 0.7817869415807561 0.66796875 0.7749140893470792 0.6625 0.7663230240549829 0.6609375 0.7353951890034365 0.65625 0.7285223367697595 0.65859375 0.7027491408934708 0.65546875 0.6924398625429553 0.6359375 0.6890034364261168 0.5828125 0.6993127147766324 0.584375 0.7749140893470792 0.5890625 0.7869415807560138
0 0.36796875 0.5807560137457045 0.3625 0.604810996563574 0.3625 0.6202749140893471 0.4203125 0.6168384879725086 0.42421875 0.6116838487972509 0.42734375 0.5498281786941581 0.425 0.513745704467354 0.3703125 0.520618556701031 0.3671875 0.5292096219931273 0.3703125 0.5532646048109966 0.36796875 0.5807560137457045
0 0.290625 0.45704467353951894 0.31484375 0.45017182130584193 0.32265625 0.4312714776632303 0.3265625 0.3883161512027492 0.3046875 0.38316151202749144 0.28046875 0.3934707903780069 0.28203125 0.4037800687285224 0.27578125 0.4072164948453609 0.26796875 0.43642611683848803 0.26875 0.4553264604810997 0.290625 0.45704467353951894
0 0.0765625 0.46219931271477666 0.08125 0.4862542955326461 0.12734375 0.4896907216494846 0.14375 0.46735395189003437 0.14609375 0.4553264604810997 0.15859375 0.42783505154639184 0.1609375 0.40549828178694164 0.11484375 0.40034364261168387 0.10546875 0.4072164948453609 0.1 0.4209621993127148 0.08828125 0.4347079037800688 0.08671875 0.4450171821305842 0.0765625 0.46219931271477666
0 0.58359375 0.7749140893470792 0.58828125 0.7886597938144331 0.5859375 0.7989690721649485 0.58828125 0.8659793814432991 0.5796875 0.9347079037800687 0.57734375 0.9725085910652922 0.5796875 0.9879725085910653 0.584375 0.9948453608247423 0.6015625 0.9948453608247423 0.62578125 0.9862542955326461 0.64375 0.9879725085910653 0.646875 0.9725085910652922 0.64453125 0.9553264604810998 0.65859375 0.9226804123711341 0.6578125 0.9037800687285223 0.66328125 0.8900343642611684 0.66953125 0.8556701030927837 0.66875 0.7989690721649485 0.665625 0.7749140893470792 0.6671875 0.7714776632302407 0.6609375 0.7508591065292097 0.6609375 0.7353951890034365 0.65703125 0.7302405498281788 0.66015625 0.7199312714776632 0.65703125 0.7164948453608248 0.65625 0.6958762886597938 0.6484375 0.6890034364261168 0.6375 0.6890034364261168 0.5859375 0.6958762886597938 0.58125 0.7044673539518901 0.58359375 0.7199312714776632 0.58359375 0.7749140893470792
0 0.490625 0.47594501718213056 0.49453125 0.4810996563573884 0.546875 0.4690721649484536 0.540625 0.41580756013745707 0.53515625 0.40034364261168387 0.48671875 0.41065292096219935 0.48828125 0.4604810996563574 0.490625 0.47594501718213056
0 0.63828125 0.6013745704467355 0.6546875 0.6821305841924399 0.7015625 0.6821305841924399 0.72109375 0.6786941580756014 0.72734375 0.6718213058419245 0.72109375 0.6391752577319588 0.70078125 0.5721649484536082 0.69296875 0.563573883161512 0.63671875 0.5721649484536082 0.63515625 0.5807560137457045 0.63828125 0.6013745704467355
0 0.48671875 0.4089347079037801 0.515625 0.40549828178694164 0.53671875 0.3969072164948454 0.53046875 0.3436426116838488 0.52578125 0.33676975945017185 0.4828125 0.3436426116838488 0.4828125 0.39003436426116844 0.48671875 0.4089347079037801
0 0.56328125 0.5601374570446735 0.56640625 0.5687285223367697 0.609375 0.5670103092783505 0.6265625 0.5584192439862543 0.6265625 0.5446735395189004 0.61796875 0.4965635738831615 0.61015625 0.4742268041237113 0.59296875 0.47079037800687284 0.5546875 0.47594501718213056 0.55390625 0.4914089347079038 0.56328125 0.5601374570446735
0 0.5078125 0.9690721649484537 0.5109375 0.9879725085910653 0.52265625 0.993127147766323 0.5640625 0.993127147766323 0.5703125 0.9879725085910653 0.575 0.9656357388316152 0.58515625 0.8573883161512029 0.58515625 0.8213058419243987 0.571875 0.6941580756013745 0.56171875 0.6907216494845361 0.54375 0.6975945017182131 0.51328125 0.6993127147766324 0.50078125 0.7061855670103093 0.5046875 0.8934707903780069 0.5078125 0.9690721649484537
0 0.22265625 0.6529209621993128 0.28046875 0.6426116838487973 0.28515625 0.6305841924398626 0.29921875 0.5429553264604812 0.28125 0.5395189003436427 0.240625 0.5498281786941581 0.23671875 0.5567010309278351 0.228125 0.604810996563574 0.22109375 0.6271477663230242 0.21875 0.6477663230240551 0.22265625 0.6529209621993128
0 0.4078125 0.365979381443299 0.4265625 0.3711340206185567 0.4296875 0.3556701030927835 0.42890625 0.33333333333333337 0.43203125 0.3041237113402062 0.4296875 0.29896907216494845 0.42109375 0.29896907216494845 0.390625 0.30584192439862545 0.3875 0.31099656357388317 0.38515625 0.33333333333333337 0.3859375 0.3694158075601375 0.4078125 0.365979381443299
0 0.2828125 0.9759450171821307 0.28125 0.9725085910652922 0.2796875 0.9742268041237114 0.2828125 0.9759450171821307
0 0.2765625 0.9734375 0.003125 0.0015625
0 0.3140625 0.9703125 0.0015625 0.0015625
0 0.3078125 0.9725085910652922 0.29453125 0.9690721649484537 0.29453125 0.9742268041237114 0.3078125 0.9725085910652922
0 0.1640625 0.8316151202749141 0.16328125 0.8470790378006873 0.15625 0.8642611683848799 0.15 0.8883161512027492 0.14921875 0.9037800687285223 0.1359375 0.9450171821305842 0.13671875 0.9759450171821307 0.1484375 0.9845360824742269 0.18828125 0.9776632302405499 0.20078125 0.9810996563573884 0.2015625 0.9862542955326461 0.19921875 0.9896907216494846 0.20234375 0.9914089347079038 0.2140625 0.9914089347079038 0.2234375 0.9862542955326461 0.22734375 0.963917525773196 0.2359375 0.9621993127147768 0.24453125 0.9690721649484537 0.2703125 0.9604810996563575 0.27578125 0.9673539518900345 0.2796875 0.9604810996563575 0.2828125 0.9673539518900345 0.28359375 0.9621993127147768 0.2984375 0.957044673539519 0.3234375 0.957044673539519 0.31953125 0.9450171821305842 0.32109375 0.9158075601374571 0.33515625 0.7972508591065293 0.334375 0.7731958762886599 0.18359375 0.79553264604811 0.1703125 0.8041237113402062 0.16953125 0.8195876288659795 0.1640625 0.8316151202749141
0 0.20625 0.9890625 0.0015625 0.0015625
0 0.14765625 0.9862542955326461 0.17890625 0.9793814432989691 0.184375 0.9673539518900345 0.19375 0.9810996563573884 0.19921875 0.9810996563573884 0.20703125 0.9742268041237114 0.21015625 0.963917525773196 0.21640625 0.9673539518900345 0.228125 0.9587628865979383 0.23125 0.9467353951890034 0.23359375 0.9484536082474226 0.23203125 0.9329896907216495 0.24375 0.8900343642611684 0.24453125 0.8573883161512029 0.25234375 0.8195876288659795 0.2484375 0.8075601374570448 0.25078125 0.7886597938144331 0.184375 0.79553264604811 0.1703125 0.802405498281787 0.16953125 0.8213058419243987 0.1640625 0.8316151202749141 0.16171875 0.8487972508591065 0.15 0.88659793814433 0.146875 0.9106529209621994 0.13671875 0.9432989690721649 0.1359375 0.9759450171821307 0.14765625 0.9862542955326461