0 0.6568965517241379 0.41171875 0.6620689655172414 0.415625 0.6482758620689655 0.42109375 0.6517241379310345 0.425 0.6741379310344827 0.4171875 0.6862068965517241 0.425 0.7034482758620689 0.42734375 0.743103448275862 0.42578125 0.7586206896551724 0.4296875 0.7827586206896552 0.428125 0.8017241379310345 0.43125 0.8258620689655173 0.42890625 0.8448275862068966 0.434375 0.8603448275862069 0.43203125 0.8793103448275861 0.4328125 0.8948275862068966 0.4390625 0.9068965517241379 0.4390625 0.9275862068965518 0.43125 0.9258620689655173 0.41171875 0.9086206896551724 0.4078125 0.8793103448275861 0.4109375 0.8689655172413794 0.40625 0.8517241379310345 0.40546875 0.8362068965517242 0.4078125 0.8206896551724137 0.403125 0.7982758620689655 0.403125 0.7931034482758621 0.40625 0.7689655172413793 0.40234375 0.65 0.403125 0.65 0.41171875 0.6568965517241379 0.41171875
0 0.8620689655172413 0.3734375 0.8551724137931034 0.37265625 0.85 0.37734375 0.8620689655172413 0.3734375
0 0.8224137931034482 0.375 0.8310344827586207 0.37734375 0.8241379310344827 0.371875 0.8051724137931033 0.37578125 0.803448275862069 0.3796875 0.8224137931034482 0.375
0 0.7862068965517242 0.37265625 0.7827586206896552 0.3703125 0.7724137931034483 0.3703125 0.7724137931034483 0.37421875 0.7655172413793103 0.37265625 0.7637931034482759 0.3765625 0.7706896551724138 0.37421875 0.7811961206896552 0.37568359375 0.7862068965517242 0.37265625
0 0.56328125 0.50859375 0.0015625 0.0015625
0 0.40344827586206894 0.49921875 0.39827586206896554 0.50078125 0.40344827586206894 0.50390625 0.40344827586206894 0.49921875
0 0.2689655172413793 0.50859375 0.27241379310344827 0.50234375 0.2827586206896552 0.50390625 0.2844827586206896 0.5015625 0.2827586206896552 0.4859375 0.2689655172413793 0.490625 0.26379310344827583 0.496875 0.26206896551724135 0.5015625 0.2689655172413793 0.50859375
0 0.5155172413793103 0.49296875 0.5206896551724138 0.48828125 0.5310344827586206 0.4875 0.5327586206896552 0.4828125 0.5293103448275862 0.48046875 0.5103448275862068 0.48046875 0.506896551724138 0.484375 0.5155172413793103 0.49296875
0 0.29137931034482756 0.5578125 0.31896551724137934 0.56328125 0.32413793103448274 0.56171875 0.32413793103448274 0.55703125 0.33620689655172414 0.55546875 0.34310344827586203 0.54765625 0.34827586206896555 0.54921875 0.3448275862068965 0.55390625 0.35 0.5546875 0.3448275862068965 0.55703125 0.3655172413793103 0.559375 0.37241379310344824 0.5640625 0.3810344827586207 0.56171875 0.38448275862068965 0.56328125 0.3793103448275862 0.56015625 0.38275862068965516 0.55546875 0.39655172413793105 0.5546875 0.4 0.5578125 0.4051724137931035 0.553125 0.4206896551724138 0.5484375 0.4275862068965517 0.56484375 0.44827586206896547 0.5703125 0.47241379310344833 0.56796875 0.4775862068965517 0.571875 0.49827586206896546 0.571875 0.503448275862069 0.575 0.5103448275862068 0.57265625 0.5327586206896552 0.575 0.5672413793103448 0.57265625 0.5741379310344827 0.575 0.5982758620689654 0.57109375 0.6103448275862069 0.57109375 0.6120689655172413 0.5734375 0.6224137931034484 0.5640625 0.646551724137931 0.56875 0.6603448275862068 0.55859375 0.6655172413793103 0.54296875 0.6655172413793103 0.51875 0.6603448275862068 0.515625 0.6068965517241379 0.51640625 0.5948275862068966 0.51484375 0.5913793103448276 0.51015625 0.5844827586206897 0.51484375 0.5724137931034483 0.5109375 0.5568965517241379 0.5140625 0.5275862068965517 0.5140625 0.4931034482758621 0.5078125 0.4844827586206897 0.509375 0.47241379310344833 0.5 0.45517241379310347 0.49453125 0.45517241379310347 0.48984375 0.4706896551724138 0.4875 0.47413793103448276 0.484375 0.4672413793103448 0.47734375 0.4517241379310345 0.47734375 0.4275862068965517 0.484375 0.4241379310344827 0.48046875 0.4086206896551724 0.47578125 0.38448275862068965 0.47578125 0.3689655172413793 0.48046875 0.36379310344827587 0.48515625 0.37413793103448273 0.49140625 0.3655172413793103 0.49453125 0.3586206896551724 0.48984375 0.3568965517241379 0.4953125 0.3448275862068965 0.4984375 0.3448275862068965 0.50234375 0.35344827586206895 0.50546875 0.33275862068965517 0.509375 0.3258620689655172 0.50625 0.2982758620689655 0.50546875 0.2793103448275862 0.50546875 0.27241379310344827 0.5078125 0.27413793103448275 0.54375 0.29137931034482756 0.5578125
0 0.4265625 0.559375 0.0015625 0.00078125
0 0.2551724137931034 0.596875 0.26724137931034486 0.59921875 0.28620689655172415 0.59765625 0.29137931034482756 0.6015625 0.31724137931034485 0.59921875 0.3448275862068965 0.60390625 0.4017241379310345 0.6015625 0.4206896551724138 0.60390625 0.46896551724137925 0.603125 0.4775862068965517 0.60546875 0.48793103448275865 0.60234375 0.496551724137931 0.60546875 0.5482758620689655 0.609375 0.5741379310344827 0.60703125 0.6396551724137931 0.615625 0.65 0.6140625 0.6586206896551724 0.6015625 0.6603448275862068 0.57578125 0.653448275862069 0.57421875 0.6431034482758621 0.58125 0.6224137931034484 0.5828125 0.6172413793103448 0.58046875 0.5931034482758621 0.58046875 0.5862068965517241 0.57421875 0.5741379310344827 0.57421875 0.5655172413793104 0.57890625 0.5206896551724138 0.5765625 0.5155172413793103 0.5734375 0.5017241379310345 0.5765625 0.4431034482758621 0.57421875 0.4344827586206897 0.571875 0.43103448275862066 0.5671875 0.43103448275862066 0.5703125 0.4206896551724138 0.56796875 0.41034482758620683 0.57265625 0.38275862068965516 0.57265625 0.3758620689655172 0.56875 0.3793103448275862 0.5640625 0.37413793103448273 0.56953125 0.3620689655172414 0.5703125 0.3293103448275862 0.5703125 0.31896551724137934 0.5640625 0.3103448275862069 0.5640625 0.30689655172413793 0.56796875 0.29482758620689653 0.56796875 0.28793103448275864 0.56640625 0.2810344827586207 0.55859375 0.27241379310344827 0.559375 0.26724137931034486 0.55625 0.26206896551724135 0.56328125 0.26379310344827583 0.57265625 0.2551724137931034 0.596875
0 0.3793103448275862 0.55703125 0.3793103448275862 0.55 0.37241379310344824 0.55 0.3793103448275862 0.55703125
0 0.41034482758620683 0.55 0.4068965517241379 0.54921875 0.4051724137931035 0.55078125 0.41034482758620683 0.55
0 0.4017241379310345 0.55 0.38620689655172413 0.54921875 0.38620689655172413 0.55390625 0.4017241379310345 0.55
0 0.10517241379310345 0.490625 0.15 0.48828125 0.25689655172413794 0.4921875 0.2689655172413793 0.48359375 0.2655172413793103 0.47734375 0.24655172413793106 0.46953125 0.24310344827586206 0.45625 0.22413793103448273 0.45390625 0.21379310344827585 0.4578125 0.19310344827586207 0.45859375 0.17758620689655172 0.44765625 0.16379310344827586 0.4515625 0.16379310344827586 0.4484375 0.1568965517241379 0.4546875 0.15 0.45234375 0.13275862068965516 0.453125 0.11896551724137931 0.4484375 0.11206896551724137 0.453125 0.1 0.4546875 0.10172413793103448 0.46015625 0.09482758620689655 0.46328125 0.08620689655172413 0.484375 0.10517241379310345 0.490625
0 0.23671875 0.44375 0.0015625 0.003125
0 0.253448275862069 0.43828125 0.25 0.43203125 0.2482758620689655 0.44140625 0.253448275862069 0.43828125
0 0.17413793103448277 0.425 0.1810344827586207 0.4265625 0.1810344827586207 0.4234375 0.1706896551724138 0.425 0.1706896551724138 0.4296875 0.17413793103448277 0.425
0 0.20344827586206896 0.41875 0.19827586206896552 0.4171875 0.19310344827586207 0.41796875 0.20344827586206896 0.41875
0 0.24296875 0.43125 0.003125 0.00078125
0 0.2551724137931034 0.425 0.2482758620689655 0.42265625 0.2482758620689655 0.4265625 0.2551724137931034 0.425
0 0.08793103448275862 0.484375 0.10172413793103448 0.48984375 0.09827586206896552 0.50234375 0.09137931034482757 0.5078125 0.09655172413793103 0.52421875 0.0896551724137931 0.5359375 0.10517241379310345 0.54140625 0.09655172413793103 0.56015625 0.11206896551724137 0.5625 0.1810344827586207 0.56328125 0.24310344827586206 0.5671875 0.2655172413793103 0.546875 0.2603448275862069 0.53671875 0.26379310344827583 0.51484375 0.2517241379310345 0.5046875 0.26379310344827583 0.4828125 0.24655172413793106 0.46953125 0.24482758620689654 0.4546875 0.23793103448275862 0.4546875 0.22241379310344828 0.44609375 0.21724137931034485 0.44609375 0.2189655172413793 0.4421875 0.20344827586206896 0.43828125 0.20344827586206896 0.41875 0.19655172413793104 0.41875 0.18448275862068966 0.425 0.16034482758620688 0.43125 0.14655172413793102 0.42890625 0.1103448275862069 0.43359375 0.0896551724137931 0.44921875 0.09482758620689655 0.4703125 0.08793103448275862 0.484375
0 0.2551724137931034 0.41875 0.2689655172413793 0.4234375 0.2827586206896552 0.41796875 0.2793103448275862 0.4140625 0.2603448275862069 0.4140625 0.253448275862069 0.41484375 0.2551724137931034 0.41875
0 0.30078125 0.52578125 0.0015625 0.0015625
0 0.471875 0.521875 0.0015625 0.0015625
0 0.4896551724137931 0.52890625 0.4862068965517241 0.5328125 0.4896551724137931 0.53046875 0.4931034482758621 0.5328125 0.49137931034482757 0.52890625 0.49827586206896546 0.5265625 0.4931034482758621 0.5203125 0.4793103448275862 0.521875 0.4896551724137931 0.52890625
0 0.6120689655172413 0.52265625 0.6189655172413793 0.52109375 0.6310344827586206 0.53125 0.6258620689655172 0.53359375 0.6413793103448275 0.528125 0.6362068965517241 0.51875 0.6293103448275862 0.51796875 0.6086206896551725 0.51875 0.6120689655172413 0.52265625
0 0.5051724137931035 0.51875 0.506896551724138 0.525 0.5137931034482759 0.52265625 0.506896551724138 0.5203125 0.5137931034482759 0.51875 0.5103448275862068 0.51640625 0.5103448275862068 0.51875 0.5051724137931035 0.51875
0 0.56953125 0.515625 0.0015625 0.00078125
0 0.5534482758620689 0.5234375 0.5568965517241379 0.5296875 0.5637931034482759 0.5296875 0.5672413793103448 0.5265625 0.5706896551724138 0.52890625 0.5741379310344827 0.5265625 0.5672413793103448 0.52421875 0.5741379310344827 0.52265625 0.5655172413793104 0.5234375 0.5672413793103448 0.51796875 0.5637931034482759 0.51484375 0.5603448275862069 0.515625 0.5586206896551724 0.5234375 0.5534482758620689 0.5234375
0 0.5637931034482759 0.51015625 0.5637931034482759 0.50234375 0.5603448275862069 0.5046875 0.5586206896551724 0.5078125 0.5637931034482759 0.51015625
0 0.30546875 0.4421875 0.003125 0.00234375
0 0.2793103448275862 0.45390625 0.27586206896551724 0.4421875 0.27413793103448275 0.45078125 0.2793103448275862 0.45390625
0 0.2655172413793103 0.49453125 0.26379310344827583 0.5046875 0.27586206896551724 0.51015625 0.2810344827586207 0.51796875 0.29137931034482756 0.5203125 0.2896551724137931 0.52421875 0.2827586206896552 0.52265625 0.2982758620689655 0.53125 0.28620689655172415 0.53671875 0.27241379310344827 0.53671875 0.27586206896551724 0.5484375 0.2603448275862069 0.5640625 0.2655172413793103 0.5734375 0.25689655172413794 0.5953125 0.2775862068965517 0.60546875 0.25862068965517243 0.6234375 0.2655172413793103 0.6296875 0.2603448275862069 0.65390625 0.27586206896551724 0.6546875 0.2793103448275862 0.6578125 0.3275862068965517 0.65859375 0.33793103448275863 0.66171875 0.3448275862068965 0.66015625 0.3586206896551724 0.66484375 0.3655172413793103 0.66171875 0.38448275862068965 0.6609375 0.38620689655172413 0.65859375 0.39655172413793105 0.66171875 0.4362068965517241 0.6625 0.4431034482758621 0.65390625 0.45344827586206893 0.6640625 0.503448275862069 0.66484375 0.5103448275862068 0.66796875 0.5293103448275862 0.66796875 0.5413793103448276 0.67109375 0.5896551724137931 0.67265625 0.6017241379310344 0.66953125 0.6068965517241379 0.6703125 0.6086206896551725 0.675 0.6103448275862069 0.67265625 0.6189655172413793 0.675 0.6206896551724138 0.66953125 0.6275862068965516 0.66796875 0.6327586206896552 0.671875 0.6362068965517241 0.67109375 0.6396551724137931 0.65625 0.6344827586206897 0.64765625 0.6431034482758621 0.64609375 0.646551724137931 0.640625 0.65 0.61328125 0.6603448275862068 0.58671875 0.6637931034482759 0.5609375 0.653448275862069 0.55390625 0.6603448275862068 0.55078125 0.6431034482758621 0.55546875 0.6155172413793103 0.55859375 0.6068965517241379 0.54765625 0.5879310344827586 0.54921875 0.5620689655172414 0.5421875 0.5637931034482759 0.5359375 0.5206896551724138 0.5109375 0.5465517241379311 0.4984375 0.55 0.48671875 0.5568965517241379 0.484375 0.5637931034482759 0.4859375 0.5724137931034483 0.48359375 0.5758620689655173 0.5046875 0.5913793103448276 0.51171875 0.6086206896551725 0.50078125 0.6189655172413793 0.5 0.6155172413793103 0.48203125 0.6241379310344828 0.478125 0.6431034482758621 0.48515625 0.6482758620689655 0.484375 0.6413793103448275 0.48203125 0.6431034482758621 0.47734375 0.6482758620689655 0.4796875 0.653448275862069 0.47734375 0.6603448275862068 0.4828125 0.6672413793103449 0.48359375 0.6741379310344827 0.47578125 0.6741379310344827 0.46171875 0.6672413793103449 0.453125 0.6689655172413793 0.44921875 0.6741379310344827 0.44921875 0.6741379310344827 0.434375 0.6672413793103449 0.43359375 0.6586206896551724 0.43984375 0.65 0.44140625 0.6224137931034484 0.42734375 0.6172413793103448 0.43125 0.5982758620689654 0.4359375 0.6017241379310344 0.43828125 0.5793103448275863 0.4421875 0.5810344827586207 0.43515625 0.5706896551724138 0.425 0.5568965517241379 0.428125 0.5465517241379311 0.43515625 0.5310344827586206 0.43671875 0.5172413793103449 0.42109375 0.5 0.42109375 0.4775862068965517 0.43046875 0.4603448275862069 0.42109375 0.45 0.41953125 0.43965517241379304 0.421875 0.4206896551724138 0.43515625 0.41206896551724137 0.43515625 0.4068965517241379 0.44453125 0.38448275862068965 0.4453125 0.3758620689655172 0.45546875 0.3655172413793103 0.459375 0.3568965517241379 0.453125 0.3620689655172414 0.44921875 0.3448275862068965 0.446875 0.3448275862068965 0.4421875 0.33793103448275863 0.440625 0.32413793103448274 0.44765625 0.3155172413793103 0.44765625 0.3103448275862069 0.4546875 0.29655172413793107 0.4609375 0.2844827586206896 0.45546875 0.2775862068965517 0.45859375 0.27413793103448275 0.45625 0.2706896551724138 0.46171875 0.2603448275862069 0.465625 0.2844827586206896 0.47890625 0.2655172413793103 0.49453125
0 0.7672413793103449 0.4546875 0.7655172413793103 0.47109375 0.789655172413793 0.46953125 0.803448275862069 0.4734375 0.8551724137931034 0.471875 0.8689655172413794 0.4734375 0.8741379310344828 0.4765625 0.8948275862068966 0.47578125 0.9 0.47890625 0.9103448275862069 0.47734375 0.9189655172413793 0.45234375 0.903448275862069 0.43828125 0.8758620689655172 0.43203125 0.7637931034482759 0.4296875 0.7603448275862068 0.4453125 0.7672413793103449 0.4546875
0 0.12586206896551724 0.36171875 0.12413793103448276 0.36953125 0.10862068965517242 0.37890625 0.10689655172413792 0.40078125 0.12241379310344827 0.4109375 0.11551724137931034 0.425 0.1810344827586207 0.41875 0.19827586206896552 0.4109375 0.20689655172413796 0.41171875 0.2206896551724138 0.4078125 0.25689655172413794 0.40859375 0.2706896551724138 0.40625 0.29137931034482756 0.41328125 0.3155172413793103 0.40625 0.32413793103448274 0.40859375 0.33793103448275863 0.4078125 0.3655172413793103 0.4 0.37413793103448273 0.37890625 0.36379310344827587 0.37265625 0.37241379310344824 0.3671875 0.37413793103448273 0.346875 0.3689655172413793 0.32890625 0.35517241379310344 0.3234375 0.34655172413793106 0.325 0.33275862068965517 0.3203125 0.30689655172413793 0.321875 0.3 0.31875 0.2810344827586207 0.3171875 0.26379310344827583 0.31953125 0.24482758620689654 0.315625 0.2189655172413793 0.31640625 0.19655172413793104 0.31328125 0.1793103448275862 0.31328125 0.16379310344827586 0.31640625 0.15517241379310345 0.3125 0.14310344827586208 0.3125 0.11896551724137931 0.31875 0.10862068965517242 0.33046875 0.1103448275862069 0.35546875 0.12586206896551724 0.36171875
0 0.3879310344827586 0.409375 0.4017241379310345 0.409375 0.42586206896551726 0.41796875 0.44655172413793104 0.41328125 0.4706896551724138 0.42109375 0.48793103448275865 0.4203125 0.5103448275862068 0.41484375 0.5344827586206897 0.42109375 0.5327586206896552 0.42890625 0.5413793103448276 0.428125 0.5620689655172414 0.41796875 0.5724137931034483 0.4171875 0.5793103448275863 0.41953125 0.5879310344827586 0.4296875 0.6120689655172413 0.41953125 0.6362068965517241 0.41953125 0.6431034482758621 0.40859375 0.6396551724137931 0.4 0.6017241379310344 0.40078125 0.596551724137931 0.3984375 0.5879310344827586 0.4 0.5431034482758621 0.3984375 0.5344827586206897 0.39609375 0.5 0.396875 0.4896551724137931 0.39375 0.46551724137931033 0.3953125 0.4517241379310345 0.3921875 0.4068965517241379 0.38984375 0.37241379310344824 0.3921875 0.37241379310344824 0.403125 0.3879310344827586 0.409375
0 0.38275862068965516 0.39296875 0.41724137931034483 0.38984375 0.4241379310344827 0.39296875 0.44655172413793104 0.39296875 0.46551724137931033 0.396875 0.5362068965517242 0.396875 0.5413793103448276 0.40078125 0.5724137931034483 0.39765625 0.5862068965517241 0.4015625 0.6396551724137931 0.39921875 0.6586206896551724 0.384375 0.6568965517241379 0.3796875 0.6448275862068965 0.37578125 0.6155172413793103 0.3765625 0.6051724137931035 0.37265625 0.5689655172413792 0.37421875 0.5586206896551724 0.37109375 0.5293103448275862 0.371875 0.5155172413793103 0.36875 0.49137931034482757 0.37109375 0.46206896551724136 0.3671875 0.4431034482758621 0.3703125 0.4379310344827586 0.36796875 0.41551724137931034 0.3671875 0.40344827586206894 0.37109375 0.3931034482758621 0.37109375 0.37758620689655176 0.3828125 0.3758620689655172 0.390625 0.38275862068965516 0.39296875
0 0.7931034482758621 0.5 0.8327586206896551 0.49921875 0.846551724137931 0.5015625 0.8637931034482758 0.5 0.8793103448275861 0.5015625 0.8931034482758621 0.50625 0.9068965517241379 0.5015625 0.9 0.48828125 0.8879310344827586 0.48046875 0.8896551724137931 0.47734375 0.8827586206896552 0.48125 0.8741379310344828 0.47734375 0.8551724137931034 0.47734375 0.8482758620689654 0.475 0.8327586206896551 0.4765625 0.7655172413793103 0.4734375 0.7620689655172413 0.47890625 0.7620689655172413 0.49765625 0.7931034482758621 0.5
0 0.7189655172413792 0.54609375 0.743103448275862 0.54296875 0.7448275862068965 0.52578125 0.7551724137931035 0.51640625 0.7637931034482759 0.45625 0.756896551724138 0.4359375 0.7448275862068965 0.428125 0.7103448275862069 0.428125 0.7017241379310344 0.43046875 0.689655172413793 0.42734375 0.6827586206896552 0.428125 0.6862068965517241 0.45 0.6741379310344827 0.49921875 0.6741379310344827 0.5421875 0.7189655172413792 0.54609375
0 0.7706896551724138 0.34609375 0.85 0.346875 0.8655172413793103 0.35078125 0.8724137931034482 0.34375 0.8655172413793103 0.33515625 0.8310344827586207 0.334375 0.8241379310344827 0.33125 0.7965517241379311 0.33125 0.7862068965517242 0.334375 0.756896551724138 0.33359375 0.7551724137931035 0.3421875 0.7706896551724138 0.34609375
0 0.6758620689655173 0.36640625 0.6810344827586207 0.36875 0.689655172413793 0.3640625 0.6758620689655173 0.3640625 0.6758620689655173 0.36640625
0 0.6741379310344827 0.36015625 0.7017241379310344 0.36328125 0.7137931034482758 0.3703125 0.7275862068965517 0.36953125 0.7482758620689655 0.35859375 0.746551724137931 0.3515625 0.6879310344827586 0.32734375 0.6706896551724137 0.328125 0.6758620689655173 0.33828125 0.6741379310344827 0.36015625
0 0.8310344827586207 0.375 0.8482758620689654 0.37578125 0.8568965517241379 0.3671875 0.8258620689655173 0.36484375 0.8206896551724137 0.36796875 0.8310344827586207 0.375
0 0.7637931034482759 0.37421875 0.7793103448275862 0.36875 0.7948275862068965 0.37578125 0.803448275862069 0.37578125 0.8155172413793104 0.36953125 0.810344827586207 0.36484375 0.7586206896551724 0.3640625 0.753448275862069 0.3671875 0.7551724137931035 0.37421875 0.7637931034482759 0.37421875
0 0.7689655172413793 0.45078125 0.7603448275862068 0.515625 0.75 0.52890625 0.753448275862069 0.540625 0.8844827586206897 0.54765625 0.8913793103448275 0.54453125 0.8879310344827586 0.52734375 0.9 0.5203125 0.9068965517241379 0.4984375 0.8982758620689655 0.4828125 0.9137931034482758 0.47734375 0.9172413793103449 0.4515625 0.9086206896551724 0.4421875 0.8758620689655172 0.4328125 0.8586206896551725 0.434375 0.8551724137931034 0.43203125 0.8431034482758621 0.434375 0.8327586206896551 0.43125 0.8172413793103448 0.43125 0.8 0.434375 0.7879310344827586 0.43046875 0.7706896551724138 0.4296875 0.7620689655172413 0.43359375 0.7620689655172413 0.44296875 0.7689655172413793 0.45078125
0 0.2844827586206896 0.66171875 0.3155172413793103 0.66015625 0.34655172413793106 0.66640625 0.36379310344827587 0.66640625 0.38620689655172413 0.6625 0.4017241379310345 0.66484375 0.4431034482758621 0.66484375 0.5017241379310345 0.66796875 0.5448275862068965 0.67578125 0.5758620689655173 0.67265625 0.596551724137931 0.678125 0.6362068965517241 0.6765625 0.6431034482758621 0.67109375 0.6431034482758621 0.64609375 0.6293103448275862 0.646875 0.5982758620689654 0.6421875 0.5224137931034483 0.640625 0.5137931034482759 0.63671875 0.5017241379310345 0.6390625 0.48275862068965514 0.63671875 0.46206896551724136 0.63828125 0.43965517241379304 0.63203125 0.43275862068965515 0.63671875 0.4137931034482759 0.63359375 0.4 0.63515625 0.3793103448275862 0.63359375 0.3689655172413793 0.6296875 0.3689655172413793 0.6265625 0.3568965517241379 0.63125 0.34310344827586203 0.63203125 0.3120689655172414 0.628125 0.26724137931034486 0.62734375 0.26379310344827583 0.63046875 0.2551724137931034 0.6546875 0.2844827586206896 0.66171875
0 0.09310344827586206 0.48515625 0.10172413793103448 0.47734375 0.09827586206896552 0.47265625 0.09482758620689655 0.471875 0.09137931034482757 0.4765625 0.08793103448275862 0.484375 0.09310344827586206 0.48515625
0 0.21551724137931033 0.46640625 0.22931034482758622 0.46328125 0.20862068965517241 0.4625 0.20689655172413796 0.46484375 0.21551724137931033 0.46640625
0 0.0896551724137931 0.5109375 0.09827586206896552 0.51796875 0.09310344827586206 0.5359375 0.10344827586206898 0.5359375 0.11379310344827587 0.52890625 0.14310344827586208 0.5328125 0.1810344827586207 0.5328125 0.1896551724137931 0.5296875 0.20689655172413796 0.5296875 0.2189655172413793 0.53359375 0.2396551724137931 0.53515625 0.25862068965517243 0.5328125 0.26206896551724135 0.51171875 0.253448275862069 0.50546875 0.253448275862069 0.49765625 0.2603448275862069 0.48671875 0.24655172413793106 0.48515625 0.2482758620689655 0.478125 0.2396551724137931 0.4796875 0.2482758620689655 0.4734375 0.24310344827586206 0.4734375 0.23448275862068962 0.48203125 0.22241379310344828 0.48515625 0.20344827586206896 0.478125 0.21551724137931033 0.4734375 0.20517241379310341 0.4734375 0.21379310344827585 0.46953125 0.2103448275862069 0.46796875 0.19482758620689655 0.47265625 0.1896551724137931 0.46953125 0.19655172413793104 0.4671875 0.18448275862068966 0.46484375 0.18620689655172412 0.46328125 0.1810344827586207 0.465625 0.17241379310344826 0.46484375 0.17586206896551723 0.459375 0.16724137931034483 0.45859375 0.16034482758620688 0.459375 0.14827586206896554 0.4671875 0.1396551724137931 0.4671875 0.14482758620689656 0.4734375 0.1396551724137931 0.4796875 0.13620689655172413 0.47734375 0.12931034482758622 0.48203125 0.1 0.48359375 0.10172413793103448 0.49375 0.0896551724137931 0.5109375
0 0.11379310344827587 0.4625 0.13103448275862067 0.459375 0.1275862068965517 0.45625 0.11724137931034481 0.45625 0.1103448275862069 0.459375 0.10517241379310345 0.4671875 0.11379310344827587 0.4625
0 0.12241379310344827 0.31484375 0.13793103448275862 0.31171875 0.15517241379310345 0.31171875 0.16206896551724137 0.31484375 0.1810344827586207 0.3125 0.2103448275862069 0.31484375 0.22586206896551725 0.31328125 0.2603448275862069 0.31796875 0.3293103448275862 0.31875 0.35172413793103446 0.32265625 0.3758620689655172 0.321875 0.38620689655172413 0.31796875 0.38448275862068965 0.3046875 0.3896551724137931 0.29453125 0.3655172413793103 0.28828125 0.3310344827586207 0.28984375 0.2844827586206896 0.2859375 0.2655172413793103 0.28671875 0.2482758620689655 0.2828125 0.23275862068965517 0.2859375 0.13103448275862067 0.28515625 0.11206896551724137 0.2921875 0.10862068965517242 0.296875 0.10517241379310345 0.30703125 0.12241379310344827 0.31484375
0 0.503448275862069 0.6015625 0.503448275862069 0.5984375 0.496551724137931 0.596875 0.496551724137931 0.60078125 0.503448275862069 0.6015625
0 0.4275862068965517 0.6015625 0.4362068965517241 0.6015625 0.4344827586206897 0.58828125 0.4224137931034483 0.59375 0.4206896551724138 0.5984375 0.4275862068965517 0.6015625
0 0.2793103448275862 0.575 0.28793103448275864 0.56953125 0.29655172413793107 0.56875 0.30517241379310345 0.57109375 0.32068965517241377 0.5703125 0.33448275862068966 0.5734375 0.3413793103448276 0.578125 0.3620689655172414 0.57890625 0.38448275862068965 0.575 0.39827586206896554 0.57578125 0.4051724137931035 0.584375 0.41724137931034483 0.58984375 0.41551724137931034 0.584375 0.4275862068965517 0.58359375 0.4379310344827586 0.57734375 0.45862068965517244 0.57734375 0.48275862068965514 0.59453125 0.48103448275862065 0.596875 0.48869731800766286 0.5961805555555555 0.49137931034482757 0.59375 0.49827586206896546 0.59375 0.506896551724138 0.58828125 0.5155172413793103 0.58828125 0.5155172413793103 0.5828125 0.5310344827586206 0.58515625 0.5327586206896552 0.5953125 0.5431034482758621 0.596875 0.539655172413793 0.6015625 0.5586206896551724 0.596875 0.5706896551724138 0.60234375 0.5862068965517241 0.6 0.5879310344827586 0.603125 0.5982758620689654 0.60390625 0.603448275862069 0.5984375 0.6120689655172413 0.60078125 0.6362068965517241 0.59296875 0.6362068965517241 0.6125 0.65 0.61171875 0.653448275862069 0.6 0.6482758620689655 0.5984375 0.6620689655172414 0.58359375 0.6637931034482759 0.5515625 0.6551724137931034 0.55390625 0.6379310344827587 0.55234375 0.6258620689655172 0.5546875 0.6 0.5484375 0.5672413793103448 0.54609375 0.5568965517241379 0.55390625 0.5465517241379311 0.55390625 0.5362068965517242 0.54609375 0.5189655172413793 0.54453125 0.41896551724137926 0.5421875 0.4017241379310345 0.5390625 0.3603448275862069 0.5421875 0.35 0.53828125 0.3413793103448276 0.540625 0.29310344827586204 0.5390625 0.2844827586206896 0.53671875 0.27241379310344827 0.53828125 0.27586206896551724 0.54453125 0.25862068965517243 0.565625 0.26379310344827583 0.5703125 0.2793103448275862 0.575
0 0.27586206896551724 0.5390625 0.29137931034482756 0.5359375 0.33448275862068966 0.53828125 0.3620689655172414 0.53671875 0.3758620689655172 0.53984375 0.4068965517241379 0.53828125 0.4224137931034483 0.5421875 0.45344827586206893 0.540625 0.496551724137931 0.54453125 0.5137931034482759 0.54375 0.5258620689655172 0.5453125 0.5293103448275862 0.55 0.5344827586206897 0.5484375 0.5379310344827586 0.5515625 0.5603448275862069 0.54921875 0.5706896551724138 0.5453125 0.5982758620689654 0.546875 0.6086206896551725 0.5515625 0.6568965517241379 0.55234375 0.6655172413793103 0.54375 0.6672413793103449 0.521875 0.6620689655172414 0.51796875 0.6051724137931035 0.5171875 0.5896551724137931 0.51171875 0.5844827586206897 0.5140625 0.5327586206896552 0.51484375 0.47241379310344833 0.50859375 0.4637931034482759 0.5109375 0.43275862068965515 0.50859375 0.4017241379310345 0.51015625 0.38620689655172413 0.509375 0.3793103448275862 0.50546875 0.3396551724137931 0.50859375 0.29310344827586204 0.50625 0.27413793103448275 0.509375 0.2706896551724138 0.5234375 0.27586206896551724 0.5390625
0 0.45517241379310347 0.4890625 0.46896551724137925 0.48046875 0.4517241379310345 0.47890625 0.44655172413793104 0.484375 0.45517241379310347 0.4890625
0 0.38448275862068965 0.48984375 0.3931034482758621 0.49375 0.3948275862068965 0.48984375 0.4224137931034483 0.48046875 0.4086206896551724 0.47578125 0.39655172413793105 0.475 0.3689655172413793 0.4796875 0.3689655172413793 0.4921875 0.38448275862068965 0.48984375
0 0.75 0.525 0.753448275862069 0.54140625 0.8896551724137931 0.546875 0.8879310344827586 0.52734375 0.9 0.5203125 0.9 0.509375 0.9068965517241379 0.49921875 0.8931034482758621 0.4828125 0.8827586206896552 0.48203125 0.8724137931034482 0.47734375 0.8517241379310345 0.47734375 0.8482758620689654 0.475 0.8379310344827585 0.47734375 0.8137931034482758 0.475 0.7862068965517242 0.4765625 0.7775862068965517 0.4734375 0.7672413793103449 0.4734375 0.7637931034482759 0.47578125 0.7586206896551724 0.5171875 0.75 0.525
0 0.6758620689655173 0.51796875 0.6827586206896552 0.5203125 0.6775862068965517 0.52265625 0.6965517241379311 0.5203125 0.7137931034482758 0.52421875 0.7189655172413792 0.528125 0.7448275862068965 0.52421875 0.7551724137931035 0.515625 0.756896551724138 0.4953125 0.7086206896551724 0.48984375 0.6913793103448276 0.49140625 0.6793103448275862 0.4890625 0.6758620689655173 0.49140625 0.6741379310344827 0.51171875 0.6758620689655173 0.51796875
0 0.3879310344827586 0.4078125 0.40344827586206894 0.40859375 0.4224137931034483 0.41484375 0.44655172413793104 0.4125 0.4706896551724138 0.41953125 0.4793103448275862 0.41953125 0.5120689655172413 0.4140625 0.5448275862068965 0.42109375 0.5620689655172414 0.41640625 0.5741379310344827 0.41640625 0.5862068965517241 0.4234375 0.5982758620689654 0.425 0.6086206896551725 0.41953125 0.6362068965517241 0.41796875 0.6413793103448275 0.4109375 0.6413793103448275 0.39609375 0.6586206896551724 0.3828125 0.6448275862068965 0.37578125 0.6155172413793103 0.37734375 0.6051724137931035 0.37265625 0.5741379310344827 0.37578125 0.5586206896551724 0.37109375 0.4931034482758621 0.37109375 0.4672413793103448 0.36796875 0.45344827586206893 0.36796875 0.44482758620689655 0.37109375 0.41724137931034483 0.3671875 0.3879310344827586 0.37265625 0.37413793103448273 0.3890625 0.3758620689655172 0.40390625 0.3879310344827586 0.4078125
0 0.69921875 0.4984375 0.0015625 0.00078125
0 0.6741379310344827 0.54375 0.7327586206896551 0.5484375 0.743103448275862 0.546875 0.7482758620689655 0.53828125 0.746551724137931 0.52421875 0.7551724137931035 0.51796875 0.7379310344827587 0.51484375 0.7413793103448276 0.5078125 0.756896551724138 0.51015625 0.7551724137931035 0.4984375 0.7224137931034483 0.49375 0.7051724137931035 0.49765625 0.7224137931034483 0.5 0.7120689655172414 0.509375 0.7 0.50703125 0.6931034482758621 0.51328125 0.6793103448275862 0.50625 0.6827586206896552 0.51015625 0.6758620689655173 0.5125 0.6827586206896552 0.51484375 0.6741379310344827 0.51875 0.6706896551724137 0.525 0.6689655172413793 0.540625 0.6741379310344827 0.54375
0 0.6844827586206896 0.50390625 0.6879310344827586 0.5109375 0.6844827586206896 0.50234375 0.6931034482758621 0.50234375 0.6931034482758621 0.49609375 0.6793103448275862 0.49140625 0.6775862068965517 0.50390625 0.6844827586206896 0.50390625
0 0.33793103448275863 0.359375 0.35344827586206895 0.3625 0.34655172413793106 0.365625 0.3586206896551724 0.36953125 0.3620689655172414 0.35859375 0.34827586206896555 0.35390625 0.33793103448275863 0.3546875 0.33793103448275863 0.359375
0 0.11551724137931034 0.35546875 0.12413793103448276 0.359375 0.12931034482758622 0.35546875 0.1568965517241379 0.35546875 0.16379310344827586 0.3515625 0.18448275862068966 0.359375 0.22758620689655173 0.35625 0.23620689655172417 0.359375 0.2482758620689655 0.36015625 0.25 0.3578125 0.253448275862069 0.3609375 0.26379310344827583 0.3609375 0.27241379310344827 0.35625 0.2810344827586207 0.35625 0.28793103448275864 0.36171875 0.3103448275862069 0.3625 0.3137931034482758 0.3578125 0.3103448275862069 0.35234375 0.30344827586206896 0.35078125 0.30689655172413793 0.346875 0.3275862068965517 0.35078125 0.35172413793103446 0.34921875 0.3689655172413793 0.35234375 0.3758620689655172 0.34140625 0.37413793103448273 0.3328125 0.38275862068965516 0.32421875 0.34827586206896555 0.32421875 0.3293103448275862 0.3203125 0.30689655172413793 0.32109375 0.2827586206896552 0.31796875 0.26206896551724135 0.31953125 0.24655172413793106 0.31640625 0.1879310344827586 0.31328125 0.16379310344827586 0.31640625 0.14655172413793102 0.3125 0.12068965517241378 0.31640625 0.10862068965517242 0.32578125 0.11206896551724137 0.34921875 0.11551724137931034 0.35546875
0 0.75 0.52421875 0.753448275862069 0.5421875 0.8189655172413793 0.54375 0.8482758620689654 0.546875 0.8913793103448275 0.54609375 0.8896551724137931 0.52734375 0.9 0.5203125 0.8982758620689655 0.50625 0.8724137931034482 0.50390625 0.8551724137931034 0.51015625 0.8551724137931034 0.5046875 0.8517241379310345 0.5125 0.8293103448275861 0.51796875 0.8172413793103448 0.5125 0.8155172413793104 0.50390625 0.7965517241379311 0.50546875 0.7931034482758621 0.5015625 0.7827586206896552 0.49921875 0.7620689655172413 0.50078125 0.7603448275862068 0.503125 0.7586206896551724 0.51640625 0.75 0.52421875
0 0.128125 0.559375 0.00546875 0.00078125
0 0.11896551724137931 0.56015625 0.10517241379310345 0.5578125 0.10344827586206898 0.56015625 0.11896551724137931 0.56015625
0 0.18448275862068966 0.56015625 0.19827586206896552 0.55703125 0.2 0.55 0.19482758620689655 0.54609375 0.18275862068965515 0.546875 0.1793103448275862 0.55 0.17758620689655172 0.5546875 0.18448275862068966 0.56015625
0 0.0896551724137931 0.5359375 0.11551724137931034 0.54375 0.11896551724137931 0.55390625 0.12241379310344827 0.5515625 0.13448275862068965 0.55546875 0.13793103448275862 0.56015625 0.14482758620689656 0.56015625 0.15344827586206897 0.54765625 0.17758620689655172 0.5390625 0.19655172413793104 0.5390625 0.21724137931034485 0.54375 0.23275862068965517 0.54140625 0.23448275862068962 0.54609375 0.22931034482758622 0.546875 0.22413793103448273 0.55390625 0.22931034482758622 0.56015625 0.24137931034482757 0.5640625 0.2603448275862069 0.55390625 0.26206896551724135 0.5125 0.2517241379310345 0.50859375 0.25 0.49375 0.2103448275862069 0.49453125 0.19827586206896552 0.490625 0.1810344827586207 0.490625 0.1568965517241379 0.4953125 0.15 0.490625 0.13103448275862067 0.48984375 0.11551724137931034 0.4953125 0.10517241379310345 0.49453125 0.09137931034482757 0.50859375 0.09655172413793103 0.52421875 0.0896551724137931 0.5359375
0 0.13793103448275862 0.365625 0.13275862068965516 0.36875 0.1396551724137931 0.37578125 0.14482758620689656 0.36875 0.15344827586206897 0.3734375 0.1568965517241379 0.36171875 0.22241379310344828 0.36171875 0.22758620689655173 0.3640625 0.26379310344827583 0.365625 0.2689655172413793 0.36796875 0.29310344827586204 0.36953125 0.30344827586206896 0.36640625 0.3086206896551724 0.36953125 0.3396551724137931 0.36953125 0.35172413793103446 0.37265625 0.36724137931034484 0.37109375 0.37758620689655176 0.36640625 0.37241379310344824 0.34453125 0.3620689655172414 0.346875 0.31896551724137934 0.34609375 0.3137931034482758 0.34375 0.2827586206896552 0.34453125 0.26724137931034486 0.340625 0.23275862068965517 0.34140625 0.21724137931034485 0.3375 0.19827586206896552 0.33828125 0.17413793103448277 0.334375 0.12931034482758622 0.334375 0.11206896551724137 0.3375 0.10517241379310345 0.35546875 0.13793103448275862 0.365625
0 0.2706896551724138 0.484375 0.27586206896551724 0.48125 0.27413793103448275 0.4765625 0.25862068965517243 0.4703125 0.2603448275862069 0.48046875 0.2706896551724138 0.484375
0 0.2103448275862069 0.45234375 0.22586206896551725 0.45078125 0.2482758620689655 0.4546875 0.2551724137931034 0.4625 0.26206896551724135 0.46015625 0.2810344827586207 0.46484375 0.28620689655172415 0.46171875 0.29655172413793107 0.4625 0.30344827586206896 0.459375 0.3155172413793103 0.44609375 0.3275862068965517 0.44375 0.33448275862068966 0.4390625 0.35 0.43984375 0.3586206896551724 0.45390625 0.3758620689655172 0.4546875 0.41034482758620683 0.4359375 0.4241379310344827 0.42421875 0.4068965517241379 0.41484375 0.38448275862068965 0.41328125 0.36724137931034484 0.40390625 0.35172413793103446 0.403125 0.3413793103448276 0.4078125 0.3120689655172414 0.4109375 0.2775862068965517 0.4203125 0.2706896551724138 0.41953125 0.2706896551724138 0.4109375 0.24655172413793106 0.41484375 0.24137931034482757 0.41953125 0.22931034482758622 0.415625 0.20344827586206896 0.4265625 0.2 0.4484375 0.2103448275862069 0.45234375
0 0.8482758620689654 0.540625 0.85 0.53828125 0.8448275862068966 0.53671875 0.8431034482758621 0.53984375 0.8482758620689654 0.540625
0 0.8551724137931034 0.53359375 0.85 0.53203125 0.8448275862068966 0.5328125 0.8551724137931034 0.53359375
0 0.8017241379310345 0.5203125 0.8344827586206897 0.52578125 0.85 0.52421875 0.8758620689655172 0.53046875 0.9 0.52265625 0.9017241379310346 0.50546875 0.8793103448275861 0.50078125 0.8517241379310345 0.50234375 0.8275862068965518 0.49921875 0.8017241379310345 0.5 0.7862068965517242 0.496875 0.7620689655172413 0.496875 0.756896551724138 0.5046875 0.753448275862069 0.5203125 0.8017241379310345 0.5203125
0 0.7586206896551724 0.3640625 0.7982758620689655 0.36484375 0.8120689655172413 0.36796875 0.8482758620689654 0.365625 0.8551724137931034 0.36796875 0.8672413793103448 0.36015625 0.8655172413793103 0.35 0.85 0.3453125 0.8344827586206897 0.346875 0.8137931034482758 0.34453125 0.7948275862068965 0.34765625 0.7620689655172413 0.34453125 0.753448275862069 0.35 0.7517241379310344 0.3609375 0.7586206896551724 0.3640625
0 0.5879310344827586 0.5640625 0.5879310344827586 0.55390625 0.5775862068965517 0.553125 0.5689655172413792 0.55546875 0.5706896551724138 0.5640625 0.5879310344827586 0.5640625
0 0.27241379310344827 0.509375 0.27241379310344827 0.5390625 0.2775862068965517 0.5421875 0.28620689655172415 0.53984375 0.29137931034482756 0.54453125 0.30344827586206896 0.53828125 0.34827586206896555 0.53828125 0.35517241379310344 0.54296875 0.3706896551724138 0.53984375 0.4 0.53984375 0.41896551724137926 0.54375 0.4344827586206897 0.5421875 0.43103448275862066 0.55546875 0.4379310344827586 0.55390625 0.4517241379310345 0.55859375 0.45517241379310347 0.55234375 0.4603448275862069 0.55390625 0.48793103448275865 0.54921875 0.506896551724138 0.56953125 0.5258620689655172 0.56875 0.5413793103448276 0.55546875 0.5568965517241379 0.5546875 0.5689655172413792 0.5484375 0.5793103448275863 0.54921875 0.5810344827586207 0.5515625 0.596551724137931 0.5484375 0.6051724137931035 0.5546875 0.6293103448275862 0.55234375 0.653448275862069 0.5546875 0.6620689655172414 0.55 0.6672413793103449 0.49609375 0.6637931034482759 0.49453125 0.6517241379310345 0.496875 0.646551724137931 0.49375 0.6396551724137931 0.49765625 0.6293103448275862 0.4984375 0.6206896551724138 0.4953125 0.6155172413793103 0.48515625 0.6051724137931035 0.48203125 0.5775862068965517 0.48125 0.5724137931034483 0.484375 0.5603448275862069 0.4828125 0.5534482758620689 0.4890625 0.5431034482758621 0.48046875 0.5310344827586206 0.47890625 0.48793103448275865 0.478125 0.48275862068965514 0.47578125 0.4568965517241379 0.47421875 0.41724137931034483 0.47578125 0.4051724137931035 0.47265625 0.3896551724137931 0.47265625 0.37241379310344824 0.4765625 0.35 0.47578125 0.3448275862068965 0.4796875 0.33448275862068966 0.475 0.3120689655172414 0.47265625 0.29655172413793107 0.48125 0.2844827586206896 0.48046875 0.2655172413793103 0.4953125 0.26379310344827583 0.50234375 0.27241379310344827 0.509375
0 0.7931034482758621 0.47265625 0.8310344827586207 0.4765625 0.8482758620689654 0.47421875 0.8534482758620691 0.4765625 0.8741379310344828 0.47734375 0.8827586206896552 0.48125 0.9 0.48125 0.9137931034482758 0.47734375 0.9137931034482758 0.45546875 0.9017241379310346 0.45859375 0.8741379310344828 0.4578125 0.8551724137931034 0.45390625 0.8310344827586207 0.45546875 0.7689655172413793 0.45234375 0.7672413793103449 0.45625 0.7672413793103449 0.47265625 0.7931034482758621 0.47265625
0 0.91328125 0.45 0.0015625 0.0015625
0 0.9068965517241379 0.44453125 0.9017241379310346 0.44140625 0.8982758620689655 0.4421875 0.9068965517241379 0.44453125
0 0.8724137931034482 0.43515625 0.8620689655172413 0.43671875 0.8879310344827586 0.43984375 0.8827586206896552 0.43515625 0.8758620689655172 0.4375 0.8724137931034482 0.43515625
0 0.09655172413793103 0.459375 0.08793103448275862 0.48046875 0.08793103448275862 0.484375 0.09482758620689655 0.48671875 0.10344827586206898 0.4890625 0.11551724137931034 0.48671875 0.14310344827586208 0.48671875 0.16034482758620688 0.48984375 0.16551724137931034 0.4875 0.20862068965517241 0.490625 0.2482758620689655 0.4890625 0.25862068965517243 0.49140625 0.27586206896551724 0.48046875 0.2655172413793103 0.47109375 0.253448275862069 0.47109375 0.2482758620689655 0.4671875 0.25689655172413794 0.4578125 0.25862068965517243 0.446875 0.26724137931034486 0.4421875 0.2810344827586207 0.4421875 0.2844827586206896 0.45390625 0.30344827586206896 0.4546875 0.3155172413793103 0.44375 0.3275862068965517 0.4421875 0.33793103448275863 0.43359375 0.35172413793103446 0.4328125 0.3568965517241379 0.440625 0.37241379310344824 0.44921875 0.37241379310344824 0.453125 0.39655172413793105 0.4359375 0.41034482758620683 0.43203125 0.41896551724137926 0.421875 0.4 0.41484375 0.3948275862068965 0.415625 0.3948275862068965 0.4203125 0.38620689655172413 0.41796875 0.3793103448275862 0.4203125 0.37758620689655176 0.4109375 0.3655172413793103 0.4046875 0.35344827586206895 0.4046875 0.3310344827586207 0.41171875 0.30517241379310345 0.4125 0.29310344827586204 0.4171875 0.27413793103448275 0.41015625 0.22413793103448273 0.4109375 0.2189655172413793 0.4140625 0.2 0.41484375 0.16379310344827586 0.428125 0.13103448275862067 0.42734375 0.11724137931034481 0.4296875 0.09482758620689655 0.44375 0.08620689655172413 0.45234375 0.09655172413793103 0.459375
0 0.3578125 0.66328125 0.0015625 0.0015625
0 0.25689655172413794 0.5953125 0.27586206896551724 0.6015625 0.2775862068965517 0.60859375 0.2603448275862069 0.6234375 0.26724137931034486 0.62890625 0.26206896551724135 0.64375 0.27241379310344827 0.64375 0.27241379310344827 0.65234375 0.26206896551724135 0.648828125 0.26206896551724135 0.65390625 0.2844827586206896 0.6515625 0.28793103448275864 0.65546875 0.29655172413793107 0.653125 0.3103448275862069 0.65859375 0.3258620689655172 0.6578125 0.33793103448275863 0.66015625 0.34655172413793106 0.65625 0.35172413793103446 0.6609375 0.3758620689655172 0.66171875 0.38275862068965516 0.6609375 0.38620689655172413 0.65703125 0.3931034482758621 0.6609375 0.41206896551724137 0.66171875 0.41896551724137926 0.65 0.43275862068965515 0.6484375 0.45344827586206893 0.6640625 0.506896551724138 0.66484375 0.5172413793103449 0.66796875 0.5293103448275862 0.66640625 0.5413793103448276 0.66953125 0.5844827586206897 0.671875 0.603448275862069 0.66796875 0.6103448275862069 0.675 0.6189655172413793 0.6734375 0.6224137931034484 0.66796875 0.6379310344827587 0.66875 0.6396551724137931 0.65078125 0.6327586206896552 0.646875 0.6362068965517241 0.64375 0.6431034482758621 0.6453125 0.646551724137931 0.63984375 0.6603448275862068 0.5875 0.6603448275862068 0.565625 0.653448275862069 0.565625 0.6517241379310345 0.559375 0.6379310344827587 0.56015625 0.6327586206896552 0.5578125 0.6258620689655172 0.56171875 0.6120689655172413 0.56015625 0.6068965517241379 0.55859375 0.6051724137931035 0.55078125 0.5689655172413792 0.54765625 0.5637931034482759 0.5515625 0.5637931034482759 0.565625 0.5413793103448276 0.559375 0.5362068965517242 0.54765625 0.5224137931034483 0.5453125 0.49137931034482757 0.546875 0.47413793103448276 0.54375 0.43275862068965515 0.5421875 0.4206896551724138 0.54453125 0.4068965517241379 0.540625 0.3896551724137931 0.53984375 0.3706896551724138 0.54140625 0.3620689655172414 0.54921875 0.35 0.5515625 0.34310344827586203 0.55 0.33275862068965517 0.5390625 0.3086206896551724 0.5390625 0.3 0.54453125 0.29482758620689653 0.5546875 0.28620689655172415 0.553125 0.2844827586206896 0.55625 0.2793103448275862 0.55625 0.27241379310344827 0.5515625 0.26379310344827583 0.559375 0.2655172413793103 0.5734375 0.25689655172413794 0.5953125
0 0.425 0.5125 0.0015625 0.00078125
0 0.4672413793103448 0.49140625 0.4603448275862069 0.48671875 0.4672413793103448 0.484375 0.46551724137931033 0.48125 0.45517241379310347 0.47734375 0.45517241379310347 0.48515625 0.4672413793103448 0.49140625
0 0.6827586206896552 0.596875 0.7275862068965517 0.596875 0.7413793103448276 0.5703125 0.746551724137931 0.54296875 0.7396551724137931 0.5390625 0.746551724137931 0.5380210937500001 0.746551724137931 0.5328125 0.7413793103448276 0.5328125 0.7448275862068965 0.5265625 0.7396551724137931 0.52578125 0.7344827586206897 0.54296875 0.7051724137931035 0.54453125 0.6810344827586207 0.54140625 0.6689655172413793 0.546875 0.6655172413793103 0.59453125 0.6827586206896552 0.596875
0 0.0896551724137931 0.5359375 0.10517241379310345 0.5421875 0.09655172413793103 0.5609375 0.24482758620689654 0.5671875 0.2655172413793103 0.54921875 0.26206896551724135 0.51171875 0.2517241379310345 0.50546875 0.2517241379310345 0.49296875 0.20862068965517241 0.49296875 0.20172413793103447 0.48984375 0.15517241379310345 0.490625 0.1413793103448276 0.48828125 0.10862068965517242 0.48984375 0.09137931034482757 0.5078125 0.09655172413793103 0.52421875 0.0896551724137931 0.5359375
0 0.16896551724137931 0.4609375 0.16724137931034483 0.459375 0.16206896551724137 0.46015625 0.16896551724137931 0.4609375
0 0.12241379310344827 0.38671875 0.12413793103448276 0.39375 0.13448275862068965 0.4 0.1413793103448276 0.3984375 0.14310344827586208 0.390625 0.15517241379310345 0.384375 0.16551724137931034 0.38671875 0.16379310344827586 0.39375 0.17413793103448277 0.40078125 0.1793103448275862 0.40078125 0.18448275862068966 0.39765625 0.18448275862068966 0.38984375 0.19310344827586207 0.38671875 0.2206896551724138 0.3859375 0.2396551724137931 0.38984375 0.2793103448275862 0.38828125 0.2844827586206896 0.39140625 0.32068965517241377 0.38984375 0.3275862068965517 0.39296875 0.3568965517241379 0.39375 0.3655172413793103 0.3921875 0.3758620689655172 0.38203125 0.3758620689655172 0.378125 0.3655172413793103 0.3734375 0.34827586206896555 0.37109375 0.33793103448275863 0.36484375 0.32413793103448274 0.36875 0.31724137931034485 0.36484375 0.3 0.3640625 0.2896551724137931 0.3671875 0.2103448275862069 0.3609375 0.17758620689655172 0.36171875 0.1706896551724138 0.359375 0.16379310344827586 0.36171875 0.13103448275862067 0.36171875 0.12413793103448276 0.36953125 0.1103448275862069 0.375 0.10862068965517242 0.38046875 0.12241379310344827 0.38671875
0 0.3896551724137931 0.3703125 0.44827586206896547 0.3703125 0.45344827586206893 0.36796875 0.48275862068965514 0.36796875 0.49137931034482757 0.3703125 0.5189655172413793 0.36875 0.5362068965517242 0.37265625 0.5362068965517242 0.378125 0.5413793103448276 0.378125 0.55 0.371875 0.5603448275862069 0.371875 0.5672413793103448 0.375 0.6051724137931035 0.3734375 0.6241379310344828 0.3765625 0.646551724137931 0.37421875 0.6689655172413793 0.35703125 0.6672413793103449 0.34375 0.6517241379310345 0.35 0.6448275862068965 0.35 0.6327586206896552 0.34765625 0.6068965517241379 0.3484375 0.5431034482758621 0.34375 0.5258620689655172 0.34609375 0.496551724137931 0.34296875 0.46206896551724136 0.34453125 0.44827586206896547 0.340625 0.43103448275862066 0.34453125 0.4017241379310345 0.33984375 0.38448275862068965 0.34375 0.3793103448275862 0.3484375 0.37758620689655176 0.36328125 0.3896551724137931 0.3703125
0 0.1 0.5171875 0.10862068965517242 0.51796875 0.11896551724137931 0.5140625 0.14827586206896554 0.5203125 0.17413793103448277 0.51484375 0.19827586206896552 0.51953125 0.2189655172413793 0.5171875 0.22586206896551725 0.521875 0.22586206896551725 0.51875 0.24482758620689654 0.5203125 0.2482758620689655 0.5234375 0.2603448275862069 0.51953125 0.26206896551724135 0.515625 0.253448275862069 0.50703125 0.25689655172413794 0.490625 0.24482758620689654 0.49140625 0.22931034482758622 0.48671875 0.21724137931034485 0.48671875 0.21206896551724136 0.48984375 0.20517241379310341 0.48671875 0.17758620689655172 0.4890625 0.12931034482758622 0.48515625 0.10344827586206898 0.48671875 0.0896551724137931 0.51015625 0.1 0.5171875
0 0.2921875 0.459375 0.0015625 0.0015625
0 0.3413793103448276 0.4421875 0.34310344827586203 0.45234375 0.33620689655172414 0.45390625 0.3310344827586207 0.4515625 0.33275862068965517 0.45390625 0.3103448275862069 0.45546875 0.3103448275862069 0.459375 0.32068965517241377 0.459375 0.3275862068965517 0.4640625 0.33275862068965517 0.46328125 0.3448275862068965 0.46796875 0.35517241379310344 0.46640625 0.3810344827586207 0.4703125 0.40344827586206894 0.4671875 0.41724137931034483 0.46796875 0.4275862068965517 0.471875 0.4793103448275862 0.471875 0.5051724137931035 0.4765625 0.5327586206896552 0.47421875 0.55 0.48203125 0.5568965517241379 0.4796875 0.5775862068965517 0.48203125 0.5913793103448276 0.478125 0.6224137931034484 0.484375 0.6741379310344827 0.48125 0.6741379310344827 0.4265625 0.6603448275862068 0.4328125 0.6482758620689655 0.434375 0.6379310344827587 0.43203125 0.6310344827586206 0.42421875 0.6172413793103448 0.42265625 0.596551724137931 0.4328125 0.5879310344827586 0.43359375 0.5810344827586207 0.43046875 0.5758620689655173 0.42109375 0.5637931034482759 0.41953125 0.5465517241379311 0.43203125 0.5327586206896552 0.434375 0.5155172413793103 0.41796875 0.496551724137931 0.41953125 0.48103448275862065 0.4265625 0.47241379310344833 0.42578125 0.4517241379310345 0.4171875 0.4413793103448276 0.41875 0.43103448275862066 0.425 0.4206896551724138 0.425 0.4068965517241379 0.43515625 0.41034482758620683 0.4390625 0.3931034482758621 0.4421875 0.4017241379310345 0.44296875 0.4 0.44765625 0.38275862068965516 0.453125 0.3793103448275862 0.45 0.3706896551724138 0.44921875 0.3706896551724138 0.44453125 0.35517241379310344 0.4328125 0.3603448275862069 0.4390625 0.3413793103448276 0.4421875
0 0.4017241379310345 0.41953125 0.4086206896551724 0.421875 0.4051724137931035 0.41484375 0.3879310344827586 0.4140625 0.38275862068965516 0.4203125 0.4017241379310345 0.41953125
0 0.4068965517241379 0.3171875 0.4275862068965517 0.3125 0.45 0.31875 0.4637931034482759 0.31484375 0.4775862068965517 0.31484375 0.5155172413793103 0.315625 0.5482758620689655 0.32109375 0.5724137931034483 0.31796875 0.5879310344827586 0.32265625 0.6086206896551725 0.31875 0.6293103448275862 0.321875 0.6603448275862068 0.321875 0.6879310344827586 0.31015625 0.6879310344827586 0.29921875 0.6706896551724137 0.290625 0.6362068965517241 0.29375 0.6258620689655172 0.28984375 0.5672413793103448 0.29140625 0.539655172413793 0.28828125 0.5258620689655172 0.29140625 0.5 0.2859375 0.47241379310344833 0.28828125 0.4637931034482759 0.28515625 0.4413793103448276 0.284375 0.41724137931034483 0.28515625 0.3948275862068965 0.29140625 0.3896551724137931 0.309375 0.4068965517241379 0.3171875
0 0.11551724137931034 0.34609375 0.11206896551724137 0.3515625 0.11724137931034481 0.35078125 0.11810344827586208 0.352734375 0.11551724137931034 0.34609375
0 0.12068965517241378 0.359375 0.11886838271005343 0.35469850352112675 0.11206896551724137 0.35546875 0.12068965517241378 0.359375
0 0.12241379310344827 0.4109375 0.12413793103448276 0.4171875 0.11379310344827587 0.42109375 0.11724137931034481 0.425 0.12586206896551724 0.425 0.12931034482758622 0.421875 0.15172413793103448 0.42265625 0.16379310344827586 0.41875 0.1810344827586207 0.41875 0.19827586206896552 0.41015625 0.20862068965517241 0.41171875 0.22241379310344828 0.4078125 0.25 0.409375 0.2689655172413793 0.40625 0.2896551724137931 0.41328125 0.3155172413793103 0.40703125 0.3275862068965517 0.409375 0.3655172413793103 0.40078125 0.3758620689655172 0.375 0.3620689655172414 0.3734375 0.3603448275862069 0.3703125 0.3689655172413793 0.36953125 0.3655172413793103 0.36875 0.37241379310344824 0.3484375 0.3689655172413793 0.34375 0.3620689655172414 0.346875 0.34310344827586203 0.346875 0.33448275862068966 0.34921875 0.31896551724137934 0.3484375 0.30689655172413793 0.34453125 0.2844827586206896 0.34765625 0.28620689655172415 0.35234375 0.29310344827586204 0.35 0.3258620689655172 0.3515625 0.3120689655172414 0.36328125 0.2982758620689655 0.36328125 0.29310344827586204 0.36640625 0.27413793103448275 0.36484375 0.2603448275862069 0.35703125 0.2551724137931034 0.35859375 0.2551724137931034 0.36328125 0.22413793103448273 0.3625 0.2206896551724138 0.359375 0.18275862068965515 0.3609375 0.1706896551724138 0.35625 0.16379310344827586 0.36171875 0.14310344827586208 0.3578125 0.13103448275862067 0.3609375 0.12413793103448276 0.36953125 0.10862068965517242 0.3765625 0.10689655172413792 0.40078125 0.12241379310344827 0.4109375
0 0.1765625 0.34453125 0.0015625 0.0015625
0 0.24482758620689654 0.3515625 0.25689655172413794 0.34921875 0.26206896551724135 0.35390625 0.27241379310344827 0.34609375 0.253448275862069 0.3421875 0.24137931034482757 0.34453125 0.2396551724137931 0.34921875 0.24482758620689654 0.3515625
0 0.21379310344827585 0.3421875 0.20517241379310341 0.340625 0.20517241379310341 0.34453125 0.21379310344827585 0.3421875
0 0.18448275862068966 0.33828125 0.1793103448275862 0.3375 0.17758620689655172 0.340625 0.18448275862068966 0.33828125
0 0.16896551724137931 0.340625 0.16206896551724137 0.34453125 0.16379310344827586 0.35078125 0.17241379310344826 0.33828125 0.16379310344827586 0.3375 0.16206896551724137 0.33984375 0.16896551724137931 0.340625
0 0.23671875 0.3171875 0.0015625 0.00078125
0 0.31896551724137934 0.43828125 0.3275862068965517 0.4390625 0.3275862068965517 0.43515625 0.31724137931034485 0.43515625 0.31896551724137934 0.43828125
0 0.3109375 0.43203125 0.0015625 0.0015625
0 0.34655172413793106 0.425 0.3413793103448276 0.42265625 0.35172413793103446 0.42109375 0.34827586206896555 0.4109375 0.3396551724137931 0.4140625 0.33620689655172414 0.425 0.34655172413793106 0.425
0 0.08793103448275862 0.484375 0.10172413793103448 0.4890625 0.09827586206896552 0.503125 0.09137931034482757 0.50859375 0.09827586206896552 0.51875 0.09137931034482757 0.5359375 0.10862068965517242 0.54296875 0.09827586206896552 0.56015625 0.24310344827586206 0.56640625 0.26379310344827583 0.55 0.26379310344827583 0.5125 0.253448275862069 0.5046875 0.253448275862069 0.5 0.2603448275862069 0.48984375 0.27413793103448275 0.48046875 0.26379310344827583 0.47265625 0.25689655172413794 0.4734375 0.2482758620689655 0.46953125 0.253448275862069 0.453125 0.26379310344827583 0.44140625 0.28620689655172415 0.43515625 0.30517241379310345 0.42265625 0.3137931034482758 0.42734375 0.32068965517241377 0.421875 0.31896551724137934 0.41796875 0.3258620689655172 0.41484375 0.30689655172413793 0.41484375 0.2982758620689655 0.42421875 0.29482758620689653 0.42109375 0.2844827586206896 0.41953125 0.2793103448275862 0.4125 0.2706896551724138 0.4109375 0.23103448275862068 0.41328125 0.2206896551724138 0.4203125 0.19827586206896552 0.4171875 0.16034482758620688 0.4296875 0.12413793103448276 0.4296875 0.10172413793103448 0.4375 0.0896551724137931 0.44921875 0.09482758620689655 0.47109375 0.08793103448275862 0.484375
0 0.3586206896551724 0.42578125 0.3620689655172414 0.4203125 0.37241379310344824 0.41953125 0.37413793103448273 0.41640625 0.3689655172413793 0.4078125 0.3603448275862069 0.4078125 0.35517241379310344 0.4140625 0.3586206896551724 0.42578125
0 0.7793103448275862 0.3671875 0.7931034482758621 0.375 0.803448275862069 0.375 0.8206896551724137 0.36875 0.8362068965517242 0.37578125 0.846551724137931 0.37578125 0.8672413793103448 0.365625 0.8672413793103448 0.33671875 0.8362068965517242 0.3359375 0.8206896551724137 0.33125 0.7982758620689655 0.33125 0.7844827586206897 0.33515625 0.7586206896551724 0.33359375 0.7551724137931035 0.33671875 0.7551724137931035 0.3734375 0.7793103448275862 0.3671875
0 0.6827586206896552 0.596875 0.7258620689655173 0.596875 0.7310344827586206 0.5953125 0.7413793103448276 0.56875 0.7482758620689655 0.52265625 0.756896551724138 0.509375 0.753448275862069 0.4953125 0.7120689655172414 0.490625 0.6775862068965517 0.49140625 0.6706896551724137 0.53515625 0.6655172413793103 0.59453125 0.6827586206896552 0.596875
0 0.7689655172413793 0.44921875 0.7603448275862068 0.51171875 0.75 0.52578125 0.753448275862069 0.540625 0.8413793103448276 0.54609375 0.8896551724137931 0.54609375 0.8862068965517242 0.528125 0.9 0.51875 0.9 0.50546875 0.9051724137931034 0.5015625 0.8965517241379309 0.4828125 0.9120689655172413 0.47734375 0.9120689655172413 0.4625 0.9172413793103449 0.45625 0.9068965517241379 0.440625 0.8982758620689655 0.43828125 0.8965517241379309 0.43359375 0.8896551724137931 0.43515625 0.8810344827586206 0.43203125 0.8603448275862069 0.43203125 0.8551724137931034 0.428125 0.8448275862068966 0.4265625 0.8362068965517242 0.43046875 0.7689655172413793 0.42734375 0.7620689655172413 0.4296875 0.7603448275862068 0.434375 0.7620689655172413 0.44375 0.7689655172413793 0.44921875
0 0.7155172413793103 0.41484375 0.7120689655172414 0.41171875 0.7086206896551724 0.4140625 0.7155172413793103 0.41484375
0 0.810344827586207 0.41875 0.8137931034482758 0.41328125 0.8086206896551724 0.41328125 0.810344827586207 0.4109375 0.8068965517241379 0.4140625 0.8 0.41171875 0.7982758620689655 0.41484375 0.810344827586207 0.41875
0 0.9086206896551724 0.42109375 0.9155172413793103 0.41171875 0.9068965517241379 0.40859375 0.9017241379310346 0.41171875 0.9086206896551724 0.42109375
0 0.8620689655172413 0.421875 0.8689655172413794 0.425 0.8689655172413794 0.4078125 0.8637931034482758 0.4078125 0.8586206896551725 0.41328125 0.8534482758620691 0.409375 0.8448275862068966 0.409375 0.846551724137931 0.42109375 0.8620689655172413 0.421875
0 0.8017241379310345 0.40390625 0.8086206896551724 0.40625 0.8096478356566397 0.4059009308510638 0.8017241379310345 0.40390625
0 0.8172413793103448 0.4078125 0.8155172413793104 0.40390625 0.8096478356566397 0.4059009308510638 0.8172413793103448 0.4078125
0 0.71171875 0.4046875 0.00703125 0.0015625
0 0.756896551724138 0.40703125 0.756896551724138 0.41171875 0.746551724137931 0.41171875 0.7482758620689655 0.41484375 0.7620689655172413 0.41875 0.7689655172413793 0.41328125 0.7586206896551724 0.4125 0.7586206896551724 0.40703125 0.7706896551724138 0.40625 0.7706896551724138 0.40390625 0.7603448275862068 0.40625 0.7586206896551724 0.403125 0.7517241379310344 0.4046875 0.746551724137931 0.40625 0.756896551724138 0.40703125
0 0.9103448275862069 0.40390625 0.9103448275862069 0.3953125 0.9051724137931034 0.40078125 0.9103448275862069 0.40390625
0 0.8827586206896552 0.3921875 0.8896551724137931 0.39140625 0.9 0.38359375 0.9 0.37578125 0.8896551724137931 0.371875 0.8827586206896552 0.37890625 0.8758620689655172 0.371875 0.8724137931034482 0.38671875 0.8827586206896552 0.3921875
0 0.3258620689655172 0.4140625 0.32413793103448274 0.41171875 0.3103448275862069 0.41484375 0.3103448275862069 0.41953125 0.3258620689655172 0.4140625
0 0.1 0.4578125 0.12413793103448276 0.45234375 0.15172413793103448 0.4578125 0.1810344827586207 0.45625 0.19137931034482758 0.4609375 0.2189655172413793 0.4578125 0.24655172413793106 0.4609375 0.2551724137931034 0.4453125 0.2775862068965517 0.43515625 0.2827586206896552 0.425 0.3 0.4171875 0.29310344827586204 0.41953125 0.27586206896551724 0.409375 0.22586206896551725 0.41015625 0.1896551724137931 0.41796875 0.16724137931034483 0.42890625 0.13620689655172413 0.4265625 0.11551724137931034 0.4296875 0.09827586206896552 0.43984375 0.08620689655172413 0.45234375 0.1 0.4578125
0 0.09482758620689655 0.45859375 0.08620689655172413 0.484375 0.10172413793103448 0.4890625 0.14310344827586208 0.48671875 0.15344827586206897 0.4890625 0.23275862068965517 0.4890625 0.25689655172413794 0.49140625 0.27241379310344827 0.48203125 0.2706896551724138 0.47734375 0.2482758620689655 0.4703125 0.2482758620689655 0.4640625 0.25689655172413794 0.44609375 0.27586206896551724 0.43515625 0.28620689655172415 0.421875 0.2793103448275862 0.41171875 0.22413793103448273 0.41171875 0.19310344827586207 0.4171875 0.16551724137931034 0.42734375 0.1396551724137931 0.4265625 0.11551724137931034 0.4296875 0.09827586206896552 0.4390625 0.08620689655172413 0.4515625 0.09482758620689655 0.45859375
0 0.6689655172413793 0.3734375 0.6603448275862068 0.37578125 0.6724137931034483 0.3765625 0.6724137931034483 0.371875 0.6844827586206896 0.36953125 0.6982758620689655 0.3625 0.6741379310344827 0.353125 0.6637931034482759 0.365625 0.6603448275862068 0.3703125 0.6689655172413793 0.3734375
0 0.6706896551724137 0.5390625 0.6793103448275862 0.54453125 0.6965517241379311 0.54375 0.7293103448275862 0.546875 0.743103448275862 0.54453125 0.7448275862068965 0.525 0.7551724137931035 0.51640625 0.7620689655172413 0.453125 0.753448275862069 0.43515625 0.7448275862068965 0.42890625 0.7155172413793103 0.42890625 0.6982758620689655 0.43203125 0.6844827586206896 0.428125 0.6827586206896552 0.43046875 0.6862068965517241 0.45234375 0.6706896551724137 0.5390625
0 0.753448275862069 0.5421875 0.8258620689655173 0.54453125 0.8396551724137931 0.546875 0.8913793103448275 0.54609375 0.8827586206896552 0.52421875 0.8344827586206897 0.5234375 0.8172413793103448 0.51953125 0.7637931034482759 0.5171875 0.7551724137931035 0.5203125 0.75 0.525 0.753448275862069 0.5421875
0 0.653448275862069 0.425 0.6620689655172414 0.42109375 0.6775862068965517 0.41953125 0.6844827586206896 0.425 0.7017241379310344 0.4265625 0.7120689655172414 0.425 0.743103448275862 0.42578125 0.7586206896551724 0.4296875 0.8344827586206897 0.4296875 0.8431034482758621 0.4328125 0.8517241379310345 0.43046875 0.8706896551724137 0.43125 0.8965517241379309 0.4375 0.9206896551724137 0.434375 0.9275862068965518 0.43046875 0.9258620689655173 0.4140625 0.9327586206896552 0.40703125 0.9241379310344827 0.3921875 0.9103448275862069 0.375 0.8844827586206897 0.36796875 0.8568965517241379 0.371875 0.8448275862068966 0.37890625 0.8344827586206897 0.3796875 0.8224137931034482 0.37109375 0.7965517241379311 0.378125 0.7810344827586206 0.3703125 0.7741379310344827 0.3703125 0.7551724137931035 0.37734375 0.743103448275862 0.36875 0.7327586206896551 0.36875 0.7155172413793103 0.3765625 0.6965517241379311 0.365625 0.6637931034482759 0.3828125 0.6482758620689655 0.4 0.646551724137931 0.4203125 0.653448275862069 0.425
0 0.75 0.52421875 0.753448275862069 0.5421875 0.8310344827586207 0.54453125 0.8448275862068966 0.546875 0.8913793103448275 0.54609375 0.8896551724137931 0.528125 0.9 0.521875 0.9 0.50390625 0.8758620689655172 0.50078125 0.8637931034482758 0.503125 0.8344827586206897 0.5 0.803448275862069 0.5015625 0.7862068965517242 0.496875 0.7655172413793103 0.496875 0.7603448275862068 0.5 0.7586206896551724 0.515625 0.75 0.52421875
0 0.3568965517241379 0.49453125 0.35 0.4921875 0.35172413793103446 0.5015625 0.3568965517241379 0.49453125
0 0.2827586206896552 0.48125 0.30344827586206896 0.4828125 0.30689655172413793 0.48828125 0.3017241379310345 0.49453125 0.3086206896551724 0.496875 0.30689655172413793 0.50078125 0.31724137931034485 0.5015625 0.32068965517241377 0.5046875 0.3413793103448276 0.50625 0.36724137931034484 0.50078125 0.3793103448275862 0.50625 0.39655172413793105 0.5 0.40344827586206894 0.5078125 0.41034482758620683 0.5078125 0.4137931034482759 0.50546875 0.4241379310344827 0.50546875 0.42931034482758623 0.5 0.4431034482758621 0.50703125 0.45344827586206893 0.50390625 0.4603448275862069 0.50859375 0.4603448275862069 0.5046875 0.4706896551724138 0.50078125 0.4793103448275862 0.50546875 0.49137931034482757 0.50546875 0.5206896551724138 0.51171875 0.5379310344827586 0.509375 0.5448275862068965 0.5125 0.5793103448275863 0.50859375 0.5931034482758621 0.5125 0.5948275862068966 0.5078125 0.6017241379310344 0.51015625 0.6086206896551725 0.5078125 0.6155172413793103 0.5125 0.6362068965517241 0.509375 0.6586206896551724 0.5140625 0.6655172413793103 0.5125 0.6672413793103449 0.5078125 0.6620689655172414 0.50390625 0.6689655172413793 0.49453125 0.6637931034482759 0.49140625 0.6689655172413793 0.48984375 0.6775862068965517 0.47265625 0.6741379310344827 0.428125 0.6568965517241379 0.43515625 0.6482758620689655 0.43515625 0.6362068965517241 0.43203125 0.6293103448275862 0.425 0.6155172413793103 0.42421875 0.5982758620689654 0.43359375 0.5879310344827586 0.434375 0.5741379310344827 0.42109375 0.5637931034482759 0.4203125 0.5344827586206897 0.434375 0.5224137931034483 0.42109375 0.5086206896551724 0.4171875 0.48103448275862065 0.425 0.4706896551724138 0.425 0.45862068965517244 0.41796875 0.44655172413793104 0.4171875 0.4241379310344827 0.4265625 0.4137931034482759 0.42265625 0.41896551724137926 0.42109375 0.4068965517241379 0.41484375 0.3896551724137931 0.41484375 0.3706896551724138 0.428125 0.3620689655172414 0.428125 0.35172413793103446 0.43671875 0.33793103448275863 0.43828125 0.32413793103448274 0.44765625 0.31724137931034485 0.44609375 0.31896551724137934 0.4421875 0.30344827586206896 0.43828125 0.30344827586206896 0.44765625 0.29137931034482756 0.44921875 0.28793103448275864 0.4421875 0.2775862068965517 0.43984375 0.27241379310344827 0.44765625 0.2655172413793103 0.4484375 0.2603448275862069 0.453125 0.2603448275862069 0.46875 0.2827586206896552 0.48125
0 0.6913793103448276 0.59609375 0.7293103448275862 0.5953125 0.7482758620689655 0.53984375 0.746551724137931 0.52109375 0.7310344827586206 0.5203125 0.7258620689655173 0.515625 0.7137931034482758 0.5140625 0.7017241379310344 0.5078125 0.6948275862068966 0.51171875 0.6810344827586207 0.50859375 0.6689655172413793 0.5484375 0.6672413793103449 0.59375 0.6913793103448276 0.59609375
0 0.7034482758620689 0.50390625 0.7034482758620689 0.5 0.7017241379310344 0.4984375 0.7034482758620689 0.50390625
0 0.7413793103448276 0.5078125 0.743103448275862 0.51640625 0.753448275862069 0.515625 0.753448275862069 0.496875 0.7396551724137931 0.503125 0.7275862068965517 0.5 0.7344827586206897 0.49453125 0.7137931034482758 0.49453125 0.7103448275862069 0.4984375 0.7413793103448276 0.5078125
0 0.6844827586206896 0.50546875 0.689655172413793 0.49453125 0.6793103448275862 0.4921875 0.6793103448275862 0.5015625 0.6844827586206896 0.50546875
0 0.7017241379310344 0.50390625 0.7034482758620689 0.4984375 0.6936781609195402 0.5028645833333333 0.7017241379310344 0.50390625
0 0.6879310344827586 0.503125 0.6879310344827586 0.50703125 0.6775862068965517 0.51171875 0.6775862068965517 0.51484375 0.6913793103448276 0.5171875 0.689655172413793 0.50234375 0.6928095611285265 0.5027521306818181 0.6844827586206896 0.4921875 0.6793103448275862 0.49140625 0.6844827586206896 0.496875 0.6775862068965517 0.498046875 0.6862068965517241 0.5015625 0.6775862068965517 0.503125 0.6879310344827586 0.503125
0 0.7586206896551724 0.515625 0.7517241379310344 0.51875 0.75 0.52578125 0.753448275862069 0.540625 0.8844827586206897 0.546875 0.8896551724137931 0.54375 0.8844827586206897 0.52890625 0.9 0.5203125 0.9051724137931034 0.5015625 0.8948275862068966 0.4828125 0.9103448275862069 0.478125 0.9120689655172413 0.4625 0.9172413793103449 0.4578125 0.9103448275862069 0.44375 0.8965517241379309 0.434375 0.8620689655172413 0.43125 0.8551724137931034 0.42734375 0.8448275862068966 0.42734375 0.8362068965517242 0.43046875 0.8155172413793104 0.43046875 0.8051724137931033 0.42734375 0.7655172413793103 0.42734375 0.7603448275862068 0.4296875 0.7672413793103449 0.4734375 0.7586206896551724 0.515625
0 0.7672413793103449 0.4171875 0.7655172413793103 0.41328125 0.7586206896551724 0.41484375 0.7672413793103449 0.4171875
0 0.8623611922852132 0.41700211864406783 0.8706896551724137 0.41171875 0.8655172413793103 0.409375 0.8623611922852132 0.41700211864406783
0 0.8603448275862069 0.421875 0.8672413793103448 0.421875 0.8689655172413794 0.41953125 0.8622579121398205 0.4172517123287672 0.8603448275862069 0.421875
0 0.76484375 0.4046875 0.00859375 0.00078125
0 0.5258620689655172 0.63671875 0.5275862068965517 0.6328125 0.5362068965517242 0.63671875 0.5327586206896552 0.63046875 0.5172413793103449 0.63359375 0.5155172413793103 0.63671875 0.5258620689655172 0.63671875
0 0.25862068965517243 0.56171875 0.26379310344827583 0.5796875 0.2689655172413793 0.58125 0.2655172413793103 0.59375 0.2603448275862069 0.5953125 0.27241379310344827 0.5984375 0.2793103448275862 0.5953125 0.2844827586206896 0.59765625 0.2827586206896552 0.603125 0.29655172413793107 0.60234375 0.3103448275862069 0.58828125 0.3137931034482758 0.590625 0.33275862068965517 0.5890625 0.3396551724137931 0.60234375 0.3448275862068965 0.60546875 0.35517241379310344 0.6046875 0.3586206896551724 0.60703125 0.36724137931034484 0.60546875 0.3758620689655172 0.59453125 0.38275862068965516 0.596875 0.3913793103448276 0.59609375 0.3896551724137931 0.60234375 0.41551724137931034 0.603125 0.4241379310344827 0.60625 0.43965517241379304 0.60390625 0.47241379310344833 0.60546875 0.4862068965517241 0.609375 0.48275862068965514 0.6125 0.4931034482758621 0.60703125 0.5189655172413793 0.60625 0.539655172413793 0.6125 0.539655172413793 0.61953125 0.5448275862068965 0.61484375 0.5620689655172414 0.609375 0.5982758620689654 0.6109375 0.6155172413793103 0.6203125 0.6224137931034484 0.6171875 0.6293103448275862 0.61796875 0.6293103448275862 0.621875 0.6155172413793103 0.63046875 0.6224137931034484 0.63203125 0.6155172413793103 0.634375 0.6189655172413793 0.6390625 0.6362068965517241 0.640625 0.6396551724137931 0.63828125 0.6431034482758621 0.640625 0.646551724137931 0.63671875 0.6344827586206897 0.634375 0.6293103448275862 0.62890625 0.6362068965517241 0.62734375 0.646551724137931 0.63125 0.6362068965517241 0.62578125 0.6431034482758621 0.62109375 0.646551724137931 0.6234375 0.6568965517241379 0.6046875 0.6637931034482759 0.57578125 0.6603448275862068 0.55234375 0.6224137931034484 0.55546875 0.6 0.5484375 0.5655172413793104 0.54609375 0.5568965517241379 0.55390625 0.5465517241379311 0.55390625 0.5379310344827586 0.54609375 0.5086206896551724 0.54375 0.41724137931034483 0.5421875 0.4017241379310345 0.53984375 0.3793103448275862 0.53984375 0.3620689655172414 0.54296875 0.3120689655172414 0.53828125 0.30344827586206896 0.540625 0.2827586206896552 0.53828125 0.27586206896551724 0.53984375 0.2793103448275862 0.54296875 0.25862068965517243 0.56171875
0 0.7275862068965517 0.59765625 0.7396551724137931 0.575 0.743103448275862 0.55 0.6724137931034483 0.54609375 0.6689655172413793 0.5515625 0.6655172413793103 0.5953125 0.7275862068965517 0.59765625
0 0.10689655172413792 0.53984375 0.11896551724137931 0.5390625 0.12241379310344827 0.5359375 0.15 0.5375 0.1879310344827586 0.534375 0.20862068965517241 0.534375 0.22241379310344828 0.5359375 0.22758620689655173 0.5390625 0.25 0.53984375 0.26206896551724135 0.53671875 0.26206896551724135 0.51796875 0.24655172413793106 0.52109375 0.22758620689655173 0.51640625 0.19137931034482758 0.51796875 0.17586206896551723 0.5140625 0.16034482758620688 0.5140625 0.14310344827586208 0.5171875 0.13793103448275862 0.5140625 0.12241379310344827 0.51328125 0.09655172413793103 0.51640625 0.0896551724137931 0.5359375 0.10689655172413792 0.53984375
0 0.7258620689655173 0.596875 0.7310344827586206 0.59453125 0.7396551724137931 0.5734375 0.7482758620689655 0.53828125 0.746551724137931 0.52109375 0.753448275862069 0.515625 0.7603448275862068 0.48671875 0.7603448275862068 0.4515625 0.7517241379310344 0.4328125 0.743103448275862 0.42890625 0.7172413793103448 0.4296875 0.7017241379310344 0.434375 0.6913793103448276 0.43046875 0.6844827586206896 0.43203125 0.6879310344827586 0.44296875 0.6775862068965517 0.48359375 0.6827586206896552 0.503125 0.6724137931034483 0.52421875 0.6689655172413793 0.5484375 0.6672413793103449 0.5953125 0.7258620689655173 0.596875
0 0.33620689655172414 0.41796875 0.33793103448275863 0.41484375 0.3310344827586207 0.41484375 0.32413793103448274 0.41796875 0.33620689655172414 0.41796875
0 0.2793103448275862 0.47734375 0.29310344827586204 0.4765625 0.30689655172413793 0.46640625 0.33448275862068966 0.46796875 0.3448275862068965 0.471875 0.35517241379310344 0.4703125 0.3758620689655172 0.47265625 0.4068965517241379 0.46953125 0.42586206896551726 0.4734375 0.4775862068965517 0.47265625 0.503448275862069 0.478125 0.5275862068965517 0.47421875 0.5465517241379311 0.48203125 0.5637931034482759 0.48046875 0.5758620689655173 0.4828125 0.5948275862068966 0.478125 0.6103448275862069 0.4828125 0.6620689655172414 0.48359375 0.6741379310344827 0.48125 0.6775862068965517 0.47421875 0.6775862068965517 0.43203125 0.6706896551724137 0.4265625 0.6568965517241379 0.434375 0.646551724137931 0.434375 0.6224137931034484 0.42265625 0.5982758620689654 0.4328125 0.5879310344827586 0.43359375 0.5758620689655173 0.421875 0.5637931034482759 0.41953125 0.5465517241379311 0.43203125 0.5327586206896552 0.434375 0.5224137931034483 0.42109375 0.5103448275862068 0.4171875 0.49137931034482757 0.42109375 0.4844827586206897 0.4265625 0.4706896551724138 0.425 0.45344827586206893 0.4171875 0.43965517241379304 0.41875 0.4275862068965517 0.425 0.4068965517241379 0.41484375 0.3896551724137931 0.41328125 0.3810344827586207 0.41796875 0.38620689655172413 0.4203125 0.38275862068965516 0.42265625 0.3758620689655172 0.42109375 0.34310344827586203 0.4390625 0.33793103448275863 0.4390625 0.33448275862068966 0.44765625 0.32413793103448274 0.45 0.3137931034482758 0.4484375 0.3 0.45625 0.28620689655172415 0.4515625 0.2844827586206896 0.44609375 0.27586206896551724 0.44375 0.2793103448275862 0.4453125 0.26206896551724135 0.45390625 0.2603448275862069 0.4640625 0.2793103448275862 0.47734375
0 0.359375 0.4078125 0.0015625 0.00078125
0 0.48793103448275865 0.65078125 0.48103448275862065 0.64921875 0.4793103448275862 0.65078125 0.48793103448275865 0.65078125
0 0.27413793103448275 0.60625 0.25862068965517243 0.61875 0.2551724137931034 0.6265625 0.30344827586206896 0.62734375 0.3396551724137931 0.6328125 0.3448275862068965 0.63046875 0.36724137931034484 0.63046875 0.3793103448275862 0.634375 0.4 0.6359375 0.41034482758620683 0.634375 0.4241379310344827 0.63984375 0.4137931034482759 0.64375 0.41724137931034483 0.646875 0.43103448275862066 0.646875 0.43103448275862066 0.640625 0.4379310344827586 0.63984375 0.4431034482758621 0.6328125 0.46551724137931033 0.63984375 0.48793103448275865 0.6390625 0.4931034482758621 0.646875 0.5103448275862068 0.6390625 0.5568965517241379 0.64296875 0.5534482758620689 0.64765625 0.5344827586206897 0.65078125 0.5482758620689655 0.65546875 0.5568965517241379 0.653125 0.5672413793103448 0.64296875 0.6120689655172413 0.64296875 0.6189655172413793 0.65546875 0.6310344827586206 0.646875 0.646551724137931 0.64453125 0.653448275862069 0.62265625 0.6482758620689655 0.615625 0.6224137931034484 0.61484375 0.5913793103448276 0.609375 0.5810344827586207 0.61015625 0.5706896551724138 0.60625 0.5603448275862069 0.61015625 0.506896551724138 0.60703125 0.48793103448275865 0.60078125 0.44827586206896547 0.6046875 0.4224137931034483 0.603125 0.41724137931034483 0.60078125 0.3448275862068965 0.603125 0.31896551724137934 0.6 0.2982758620689655 0.6015625 0.27241379310344827 0.596875 0.26724137931034486 0.5984375 0.27413793103448275 0.6015625 0.27413793103448275 0.60625
0 0.4344827586206897 0.6 0.4379310344827586 0.5984375 0.43103448275862066 0.59375 0.42586206896551726 0.59453125 0.4241379310344827 0.5984375 0.4344827586206897 0.6
0 0.26379310344827583 0.4953125 0.26206896551724135 0.5046875 0.29137931034482756 0.52890625 0.2844827586206896 0.534375 0.27586206896551724 0.5328125 0.27241379310344827 0.5359375 0.27586206896551724 0.5484375 0.26206896551724135 0.5609375 0.2655172413793103 0.56875 0.281979977753059 0.5754637096774193 0.28793103448275864 0.56953125 0.29655172413793107 0.56796875 0.3086206896551724 0.57109375 0.32068965517241377 0.56796875 0.3448275862068965 0.5796875 0.34827586206896555 0.5765625 0.35517241379310344 0.578125 0.3586206896551724 0.575 0.36379310344827587 0.5796875 0.37241379310344824 0.5796875 0.38275862068965516 0.57421875 0.39655172413793105 0.575 0.4068965517241379 0.584375 0.4137931034482759 0.58515625 0.4206896551724138 0.57578125 0.43965517241379304 0.58046875 0.43275862068965515 0.5828125 0.4344827586206897 0.5859375 0.4431034482758621 0.57890625 0.4568965517241379 0.57734375 0.48275862068965514 0.59375 0.506896551724138 0.5890625 0.5120689655172413 0.5828125 0.5224137931034483 0.58125 0.5293103448275862 0.58359375 0.5293103448275862 0.5984375 0.5310344827586206 0.59453125 0.5413793103448276 0.5984375 0.5551724137931034 0.596875 0.5672413793103448 0.590625 0.5775862068965517 0.5890625 0.5810344827586207 0.59140625 0.5913793103448276 0.58984375 0.5879310344827586 0.59921875 0.6224137931034484 0.59921875 0.6396551724137931 0.58828125 0.6431034482758621 0.60546875 0.65 0.60625 0.6431034482758621 0.6015625 0.65 0.60078125 0.653448275862069 0.58671875 0.6603448275862068 0.584375 0.6568965517241379 0.58125 0.6637931034482759 0.56875 0.6637931034482759 0.5515625 0.6568965517241379 0.55 0.6620689655172414 0.54609375 0.6396551724137931 0.54296875 0.6344827586206897 0.53984375 0.6551724137931034 0.5296875 0.646551724137931 0.521875 0.653448275862069 0.51953125 0.6637931034482759 0.52109375 0.6672413793103449 0.5171875 0.6758620689655173 0.45078125 0.6758620689655173 0.43671875 0.6706896551724137 0.43203125 0.6568965517241379 0.43828125 0.65 0.43828125 0.6206896551724138 0.4265625 0.6017241379310344 0.43515625 0.5827586206896551 0.43515625 0.5672413793103448 0.4234375 0.55 0.43203125 0.5327586206896552 0.4359375 0.5155172413793103 0.4203125 0.496551724137931 0.42109375 0.4793103448275862 0.4296875 0.45862068965517244 0.4203125 0.44482758620689655 0.41796875 0.4224137931034483 0.434375 0.4137931034482759 0.43515625 0.4086206896551724 0.44453125 0.38620689655172413 0.446875 0.37758620689655176 0.45703125 0.3655172413793103 0.4625 0.3568965517241379 0.46015625 0.35517241379310344 0.44921875 0.34827586206896555 0.44921875 0.33793103448275863 0.4421875 0.33448275862068966 0.4453125 0.3155172413793103 0.44921875 0.3155172413793103 0.453125 0.29482758620689653 0.46640625 0.2827586206896552 0.46640625 0.27586206896551724 0.45625 0.2689655172413793 0.45625 0.2706896551724138 0.46015625 0.25862068965517243 0.46640625 0.2810344827586207 0.48046875 0.26379310344827583 0.4953125
0 0.2793103448275862 0.48046875 0.2655172413793103 0.49765625 0.2706896551724138 0.50546875 0.30344827586206896 0.5046875 0.33793103448275863 0.5078125 0.3706896551724138 0.50546875 0.3793103448275862 0.50859375 0.3931034482758621 0.50703125 0.40344827586206894 0.51015625 0.45 0.50859375 0.46896551724137925 0.5125 0.503448275862069 0.509375 0.539655172413793 0.5140625 0.5793103448275863 0.5125 0.6 0.51328125 0.6051724137931035 0.51640625 0.6672413793103449 0.515625 0.6775862068965517 0.47421875 0.6741379310344827 0.42734375 0.6551724137931034 0.43515625 0.6482758620689655 0.43515625 0.6379310344827587 0.4328125 0.6310344827586206 0.425 0.6224137931034484 0.42265625 0.6120689655172413 0.42421875 0.5982758620689654 0.4328125 0.5879310344827586 0.43359375 0.5741379310344827 0.42109375 0.5620689655172414 0.4203125 0.5327586206896552 0.43359375 0.5224137931034483 0.42109375 0.5120689655172413 0.4171875 0.5 0.41796875 0.48103448275862065 0.425 0.4706896551724138 0.42421875 0.45862068965517244 0.41796875 0.44827586206896547 0.41640625 0.4068965517241379 0.43359375 0.40344827586206894 0.43046875 0.3931034482758621 0.43046875 0.38620689655172413 0.4375 0.3810344827586207 0.43828125 0.3793103448275862 0.4359375 0.3758620689655172 0.440625 0.3655172413793103 0.43984375 0.3689655172413793 0.42734375 0.3620689655172414 0.4296875 0.3620689655172414 0.43515625 0.35517241379310344 0.4328125 0.35172413793103446 0.4375 0.33620689655172414 0.4375 0.3258620689655172 0.44453125 0.30344827586206896 0.4375 0.30689655172413793 0.43984375 0.3017241379310345 0.44140625 0.3 0.44921875 0.2896551724137931 0.4484375 0.28620689655172415 0.4421875 0.27586206896551724 0.440625 0.27241379310344827 0.44609375 0.26206896551724135 0.4484375 0.25862068965517243 0.45625 0.25689655172413794 0.46796875 0.2793103448275862 0.48046875
0 0.4051724137931035 0.41796875 0.3931034482758621 0.41796875 0.3896551724137931 0.415625 0.38620689655172413 0.4203125 0.4051724137931035 0.41796875
0 0.253448275862069 0.5953125 0.2689655172413793 0.59921875 0.27586206896551724 0.60546875 0.25689655172413794 0.6234375 0.25689655172413794 0.6265625 0.2655172413793103 0.6296875 0.26206896551724135 0.6546875 0.27241379310344827 0.653125 0.27413793103448275 0.64765625 0.2827586206896552 0.64453125 0.29310344827586204 0.646875 0.2844827586206896 0.64921875 0.28793103448275864 0.65546875 0.29482758620689653 0.65390625 0.30344827586206896 0.6578125 0.33448275862068966 0.66015625 0.3448275862068965 0.65703125 0.3568965517241379 0.66484375 0.38620689655172413 0.6609375 0.4275862068965517 0.6609375 0.43103448275862066 0.6640625 0.4379310344827586 0.6640625 0.44482758620689655 0.6609375 0.4517241379310345 0.66484375 0.506896551724138 0.66484375 0.5224137931034483 0.66796875 0.5827586206896551 0.671875 0.6017241379310344 0.66875 0.6137931034482759 0.67265625 0.6224137931034484 0.66953125 0.6396551724137931 0.67109375 0.6586206896551724 0.6046875 0.65 0.6015625 0.6586206896551724 0.59921875 0.653448275862069 0.590625 0.6603448275862068 0.5890625 0.65 0.58828125 0.6603448275862068 0.583984375 0.6551724137931034 0.58203125 0.6603448275862068 0.57890625 0.6327586206896552 0.58515625 0.6293103448275862 0.58828125 0.6172413793103448 0.58125 0.6017241379310344 0.584375 0.5913793103448276 0.58203125 0.5844827586206897 0.58359375 0.5775862068965517 0.5796875 0.5620689655172414 0.58046875 0.5465517241379311 0.5765625 0.5344827586206897 0.58046875 0.5155172413793103 0.57734375 0.496551724137931 0.57890625 0.4862068965517241 0.5765625 0.4672413793103448 0.5765625 0.45862068965517244 0.58046875 0.44827586206896547 0.58046875 0.4379310344827586 0.5734375 0.41206896551724137 0.57265625 0.3896551724137931 0.58125 0.3896551724137931 0.57734375 0.3758620689655172 0.57421875 0.3586206896551724 0.575 0.35517241379310344 0.57109375 0.3275862068965517 0.57421875 0.3155172413793103 0.56796875 0.3086206896551724 0.57109375 0.2793103448275862 0.56875 0.26379310344827583 0.57421875 0.26724137931034486 0.5796875 0.253448275862069 0.5953125
0 0.2706896551724138 0.56015625 0.2706896551724138 0.55703125 0.2655172413793103 0.55703125 0.2655172413793103 0.5625 0.2706896551724138 0.56015625
0 0.4051724137931035 0.359375 0.3948275862068965 0.3546875 0.3931034482758621 0.3578125 0.4051724137931035 0.359375
0 0.3896551724137931 0.34296875 0.41206896551724137 0.34140625 0.42586206896551726 0.34453125 0.45517241379310347 0.3421875 0.4637931034482759 0.34609375 0.48275862068965514 0.34375 0.5155172413793103 0.3484375 0.5465517241379311 0.3453125 0.5637931034482759 0.3484375 0.5896551724137931 0.346875 0.6137931034482759 0.35078125 0.6310344827586206 0.34921875 0.646551724137931 0.35234375 0.6603448275862068 0.35 0.6724137931034483 0.33828125 0.6568965517241379 0.32265625 0.6293103448275862 0.32421875 0.6189655172413793 0.3203125 0.6086206896551725 0.3203125 0.5913793103448276 0.32578125 0.5741379310344827 0.31953125 0.5431034482758621 0.3234375 0.5137931034482759 0.31640625 0.496551724137931 0.31875 0.4672413793103448 0.315625 0.44827586206896547 0.3203125 0.42931034482758623 0.3140625 0.41034482758620683 0.31953125 0.39655172413793105 0.31953125 0.3793103448275862 0.328125 0.37758620689655176 0.33828125 0.3896551724137931 0.34296875
0 0.10172413793103448 0.5625 0.24310344827586206 0.56875 0.2655172413793103 0.55 0.2655172413793103 0.54296875 0.19482758620689655 0.5328125 0.1810344827586207 0.53671875 0.16379310344827586 0.534375 0.15344827586206897 0.53671875 0.12241379310344827 0.5359375 0.10689655172413792 0.53984375 0.09482758620689655 0.55625 0.09310344827586206 0.56015625 0.10172413793103448 0.5625
0 0.7672413793103449 0.36953125 0.7793103448275862 0.36796875 0.7965517241379311 0.375 0.8206896551724137 0.36875 0.8396551724137931 0.37578125 0.8620689655172413 0.3671875 0.8620689655172413 0.35859375 0.8413793103448276 0.35390625 0.810344827586207 0.3578125 0.7862068965517242 0.35234375 0.7758620689655172 0.35625 0.7724137931034483 0.35234375 0.7551724137931035 0.3515625 0.7551724137931035 0.36640625 0.7672413793103449 0.36953125
0 0.6775862068965517 0.48828125 0.689655172413793 0.4921875 0.7120689655172414 0.49140625 0.7517241379310344 0.49609375 0.7603448275862068 0.4890625 0.7620689655172413 0.4625 0.7517241379310344 0.43125 0.7413793103448276 0.428125 0.7017241379310344 0.43203125 0.6844827586206896 0.42890625 0.6827586206896552 0.43125 0.6862068965517241 0.44296875 0.6775862068965517 0.48828125
0 0.2655172413793103 0.63046875 0.25862068965517243 0.65390625 0.2810344827586207 0.6578125 0.29482758620689653 0.653125 0.3017241379310345 0.6578125 0.3310344827586207 0.659375 0.3413793103448276 0.6640625 0.3603448275862069 0.66484375 0.3913793103448276 0.66171875 0.43103448275862066 0.66484375 0.503448275862069 0.66484375 0.5137931034482759 0.66796875 0.5534482758620689 0.671875 0.5948275862068966 0.671875 0.5982758620689654 0.675 0.603448275862069 0.67109375 0.6086206896551725 0.675 0.6396551724137931 0.67265625 0.653448275862069 0.6234375 0.65 0.61796875 0.6310344827586206 0.61875 0.6189655172413793 0.615625 0.6120689655172413 0.61796875 0.6 0.6125 0.5724137931034483 0.60859375 0.5465517241379311 0.6109375 0.5362068965517242 0.60859375 0.4896551724137931 0.6078125 0.4672413793103448 0.60390625 0.44655172413793104 0.60546875 0.4017241379310345 0.60234375 0.36724137931034484 0.603125 0.34827586206896555 0.60703125 0.3310344827586207 0.6015625 0.30517241379310345 0.6015625 0.29655172413793107 0.60546875 0.27586206896551724 0.6046875 0.2551724137931034 0.62265625 0.253448275862069 0.6265625 0.2655172413793103 0.63046875
0 0.6948275862068966 0.5421875 0.7206896551724138 0.54609375 0.7396551724137931 0.5421875 0.746551724137931 0.53671875 0.7448275862068965 0.52578125 0.7551724137931035 0.5171875 0.7620689655172413 0.4859375 0.7620689655172413 0.4515625 0.7551724137931035 0.44609375 0.7517241379310344 0.43203125 0.743103448275862 0.428125 0.7120689655172414 0.42890625 0.7017241379310344 0.43203125 0.6931034482758621 0.428125 0.6827586206896552 0.42890625 0.6879310344827586 0.45078125 0.6741379310344827 0.49765625 0.6758620689655173 0.54296875 0.6948275862068966 0.5421875
0 0.11896551724137931 0.409375 0.1103448275862069 0.42109375 0.11206896551724137 0.42578125 0.11896551724137931 0.42734375 0.17241379310344826 0.42265625 0.2 0.41484375 0.21724137931034485 0.415625 0.22931034482758622 0.41015625 0.2517241379310345 0.4109375 0.26206896551724135 0.4078125 0.27241379310344827 0.40859375 0.29137931034482756 0.4171875 0.3155172413793103 0.41015625 0.3413793103448276 0.40859375 0.36724137931034484 0.40078125 0.3655172413793103 0.3921875 0.23793103448275862 0.38984375 0.2206896551724138 0.3859375 0.17758620689655172 0.3859375 0.17241379310344826 0.3890625 0.16896551724137931 0.3859375 0.1568965517241379 0.384375 0.14482758620689656 0.38671875 0.1396551724137931 0.396875 0.13275862068965516 0.39921875 0.12241379310344827 0.3921875 0.12241379310344827 0.38671875 0.11206896551724137 0.38515625 0.10517241379310345 0.40078125 0.11896551724137931 0.409375
0 0.8948275862068966 0.5015625 0.8948275862068966 0.49453125 0.8827586206896552 0.49765625 0.8827586206896552 0.49453125 0.8775862068965518 0.49765625 0.8948275862068966 0.5015625
0 0.7706896551724138 0.48828125 0.7655172413793103 0.48671875 0.7672413793103449 0.4921875 0.7706896551724138 0.48828125
0 0.7689655172413793 0.48203125 0.7775862068965517 0.48203125 0.7827586206896552 0.4765625 0.7948275862068965 0.478125 0.8 0.48359375 0.8086206896551724 0.48515625 0.8051724137931033 0.490625 0.8120689655172413 0.4953125 0.8275862068965518 0.49375 0.8603448275862069 0.49921875 0.8706896551724137 0.49609375 0.8758620689655172 0.48671875 0.8948275862068966 0.48671875 0.9137931034482758 0.478125 0.9155172413793103 0.44921875 0.9051724137931034 0.440625 0.8931034482758621 0.440625 0.8793103448275861 0.43359375 0.8672413793103448 0.43359375 0.8534482758620691 0.4375 0.85 0.44296875 0.8551724137931034 0.44609375 0.8482758620689654 0.45234375 0.7655172413793103 0.45234375 0.7637931034482759 0.471875 0.7689655172413793 0.48203125
0 0.8413793103448276 0.4359375 0.8344827586206897 0.43203125 0.8275862068965518 0.4375 0.8189655172413793 0.43203125 0.8137931034482758 0.434375 0.8206896551724137 0.43984375 0.8413793103448276 0.4359375
0 0.789655172413793 0.4328125 0.7706896551724138 0.43125 0.7706896551724138 0.434375 0.789655172413793 0.4328125