0 0.14375000 0.21567241 0.03750000 0.00996552
0 0.14671875 0.22687931 0.03406250 0.01513793
0 0.14382813 0.24603448 0.03609375 0.01550000
0 0.14601563 0.26017241 0.03421875 0.00929310
0 0.14523437 0.27844828 0.03578125 0.01137931
0 0.14679687 0.28913793 0.03265625 0.01206897
0 0.14414062 0.30932759 0.03046875 0.02139655
0 0.14492188 0.32105172 0.03515625 0.01727586
0 0.14625000 0.34018966 0.03000000 0.01762069
0 0.14695312 0.35363793 0.03609375 0.01005172
0 0.14875000 0.37486207 0.03500000 0.01453448
0 0.14867188 0.38710345 0.03640625 0.01489655
0 0.14679687 0.40331034 0.03265625 0.01282759
0 0.14710938 0.41968966 0.02703125 0.00767241
0 0.14898438 0.43694828 0.03078125 0.01456897
0 0.14609375 0.44470690 0.02656250 0.02665517
0 0.14968750 0.46781034 0.03062500 0.01079310
0 0.14695312 0.47712069 0.02984375 0.00874138
0 0.15023438 0.49593103 0.03328125 0.01529310
0 0.18289063 0.19843103 0.03296875 0.01684483
0 0.18640625 0.21291379 0.03843750 0.01272414
0 0.18382813 0.22705172 0.02859375 0.01203448
0 0.18632813 0.25000000 0.03359375 0.01308621
0 0.18429687 0.25982759 0.03265625 0.01550000
0 0.18656250 0.28000000 0.03562500 0.01103448
0 0.18453125 0.29275862 0.02843750 0.01587931
0 0.18718750 0.30967241 0.03062500 0.01518966
0 0.18789063 0.32432759 0.03046875 0.01348276
0 0.18882812 0.33812069 0.03859375 0.01348276
0 0.18835937 0.35450000 0.02828125 0.02212069
0 0.18718750 0.37296552 0.03687500 0.02108621
0 0.18468750 0.38882759 0.03187500 0.01144828
0 0.18960937 0.40331034 0.04328125 0.01284483
0 0.18734375 0.41589655 0.03406250 0.02077586
0 0.18640625 0.43401724 0.03843750 0.01215517
0 0.18851563 0.45056897 0.03171875 0.01768966
0 0.18859375 0.46401724 0.03656250 0.01010345
0 0.18921875 0.47608621 0.03156250 0.01356897
0 0.19210937 0.50127586 0.02953125 0.01565517
0 0.22414062 0.19532759 0.03421875 0.01753448
0 0.26296875 0.19101724 0.03531250 0.02615517
0 0.30085938 0.20032759 0.02828125 0.02410345
0 0.34203125 0.19860345 0.03093750 0.01374138
0 0.37906250 0.19912069 0.03312500 0.01822414
0 0.42117188 0.22429310 0.03765625 0.01756897
0 0.22242187 0.21446552 0.02765625 0.01513793
0 0.22234375 0.22929310 0.02906250 0.01306897
0 0.22156250 0.24741379 0.03687500 0.01825862
0 0.22460938 0.25982759 0.03203125 0.01550000
0 0.22500000 0.28120690 0.03125000 0.01689655
0 0.22609375 0.29413793 0.03031250 0.01863793
0 0.22218750 0.30743103 0.03187500 0.01415517
0 0.22460938 0.32277586 0.03203125 0.01382759
0 0.22656250 0.33863793 0.03437500 0.01796552
0 0.22617187 0.35587931 0.03515625 0.01108621
0 0.22625000 0.37158621 0.03375000 0.01832759
0 0.22484375 0.38486207 0.03406250 0.01386207
0 0.22437500 0.39848276 0.03625000 0.01696552
0 0.22382812 0.41917241 0.03359375 0.01698276
0 0.22578125 0.43712069 0.03593750 0.01146552
0 0.22640625 0.44781034 0.03093750 0.01217241
0 0.22312500 0.46281034 0.03375000 0.01803448
0 0.22484375 0.48074138 0.02781250 0.01253448
0 0.22531250 0.49610345 0.03187500 0.02600000
0 0.26437500 0.21653448 0.04750000 0.00824138
0 0.26382812 0.22481034 0.03859375 0.01100000
0 0.26257812 0.24205172 0.04234375 0.01791379
0 0.26398437 0.25758621 0.03578125 0.01446552
0 0.26265625 0.27482759 0.03468750 0.02137931
0 0.26171875 0.28965517 0.03281250 0.01656897
0 0.26421875 0.31501724 0.03781250 0.01553448
0 0.26281250 0.32105172 0.03187500 0.01727586
0 0.26359375 0.33381034 0.03031250 0.02210345
0 0.26289062 0.35363793 0.03046875 0.01005172
0 0.26453125 0.36555172 0.03218750 0.01660345
0 0.26320312 0.38400000 0.02484375 0.01558621
0 0.26328125 0.40106897 0.03593750 0.01179310
0 0.26265625 0.41779310 0.03468750 0.01422414
0 0.26375000 0.43574138 0.03375000 0.02251724
0 0.26476563 0.45005172 0.02796875 0.01320690
0 0.26406250 0.46470690 0.04062500 0.01148276
0 0.26125000 0.48472414 0.03875000 0.02391379
0 0.30531250 0.22860345 0.03562500 0.01168966
0 0.30507812 0.24532759 0.03984375 0.01412069
0 0.30398438 0.26068966 0.03453125 0.01377586
0 0.30304687 0.27637931 0.03890625 0.00724138
0 0.30140625 0.29068966 0.03093750 0.01172414
0 0.30187500 0.30915517 0.03500000 0.01070690
0 0.30000000 0.31984483 0.03750000 0.01139655
0 0.30046875 0.33346552 0.03531250 0.00072414
0 0.30015625 0.34518966 0.04093750 0.01037931
0 0.30343750 0.35881034 0.03187500 0.01350000
0 0.30335937 0.37572414 0.03328125 0.01281034
0 0.30257813 0.39037931 0.03484375 0.01110345
0 0.30171875 0.40796552 0.03781250 0.01179310
0 0.30375000 0.42262069 0.03250000 0.01008621
0 0.30500000 0.43418966 0.03500000 0.00905172
0 0.30562500 0.45022414 0.03625000 0.01010345
0 0.30515625 0.46332759 0.03218750 0.00872414
0 0.30406250 0.48194828 0.02687500 0.00460345
0 0.30703125 0.49662069 0.03593750 0.01668966
