0 0.44666667 0.33641875 0.33777500 0.04700000
0 0.44889167 0.37163750 0.32000000 0.06327500
0 0.44750000 0.43061250 0.34500000 0.03538750
0 0.44000000 0.47083125 0.32444167 0.02832500
0 0.45666667 0.51376250 0.26889167 0.03918750
0 0.45083333 0.55022500 0.32944167 0.03295625
0 0.42583333 0.59211250 0.33500000 0.02923125
0 0.43889167 0.62754375 0.27777500 0.02508125
0 0.45250000 0.65838125 0.25500000 0.02010000
0 0.43583333 0.69360000 0.26610833 0.01970000
0 0.43805833 0.72569375 0.27055833 0.02555625
0 0.46222500 0.75986875 0.28000000 0.04726250
0 0.43444167 0.79988750 0.26889167 0.04060625
0 0.43639167 0.86323750 0.25610833 0.03397500
0 0.43750000 0.90991250 0.23610833 0.02733125
0 0.44555833 0.95826250 0.22444167 0.04069375
