0 0.77247750 0.83926083 0.14206000 0.03982833
0 0.77525094 0.80683958 0.13992688 0.03757250
0 0.77973031 0.77867875 0.13694063 0.04270083
0 0.78143656 0.74964708 0.14461937 0.03925917
0 0.78442281 0.72404292 0.14461937 0.04153583
0 0.78911562 0.69445583 0.14206000 0.04267333
0 0.79359469 0.66600708 0.14248688 0.04494917
0 0.79679437 0.63471333 0.14376625 0.03926000
0 0.79956719 0.60569542 0.14248688 0.03812083
0 0.80084719 0.57326375 0.14163313 0.03925917
0 0.80602000 0.53969375 0.14771250 0.04494917
0 0.81113906 0.50498625 0.15453812 0.04267417
0 0.81459469 0.47245417 0.14589937 0.04096667
0 0.81582094 0.43860000 0.14749937 0.04267333
0 0.82147375 0.40616833 0.15539125 0.04153500
0 0.82632625 0.37060750 0.15315125 0.03641500
0 0.82783312 0.32940542 0.15360750 0.04583250
0 0.83247250 0.29044750 0.15051500 0.04400000
0 0.83835719 0.25469792 0.16434687 0.04766583
0 0.84351187 0.21069875 0.15060125 0.04399917
0 0.63341781 0.80854542 0.12508562 0.04308250
0 0.63152750 0.78219208 0.12268000 0.04079083
0 0.63363250 0.75469250 0.12620250 0.04537500
0 0.63376156 0.72742208 0.12164937 0.04308250
0 0.63663938 0.69923500 0.12878000 0.04170833
0 0.63586625 0.67311042 0.12860750 0.03804083
0 0.63999000 0.64344542 0.13067000 0.04262417
0 0.64097781 0.61823708 0.12989687 0.04904083
0 0.64527344 0.58684208 0.13230188 0.03849917
0 0.64372688 0.55591792 0.13608250 0.03987417
0 0.64750688 0.52728208 0.13883125 0.03849917
0 0.64759312 0.49468125 0.13350500 0.04583250
0 0.65317719 0.46374458 0.14810937 0.03987417
0 0.65450875 0.42547458 0.13427750 0.04491583
0 0.65738688 0.39137167 0.14484500 0.04253833
0 0.65953438 0.36245458 0.13883125 0.03987417
0 0.66482281 0.32231208 0.14584688 0.04463583
0 0.66888844 0.28261375 0.14483063 0.04676583
0 0.67117500 0.24465833 0.16058375 0.04405500
0 0.67092094 0.19992583 0.14686312 0.04270000
0 0.50344250 0.77965292 0.11622625 0.03213750
0 0.50131656 0.75484083 0.11764438 0.03450000
0 0.50237937 0.73239208 0.12118750 0.03497250
0 0.50268937 0.70309042 0.10905125 0.03308250
0 0.50415125 0.67307958 0.12047875 0.03733583
0 0.50251219 0.64614125 0.10940563 0.02882917
0 0.50149344 0.62369208 0.12650312 0.03969917
0 0.50202531 0.59131833 0.11480937 0.03355500
0 0.50313250 0.56343458 0.12411125 0.02977417
0 0.50043063 0.53496958 0.11303750 0.03166417
0 0.50379687 0.50826708 0.13040125 0.03213750
0 0.50113906 0.47819042 0.12154187 0.03497250
0 0.50131656 0.44250875 0.13252687 0.03544583
0 0.50441719 0.40988375 0.12242813 0.02696917
0 0.50556844 0.37823375 0.13323562 0.03639083
0 0.50366406 0.34444250 0.11950437 0.03591833
0 0.50348656 0.19694375 0.13048938 0.03402750
0 0.50468281 0.23593375 0.13996812 0.03166417
0 0.50415125 0.27278208 0.12402250 0.03071917
0 0.50206938 0.31144250 0.13332375 0.03998500
0 0.38069656 0.76507167 0.12032313 0.03732000
0 0.37887781 0.73764083 0.11388687 0.02948333
0 0.38100719 0.71017667 0.11449938 0.02867000
0 0.37925250 0.68296958 0.11011250 0.03159583
0 0.37683937 0.65547000 0.12108000 0.03510667
0 0.37245250 0.63352875 0.11932500 0.02984083
0 0.37596219 0.60485833 0.11932562 0.03803167
0 0.36718844 0.57618875 0.11581563 0.03218083
0 0.37486531 0.55034417 0.11888688 0.03744667
0 0.37245250 0.51845583 0.11844750 0.03218000
0 0.37047844 0.49154125 0.12327313 0.03686083
0 0.36609156 0.46638208 0.12766063 0.04388250
0 0.36872375 0.42718000 0.12853750 0.03920167
0 0.36324000 0.39880250 0.12195750 0.03510667
0 0.36263687 0.36369625 0.13566625 0.04446750
0 0.36060781 0.33365125 0.12546688 0.04370750
0 0.35951094 0.29980292 0.13731188 0.04271250
0 0.35644000 0.26498917 0.12151875 0.03627667
0 0.35600125 0.22966542 0.14082125 0.04622250
0 0.35139531 0.18753833 0.12546687 0.03803167
0 0.20103219 0.18373500 0.11406062 0.03978667
0 0.20936750 0.21971833 0.12809875 0.03686167
0 0.20717406 0.25365458 0.12985438 0.03920250
0 0.20980625 0.29035083 0.13336375 0.03803167
0 0.21594781 0.32487167 0.12634437 0.04037167
0 0.21638656 0.35500417 0.12546687 0.03861667
0 0.22099313 0.38730792 0.12239625 0.03569083
0 0.22011531 0.41468458 0.12678312 0.04246583
0 0.22642187 0.44634875 0.12184750 0.03909250
0 0.22592844 0.47807583 0.12173812 0.03705500
0 0.23563438 0.50571250 0.12535750 0.03588833
0 0.23607312 0.53312917 0.12009250 0.03954667
0 0.23952781 0.56025958 0.11647313 0.03061750
0 0.24435375 0.58905458 0.11559625 0.03883250
0 0.24605344 0.61516042 0.11109937 0.04072583
0 0.24857594 0.64251042 0.11263562 0.03574583
0 0.24961781 0.66532583 0.11822812 0.03690833
0 0.25351125 0.69077458 0.11373125 0.03280583
0 0.25581437 0.71644167 0.11570625 0.03265167
0 0.25718531 0.74181667 0.10704188 0.03893333
0 0.14536000 0.73161750 0.10669750 0.03727000
0 0.14266062 0.70260583 0.09812375 0.02498833
0 0.14139063 0.67486458 0.10257000 0.02710583
0 0.13345187 0.65072292 0.10447500 0.02625917
0 0.13186406 0.62742875 0.11019062 0.03049417
0 0.12884719 0.60392292 0.10288687 0.02668250
0 0.12583063 0.57406417 0.11082625 0.03473000
0 0.12011437 0.55309958 0.10384000 0.03007083
0 0.11678000 0.52351625 0.11114375 0.03345917
0 0.11015125 0.49450458 0.10677750 0.02795250
0 0.10693625 0.46739875 0.11241375 0.03134083
0 0.10312531 0.43754000 0.11685938 0.02498833
0 0.09836187 0.40662208 0.11940000 0.03515250
0 0.09391625 0.37907500 0.11304875 0.03180000
0 0.08962937 0.34438417 0.12098750 0.03473000
0 0.08470719 0.31685458 0.12321062 0.03727083
0 0.08121438 0.28508958 0.12003500 0.03388250
0 0.07327531 0.24781917 0.11431938 0.03218833
0 0.07295781 0.21684375 0.12448062 0.03472917
0 0.06787688 0.18135083 0.11876500 0.03541000
0 0.04612469 0.74048792 0.09113813 0.05463583
0 0.04425875 0.71211167 0.08613625 0.04955333
0 0.04235375 0.68879875 0.08470750 0.05213083
0 0.03850344 0.66249083 0.07271938 0.04714667
0 0.03612156 0.63549500 0.07049687 0.05031500
0 0.03453406 0.61299792 0.06478062 0.04448583
0 0.03231125 0.58629292 0.05906500 0.04611917
0 0.03056437 0.55924458 0.06065250 0.05023917
0 0.02818281 0.52933625 0.05334938 0.04229083
0 0.02627750 0.50133458 0.04953875 0.04238750
0 0.02405469 0.47190375 0.04318688 0.04280250
0 0.01802125 0.44232833 0.03556625 0.04610500
0 0.01738594 0.41199708 0.03429563 0.04154250
0 0.01627438 0.37896625 0.03016750 0.03899250
0 0.00313594 0.21406125 0.00627187 0.02461750
0 0.00361219 0.24945292 0.00722437 0.03684750
0 0.00821656 0.28540250 0.01643312 0.03181167
0 0.01103500 0.31790375 0.01968875 0.03542083
0 0.01468688 0.34738792 0.02445125 0.03405250
0 0.91736031 0.34287208 0.02268312 0.03959417
0 0.91145312 0.37212292 0.02032000 0.02521083
