0 0.38555833 0.69445000 0.28222500 0.12140000
0 0.66666667 0.69674375 0.26666667 0.11348125
0 0.40027500 0.79696875 0.26166667 0.02643125
0 0.40055833 0.85115000 0.25666667 0.03480000
0 0.38305833 0.90450000 0.23833333 0.02482500
0 0.37000000 0.93304375 0.22889167 0.02776875
0 0.36555833 0.96910000 0.24222500 0.02903125
0 0.68194167 0.78321250 0.23610833 0.04059375
0 0.67805833 0.83676875 0.21722500 0.02686875
0 0.67444167 0.88157500 0.21555833 0.03731875
0 0.65055833 0.91783125 0.20110833 0.01816875
0 0.62860833 0.95076250 0.15166667 0.02568750
0 0.92083333 0.75299375 0.15833333 0.03432500
0 0.90389167 0.79634375 0.17444167 0.03768125
0 0.88139167 0.85594375 0.20166667 0.03188125
0 0.85277500 0.88803125 0.18333333 0.02106875
0 0.83500000 0.92012500 0.14777500 0.02691875
