0 0.26972500 0.47332500 0.18944167 0.09003125
0 0.42972500 0.54377500 0.19833333 0.09921875
0 0.59222500 0.60942500 0.16222500 0.13468750
0 0.80444167 0.68653750 0.18666667 0.16390625
0 0.38055833 0.41644375 0.15000000 0.05705000
0 0.51777500 0.47104375 0.10222500 0.07458750
0 0.66055833 0.52105625 0.11000000 0.07461875
0 0.84750000 0.59004375 0.16722500 0.10008125
0 0.44472500 0.37205625 0.08389167 0.07244375
0 0.58777500 0.43415625 0.10889167 0.05497500
0 0.73139167 0.48188125 0.10166667 0.06292500
0 0.86139167 0.52168750 0.11722500 0.08003750
0 0.51416667 0.34850625 0.07833333 0.04617500
0 0.64777500 0.38288750 0.07333333 0.04411250
0 0.75805833 0.42623750 0.08833333 0.06414375
0 0.90194167 0.46103750 0.09833333 0.03790625
0 0.56889167 0.33058125 0.07110833 0.03532500
0 0.66694167 0.36913750 0.10610833 0.04160000
0 0.79889167 0.40101875 0.08666667 0.05120625
0 0.60166667 0.29557500 0.12555833 0.04864375
0 0.72222500 0.33808125 0.08889167 0.03366250
0 0.82110833 0.36809375 0.06444167 0.04368750
0 0.94555833 0.40539375 0.09110833 0.03912500
