0 0.03522337 0.13945313 0.07044674 0.27890625
0 0.04553265 0.52070313 0.01890034 0.02265625
0 0.04639175 0.46171875 0.01718213 0.02343750
0 0.02233677 0.38318359 0.04467354 0.23511719
0 0.02405498 0.59238281 0.04810997 0.18242187
0 0.05078125 0.34531250 0.00156250 0.00156250
0 0.47938144 0.46523437 0.93470790 0.36328125
0 0.43593750 0.28906250 0.00156250 0.00078125
0 0.54381443 0.28828125 0.00859107 0.00312500
0 0.59843750 0.28515625 0.00156250 0.00156250
0 0.01640625 0.19843750 0.00156250 0.00312500
0 0.01718213 0.18593750 0.01030928 0.01875000
0 0.15000000 0.01562500 0.00156250 0.00312500
0 0.13487973 0.01523438 0.00515464 0.00234375
0 0.15979381 0.01015625 0.00687285 0.01093750
0 0.42697595 0.14687500 0.80240550 0.29375000
