0 0.12542955 0.23176563 0.25085911 0.03305469
0 0.11554983 0.26497656 0.22250859 0.02917187
0 0.12886598 0.29135156 0.22336770 0.02332031
0 0.11855670 0.31928906 0.23711340 0.02060156
0 0.14390034 0.34742187 0.26202749 0.03000000
0 0.12628866 0.37399219 0.23539519 0.02063281
0 0.12027491 0.40446875 0.24054983 0.01909375
0 0.11855670 0.42928125 0.23711340 0.02575000
0 0.12757732 0.45233594 0.24656357 0.01716406
0 0.13058419 0.47557813 0.22680412 0.02069531
0 0.13659794 0.50000000 0.25601375 0.01875781
0 0.13960481 0.53107031 0.23625430 0.02228906
0 0.15120275 0.54747656 0.23367698 0.02385938
0 0.13530928 0.56467187 0.21048110 0.02700000
0 0.14518900 0.59182812 0.23883162 0.02271875
0 0.15592784 0.61625000 0.25171821 0.02077344
0 0.15249141 0.63109375 0.21048110 0.01922656
0 0.15635739 0.65082812 0.24398625 0.02353125
0 0.17096220 0.67290625 0.22164948 0.01690625
0 0.17053265 0.70006250 0.22938144 0.02825000
0 0.43685567 0.21886719 0.31529210 0.01507812
0 0.42697595 0.24641406 0.28694158 0.01939062
0 0.43814433 0.28666406 0.32646048 0.02957031
0 0.43728522 0.31479687 0.30756014 0.02333594
0 0.43642612 0.34859375 0.32302405 0.02453125
0 0.42826460 0.37575000 0.33247423 0.02024219
0 0.44372852 0.40446875 0.32903780 0.01909375
0 0.43427835 0.42791406 0.29295533 0.01910156
0 0.43298969 0.45526563 0.31615120 0.02693750
0 0.43084192 0.47773437 0.28608247 0.02889844
0 0.43127148 0.50918750 0.31271478 0.02540625
0 0.43341924 0.53087500 0.27405498 0.02580469
0 0.43642612 0.55548438 0.28865979 0.02035156
0 0.44072165 0.58088281 0.24570447 0.01646094
0 0.44415808 0.59983594 0.28694158 0.01920312
0 0.44158076 0.62972656 0.23024055 0.02821094
0 0.45103093 0.65102344 0.23195876 0.02001563
0 0.43814433 0.66939063 0.22336770 0.01767969
0 0.45274914 0.69028906 0.26975945 0.01652344
0 0.44544674 0.71080469 0.22938144 0.02239844
0 0.81228522 0.21671875 0.36168385 0.02250000
0 0.82130584 0.24446094 0.33676976 0.02329687
0 0.80884880 0.27767188 0.35481100 0.01940625
0 0.80627148 0.30775781 0.29810997 0.02489844
0 0.79853952 0.34018750 0.33419244 0.01944531
0 0.78994845 0.36968750 0.31701031 0.01985156
0 0.78737113 0.40056250 0.32903780 0.02690625
0 0.78737113 0.42967188 0.32903780 0.01871094
0 0.78694158 0.46073438 0.33676976 0.02225000
0 0.78264605 0.48339844 0.27663230 0.02070313
0 0.78092784 0.51309375 0.30756014 0.01759375
0 0.77018900 0.53673437 0.26030928 0.02971875
0 0.76804124 0.56232812 0.33333333 0.02230469
0 0.77620275 0.58479687 0.28951890 0.02427344
0 0.76546392 0.61428906 0.34536082 0.02156250
0 0.76632302 0.63539062 0.26116838 0.02000781
0 0.76761168 0.65649219 0.27233677 0.01532812
0 0.75300687 0.67798438 0.26030928 0.01925000
0 0.76202749 0.70455469 0.26975945 0.02551562
0 0.76288660 0.72897656 0.25429553 0.02358594
