0 0.10512500 0.19575000 0.15775000 0.03217500
0 0.27500000 0.19125000 0.15000000 0.02515833
0 0.43800000 0.18308333 0.13600000 0.03882500
0 0.59975000 0.16807500 0.15450000 0.04215000
0 0.76250000 0.16840833 0.14500000 0.03615000
0 0.10500000 0.23559167 0.16500000 0.03252500
0 0.10975000 0.27994167 0.15950000 0.03721667
0 0.11250000 0.31195000 0.16000000 0.02656667
0 0.11350000 0.35212500 0.14200000 0.03692500
0 0.11175000 0.38630833 0.14350000 0.03527500
0 0.11537500 0.42031667 0.14825000 0.03663333
0 0.12712500 0.45699167 0.14675000 0.02998333
0 0.13050000 0.49100000 0.13600000 0.03133333
0 0.12875000 0.53051667 0.16750000 0.02702500
0 0.14012500 0.56885833 0.14275000 0.03038333
0 0.14325000 0.60386667 0.15650000 0.02974167
0 0.14075000 0.63804167 0.14150000 0.02542500
0 0.15112500 0.67289167 0.14475000 0.02510833
0 0.15275000 0.69939167 0.13550000 0.02812500
0 0.15962500 0.74190833 0.15175000 0.02315000
0 0.16012500 0.76525000 0.13275000 0.02983333
0 0.16287500 0.80259167 0.13325000 0.02451667
0 0.15900000 0.83193333 0.13300000 0.02986667
0 0.17037500 0.86845000 0.12825000 0.03955833
0 0.27525000 0.23242500 0.15050000 0.03085000
0 0.43500000 0.22375833 0.16500000 0.02685000
0 0.60237500 0.20959167 0.12225000 0.04184167
0 0.76250000 0.20808333 0.14000000 0.02884167
0 0.27325000 0.26793333 0.13650000 0.03187500
0 0.27700000 0.30395000 0.13900000 0.02389167
0 0.28450000 0.33829167 0.15400000 0.03258333
0 0.28887500 0.37280000 0.14525000 0.03826667
0 0.28100000 0.40780833 0.13700000 0.03495833
0 0.28400000 0.44182500 0.14300000 0.03630833
0 0.28612500 0.47766667 0.12475000 0.03133333
0 0.28712500 0.51350833 0.15675000 0.02635000
0 0.29437500 0.55285000 0.12625000 0.02504167
0 0.30137500 0.58185833 0.13025000 0.03906667
0 0.29300000 0.61920833 0.11100000 0.03107500
0 0.30550000 0.65888333 0.15600000 0.02376667
0 0.31150000 0.68389167 0.13800000 0.02711667
0 0.31487500 0.72190000 0.14725000 0.02313333
0 0.30500000 0.75808333 0.11500000 0.03882500
0 0.31125000 0.78475833 0.15250000 0.03884167
0 0.31687500 0.82526667 0.11125000 0.02986667
0 0.31950000 0.86595000 0.14400000 0.04455833
0 0.43737500 0.26160000 0.16225000 0.03920833
0 0.44175000 0.29660833 0.14350000 0.04123333
0 0.43200000 0.33912500 0.12900000 0.03091667
0 0.44275000 0.37046667 0.15550000 0.02693333
0 0.44175000 0.40647500 0.12350000 0.03229167
0 0.44587500 0.44015000 0.14925000 0.02630833
0 0.45325000 0.47116667 0.13650000 0.04165833
0 0.45412500 0.50717500 0.14075000 0.03368333
0 0.45500000 0.53851667 0.13500000 0.02970000
0 0.45662500 0.57352500 0.15575000 0.02638333
0 0.46450000 0.61003333 0.13400000 0.02274167
0 0.45650000 0.63720833 0.13800000 0.02709167
0 0.46062500 0.67572500 0.11375000 0.02744167
0 0.46087500 0.70140000 0.13925000 0.03212500
0 0.46900000 0.74124167 0.13300000 0.03515000
0 0.46450000 0.76925000 0.14400000 0.03783333
0 0.46900000 0.80760000 0.12300000 0.04119167
0 0.47000000 0.84227500 0.14500000 0.03054167
0 0.60262500 0.25426667 0.15775000 0.03786667
0 0.76250000 0.24392500 0.14000000 0.02385833
0 0.60175000 0.28460833 0.14350000 0.02521667
0 0.60262500 0.31928333 0.14775000 0.02790000
0 0.59812500 0.35863333 0.14875000 0.02659167
0 0.60487500 0.39897500 0.13725000 0.03395000
0 0.60800000 0.42948333 0.14100000 0.03163333
0 0.60387500 0.46115833 0.11525000 0.03499167
0 0.60000000 0.49516667 0.12500000 0.03634167
0 0.60350000 0.52768333 0.15200000 0.03802500
0 0.60850000 0.56452500 0.12200000 0.02838333
0 0.60787500 0.59786667 0.15325000 0.02840000
0 0.62000000 0.63587500 0.13500000 0.02441667
0 0.61012500 0.66371667 0.15275000 0.03010833
0 0.61500000 0.69655833 0.14500000 0.02579167
0 0.61487500 0.72440000 0.13725000 0.01813333
0 0.62250000 0.75324167 0.11000000 0.03249167
0 0.61500000 0.78191667 0.14500000 0.02317500
0 0.61637500 0.83010000 0.11025000 0.03620000
0 0.76612500 0.27094167 0.13475000 0.03120833
0 0.76262500 0.31695000 0.13775000 0.02990000
0 0.76137500 0.34495833 0.13025000 0.04592500
0 0.76012500 0.37513333 0.13275000 0.03627500
0 0.76187500 0.41915000 0.13125000 0.03095833
0 0.75925000 0.45765833 0.13850000 0.03131667
0 0.75700000 0.49250000 0.13900000 0.03100833
0 0.75875000 0.52250833 0.15750000 0.03769167
0 0.76112500 0.55535833 0.13475000 0.03337500
0 0.75400000 0.58736667 0.13300000 0.03072500
0 0.76000000 0.62104167 0.13500000 0.02474167
0 0.75862500 0.65021667 0.13975000 0.03310000
0 0.75350000 0.68655833 0.13200000 0.03245000
0 0.75937500 0.71723333 0.14625000 0.02713333
0 0.76400000 0.74924167 0.13300000 0.02448333
0 0.75662500 0.78391667 0.11575000 0.02717500
0 0.75900000 0.81276667 0.12300000 0.04152500
