0 0.06111042 0.65734375 0.12222083 0.02218125
0 0.06000000 0.68089375 0.12000000 0.03178125
0 0.06333333 0.72236250 0.12666667 0.01888750
0 0.06666667 0.76091250 0.13333333 0.02516250
0 0.05889167 0.79529375 0.11777500 0.02310000
0 0.19889167 0.43540000 0.17555833 0.03246875
0 0.18666667 0.46645000 0.17333333 0.02373750
0 0.19610833 0.48208125 0.20333333 0.00915625
0 0.18722500 0.50188125 0.18555833 0.01958750
0 0.19666667 0.51792500 0.17110833 0.01418125
0 0.19222500 0.54001250 0.16222500 0.01669375
0 0.20000000 0.56877500 0.17777500 0.01588125
0 0.20166667 0.58398125 0.17000000 0.00880000
0 0.20166667 0.60670000 0.17000000 0.01673125
0 0.21000000 0.62753750 0.17555833 0.01508125
0 0.21500000 0.66088125 0.17444167 0.02510000
0 0.21666667 0.67901250 0.14444167 0.01552500
0 0.21360833 0.69485000 0.15500000 0.01386875
0 0.21305833 0.71715000 0.14277500 0.01263125
0 0.21333333 0.73048750 0.16000000 0.02264375
0 0.22722500 0.77195625 0.15444167 0.02641875
0 0.21916667 0.75111875 0.14389167 0.01806875
0 0.36500000 0.40643125 0.16333333 0.02036875
0 0.36639167 0.43040000 0.16055833 0.02246875
0 0.36333333 0.45103125 0.14889167 0.01789375
0 0.37222500 0.46395000 0.16666667 0.01873750
0 0.37333333 0.49228125 0.14666667 0.01706875
0 0.37000000 0.51311875 0.16222500 0.00874375
0 0.36916667 0.53041875 0.15500000 0.01416875
0 0.37889167 0.56563750 0.15777500 0.01377500
0 0.36750000 0.58397500 0.14055833 0.01711875
0 0.37583333 0.61127500 0.12389167 0.02588750
0 0.38444167 0.64253750 0.14666667 0.01340625
0 0.38333333 0.67963125 0.16666667 0.01259375
0 0.38610833 0.65775000 0.13889167 0.02300000
0 0.38444167 0.70985000 0.14666667 0.01886250
0 0.38750000 0.74756875 0.11389167 0.02346875
0 0.38027500 0.72172500 0.13277500 0.02178750
0 0.52750000 0.40684375 0.14944167 0.02118750
0 0.53555833 0.43393125 0.13777500 0.01703125
0 0.52583333 0.44435625 0.13500000 0.02954375
0 0.52860833 0.46977500 0.12944167 0.02205625
0 0.52610833 0.48561250 0.13000000 0.02040000
0 0.53333333 0.50436875 0.11110833 0.01623750
0 0.52972500 0.51895625 0.10944167 0.02041875
0 0.52444167 0.55417500 0.11555833 0.02001875
0 0.53277500 0.58731250 0.12110833 0.02379375
0 0.52889167 0.62106875 0.12444167 0.01630625
0 0.53222500 0.65962500 0.10889167 0.02258125
0 0.52083333 0.69484375 0.11389167 0.02218750
0 0.52250000 0.73548125 0.08389167 0.02429375
0 0.68027500 0.41455000 0.13277500 0.01576875
0 0.67416667 0.43893125 0.13166667 0.01703750
0 0.67666667 0.45581250 0.13110833 0.02330000
0 0.67860833 0.47665625 0.11833333 0.01497500
0 0.67444167 0.49145000 0.12666667 0.01540000
0 0.66444167 0.51145625 0.12889167 0.02208125
0 0.66610833 0.53104375 0.12110833 0.01958750
0 0.67444167 0.54896875 0.12666667 0.01376250
0 0.66777500 0.56646875 0.11333333 0.01544375
0 0.67110833 0.58439375 0.14222500 0.00961875
0 0.66833333 0.59856250 0.10333333 0.02129375
0 0.66277500 0.62982500 0.11444167 0.02548125
0 0.65527500 0.65879375 0.11610833 0.02091250
0 0.66222500 0.69401250 0.10222500 0.02051875
0 0.66750000 0.72235000 0.11833333 0.02720625
0 0.82833333 0.40225625 0.13444167 0.02035000
0 0.82139167 0.43164375 0.14833333 0.02495000
0 0.80889167 0.46852500 0.10666667 0.01121875
0 0.81777500 0.50686875 0.10222500 0.02124375
0 0.81139167 0.54396875 0.10610833 0.02043125
0 0.80972500 0.57647500 0.11389167 0.01878125
0 0.81083333 0.60065000 0.09389167 0.01713125
0 0.80694167 0.63670000 0.11944167 0.01840000
0 0.80110833 0.66650000 0.11333333 0.01550000
0 0.79722500 0.70193125 0.09444167 0.04470000
0 0.80055833 0.45518750 0.12333333 0.01788125
0 0.37777500 0.55459375 0.13333333 0.01251875
0 0.81583333 0.49499375 0.11500000 0.02832500
0 0.94305625 0.39725625 0.11388750 0.02701250
0 0.94860833 0.42101250 0.10277500 0.01619375
0 0.95000000 0.43935000 0.10000000 0.01953750
0 0.94722292 0.46998750 0.10555417 0.01830625
0 0.94583333 0.50478750 0.10833333 0.02541250
0 0.93000000 0.54125625 0.10444167 0.01918125
0 0.94000000 0.57647500 0.10222500 0.01878125
0 0.92860833 0.60877500 0.10722500 0.02088750
0 0.92500000 0.63399375 0.12777500 0.01715000
0 0.93000000 0.65983125 0.12666667 0.01883125
0 0.91805833 0.68942500 0.09722500 0.03635625
