0 0.46293103 0.48828125 0.35689655 0.04219531
0 0.46293103 0.52032031 0.39137931 0.02814844
0 0.45560345 0.54748438 0.38534483 0.03949219
0 0.48620690 0.57991406 0.45517241 0.03403906
0 0.45301724 0.61253906 0.36293103 0.04070313
0 0.43405172 0.64438281 0.42844828 0.03017187
0 0.23577586 0.30248438 0.23879310 0.02606250
0 0.22586207 0.32514844 0.24482759 0.02451563
0 0.22801724 0.34234375 0.27500000 0.02764844
0 0.23663793 0.37125781 0.25775862 0.02297656
0 0.22586207 0.38805469 0.27931034 0.03314844
0 0.53405172 0.30443750 0.24913793 0.02215625
0 0.52068966 0.32690625 0.24827586 0.02412500
0 0.50818966 0.34937500 0.26637931 0.02609375
0 0.52068966 0.37633594 0.21379310 0.02532813
0 0.52500000 0.40700781 0.20517241 0.03589062
0 0.80258621 0.40700781 0.24310345 0.03589062
