0 0.03900000 0.15924167 0.07800000 0.02780833
0 0.04762500 0.20025000 0.09275000 0.03650000
0 0.04150000 0.23292500 0.08300000 0.03518333
0 0.04650000 0.26743333 0.09300000 0.02754167
0 0.04000000 0.29910833 0.08000000 0.03089167
0 0.04850000 0.33779167 0.09700000 0.02825000
0 0.04825000 0.37613333 0.09150000 0.03160000
0 0.04987500 0.40997500 0.09225000 0.02261667
0 0.04000000 0.43948333 0.08000000 0.02497500
0 0.04987500 0.47900000 0.09225000 0.03400000
0 0.05000000 0.51100833 0.09000000 0.01800833
0 0.04650000 0.53835000 0.09300000 0.04603333
0 0.04700000 0.58085833 0.09400000 0.02772500
0 0.05337500 0.60753333 0.09925000 0.02774167
0 0.04750000 0.64055000 0.09500000 0.03375833
0 0.04662500 0.67589167 0.09075000 0.03778333
0 0.04700000 0.70906667 0.09400000 0.02746667
0 0.05250000 0.73890833 0.10500000 0.02381667
0 0.04762500 0.77441667 0.09275000 0.02483333
0 0.05337500 0.80625833 0.09925000 0.02518333
0 0.17887500 0.16724167 0.14025000 0.03048333
0 0.17750000 0.19675000 0.14500000 0.03283333
0 0.17475000 0.23309167 0.13450000 0.03218333
0 0.17662500 0.26994167 0.14075000 0.03587500
0 0.17037500 0.30211667 0.13325000 0.03022500
0 0.17575000 0.33695833 0.13650000 0.02991667
0 0.17250000 0.37646667 0.14500000 0.03894167
0 0.17687500 0.41114167 0.14625000 0.02829167
0 0.16975000 0.44049167 0.13450000 0.03364167
0 0.17350000 0.47666667 0.13700000 0.03600000
0 0.17637500 0.51184167 0.13525000 0.04301667
0 0.17875000 0.54368333 0.14250000 0.04337500
0 0.17587500 0.57519167 0.12425000 0.03639167
0 0.17587500 0.60770000 0.14425000 0.03807500
0 0.17600000 0.64438333 0.12200000 0.03142500
0 0.18000000 0.67939167 0.14000000 0.02811667
0 0.18100000 0.70690000 0.11200000 0.02645833
0 0.18100000 0.73740833 0.13200000 0.03748333
0 0.17750000 0.77558333 0.11500000 0.03050000
0 0.18875000 0.80992500 0.12250000 0.02585833
0 0.32750000 0.16490833 0.12500000 0.03248333
0 0.33175000 0.20825000 0.12850000 0.03917500
0 0.32300000 0.23592500 0.12600000 0.03452500
0 0.33125000 0.27710833 0.13750000 0.04021667
0 0.32850000 0.30811667 0.12700000 0.02890000
0 0.33100000 0.34329167 0.14200000 0.03591667
0 0.32762500 0.37780000 0.12275000 0.02826667
0 0.32462500 0.41080833 0.14675000 0.03429167
0 0.32600000 0.44615833 0.13200000 0.03831667
0 0.32800000 0.47816667 0.14600000 0.03566667
0 0.32962500 0.51184167 0.12675000 0.04301667
0 0.32750000 0.54918333 0.13500000 0.03770833
0 0.32612500 0.57902500 0.11975000 0.03405833
0 0.32500000 0.61487500 0.13000000 0.02907500
0 0.32962500 0.65305000 0.12675000 0.03810833
0 0.32600000 0.67789167 0.13200000 0.02844167
0 0.32250000 0.70723333 0.12500000 0.03380000
0 0.32850000 0.74407500 0.15700000 0.02415000
0 0.32875000 0.77375000 0.12250000 0.02350000
0 0.32712500 0.80475833 0.13175000 0.02551667
0 0.48400000 0.17374167 0.12800000 0.03348333
0 0.48587500 0.21442500 0.14425000 0.03484167
0 0.48337500 0.24243333 0.11925000 0.03752500
0 0.48050000 0.27960833 0.14100000 0.03521667
0 0.48000000 0.31578333 0.14000000 0.03756667
0 0.47912500 0.34979167 0.13575000 0.03892500
0 0.47600000 0.38330833 0.12200000 0.03594167
0 0.48050000 0.41731667 0.13100000 0.03730000
0 0.48100000 0.45649167 0.13200000 0.02565000
0 0.47725000 0.48583333 0.12950000 0.03100000
0 0.47937500 0.52217500 0.12125000 0.03035833
0 0.48075000 0.55485000 0.13650000 0.02904167
0 0.47662500 0.58870000 0.11075000 0.03339167
0 0.47625000 0.61337500 0.15750000 0.04274167
0 0.47525000 0.64305000 0.12550000 0.04210000
0 0.47250000 0.68055833 0.14500000 0.03378333
0 0.47675000 0.71490000 0.12850000 0.04247500
0 0.47025000 0.74524167 0.12550000 0.04315833
0 0.47312500 0.77658333 0.12375000 0.03917500
0 0.46862500 0.81025833 0.13475000 0.01985000
0 0.64000000 0.17907500 0.13000000 0.03082500
0 0.63500000 0.21892500 0.15000000 0.03384167
0 0.63625000 0.25510000 0.12750000 0.02286667
0 0.63300000 0.29660833 0.14600000 0.03589167
0 0.63612500 0.32361667 0.11975000 0.02990833
0 0.62737500 0.35763333 0.13725000 0.03125833
0 0.62900000 0.39580833 0.12800000 0.03761667
0 0.62750000 0.43315000 0.13500000 0.03230000
0 0.62550000 0.45965833 0.12100000 0.03531667
0 0.62087500 0.48966667 0.13425000 0.02866667
0 0.62550000 0.52650833 0.12100000 0.03235833
0 0.61975000 0.56119167 0.13450000 0.02170833
0 0.62125000 0.59153333 0.11750000 0.03573333
0 0.62112500 0.63120833 0.12975000 0.02841667
0 0.61750000 0.65888333 0.12500000 0.03710000
0 0.61700000 0.69322500 0.13400000 0.03245833
0 0.60950000 0.72106667 0.12900000 0.02480000
0 0.61787500 0.75657500 0.12825000 0.02582500
0 0.60750000 0.78175000 0.11500000 0.02617500
0 0.61362500 0.81876667 0.12475000 0.02685833
0 0.79300000 0.18491667 0.12600000 0.03249167
0 0.78675000 0.22442500 0.13850000 0.02818333
0 0.78850000 0.25610000 0.12700000 0.03153333
0 0.78900000 0.29060833 0.13800000 0.03722500
0 0.78650000 0.32895833 0.14300000 0.04057500
0 0.78375000 0.36096667 0.14250000 0.03793333
0 0.78050000 0.40447500 0.12100000 0.02828333
0 0.77687500 0.43481667 0.14625000 0.02896667
0 0.78012500 0.47333333 0.13775000 0.02932500
0 0.77512500 0.50300833 0.13775000 0.02867500
0 0.77062500 0.53235000 0.13875000 0.03402500
0 0.77100000 0.56485833 0.14200000 0.03571667
0 0.76650000 0.60386667 0.12300000 0.02706667
0 0.76750000 0.63454167 0.13500000 0.03509167
0 0.76112500 0.67039167 0.11975000 0.03010833
0 0.76612500 0.69889167 0.13975000 0.02379167
0 0.75975000 0.73174167 0.11450000 0.03280833
0 0.75900000 0.75925000 0.12800000 0.03115833
0 0.75487500 0.78742500 0.12225000 0.03084167
0 0.75550000 0.82310000 0.13100000 0.02886667
0 0.93937500 0.19108333 0.12125000 0.04150000
0 0.93625000 0.22525833 0.12750000 0.03985000
0 0.93525000 0.26143333 0.12550000 0.02886667
0 0.93500000 0.29910833 0.13000000 0.03089167
0 0.93312500 0.33179167 0.13375000 0.02957500
0 0.93375000 0.36713333 0.13250000 0.03360000
0 0.93500000 0.40480833 0.13000000 0.03562500
0 0.92750000 0.43831667 0.14500000 0.03264167
0 0.93437500 0.47316667 0.13125000 0.03232500
0 0.92812500 0.50234167 0.14375000 0.02734167
0 0.92350000 0.53768333 0.12700000 0.03136667
0 0.92287500 0.56902500 0.13825000 0.02738333
0 0.91450000 0.60153333 0.12900000 0.02906667
0 0.91712500 0.63470833 0.14175000 0.03209167
0 0.91375000 0.66955833 0.13250000 0.03177500
0 0.91787500 0.69990000 0.14825000 0.03245833
0 0.90950000 0.73574167 0.12900000 0.02748333
0 0.90675000 0.76141667 0.12850000 0.03215833
0 0.90462500 0.80025833 0.12675000 0.02651667
0 0.89962500 0.82476667 0.12675000 0.02553333
