0 0.33070312 0.14994845 0.07859375 0.04146048
0 0.32843750 0.18414089 0.08812500 0.03082474
0 0.32796875 0.21920962 0.07781250 0.03221649
0 0.32953125 0.25615120 0.08718750 0.02707904
0 0.32546875 0.27987973 0.07281250 0.04017182
0 0.32945313 0.32163230 0.09484375 0.03091065
0 0.33195312 0.35481100 0.08109375 0.02508591
0 0.33406250 0.38659794 0.07437500 0.03025773
0 0.33148437 0.40912371 0.06453125 0.03749141
0 0.33234375 0.44211340 0.08031250 0.02101375
0 0.33312500 0.47597938 0.06625000 0.01656357
0 0.33429687 0.50312715 0.07640625 0.02276632
0 0.33500000 0.52874570 0.07000000 0.02931271
0 0.33718750 0.55692440 0.07437500 0.01695876
0 0.33546875 0.59268041 0.07406250 0.01972509
0 0.34617188 0.61329897 0.07515625 0.02798969
0 0.33921875 0.63685567 0.06906250 0.02214777
0 0.34250000 0.66675258 0.07250000 0.02010309
0 0.34367187 0.70611684 0.07015625 0.04041237
0 0.41367188 0.25443299 0.07890625 0.03051546
0 0.42046875 0.19496564 0.08156250 0.04218213
0 0.41382813 0.22487973 0.06984375 0.02637457
0 0.41625000 0.28262887 0.06375000 0.03190722
0 0.41890625 0.31647766 0.07843750 0.02747423
0 0.41335938 0.34639175 0.06578125 0.02542955
0 0.41757813 0.38694158 0.07734375 0.02407216
0 0.41601562 0.40981100 0.06171875 0.02512027
0 0.41570313 0.43592784 0.07359375 0.03613402
0 0.41539063 0.46463918 0.06671875 0.02824742
0 0.41304688 0.49659794 0.06515625 0.01656357
0 0.41718750 0.52204467 0.06562500 0.02621993
0 0.41593750 0.54833333 0.06312500 0.02037801
0 0.41320313 0.57360825 0.06234375 0.03310997
0 0.41585937 0.60195876 0.06453125 0.01766323
0 0.41414063 0.63152921 0.06421875 0.02180412
0 0.41398437 0.65575601 0.06703125 0.01185567
0 0.41960938 0.68427835 0.05953125 0.02080756
0 0.42093750 0.70817869 0.06062500 0.01704467
0 0.49843750 0.23261168 0.07187500 0.02467354
0 0.49507813 0.26577320 0.07609375 0.03259450
0 0.49515625 0.29293814 0.06218750 0.02505155
0 0.49320312 0.32506873 0.07234375 0.02403780
0 0.49500000 0.35206186 0.05875000 0.03333333
0 0.49132813 0.38384880 0.07484375 0.02475945
0 0.49156250 0.40843643 0.05187500 0.02237113
0 0.49070313 0.43042955 0.06109375 0.03888316
0 0.48929687 0.46326460 0.05515625 0.02549828
0 0.48945312 0.48835052 0.06484375 0.02756014
0 0.49023438 0.51981100 0.05703125 0.02517182
0 0.48781250 0.54249141 0.06312500 0.02931271
0 0.48812500 0.56879725 0.05125000 0.02348797
0 0.48750000 0.59405498 0.06250000 0.02247423
0 0.48843750 0.61965636 0.05187500 0.01527491
0 0.49039063 0.64166667 0.06046875 0.01802405
0 0.48710938 0.66761168 0.05703125 0.01838488
0 0.48851562 0.68910653 0.06296875 0.01668385
