0 0.47838542 0.67878125 0.72239583 0.14585156
0 0.50104167 0.52814844 0.66875000 0.12192969
0 0.33958333 0.44667187 0.40833333 0.05662500
0 0.35442708 0.39079688 0.41197917 0.06206250
0 0.36875000 0.32710937 0.42500000 0.06750000
0 0.35572917 0.25814063 0.43020833 0.07410156
0 0.39713542 0.20246094 0.43489583 0.07602344
0 0.38385417 0.13428125 0.40312500 0.06855469
0 0.36510417 0.07351563 0.42812500 0.05250000
0 0.36328125 0.02252344 0.39843750 0.04504688
0 0.83854167 0.07078125 0.32291667 0.05484375
0 0.82552083 0.12880469 0.34895833 0.07324219
0 0.83593750 0.18331250 0.30729167 0.06116406
0 0.82552083 0.23508594 0.34895833 0.06705469
0 0.81015625 0.29252344 0.33385417 0.04910938
0 0.80598958 0.35230469 0.38802083 0.05149219
0 0.80937500 0.41306250 0.28541667 0.03628906
0 0.81380208 0.47089844 0.35156250 0.04257031
0 0.81953125 0.51992969 0.29010417 0.03517969
