0 0.57968750 0.82265625 0.00390625 0.00156250
0 0.42259414 0.78294118 0.84518828 0.08352941
0 0.42259414 0.79470588 0.84518828 0.06235294
0 0.45920502 0.87058824 0.91841004 0.11058824
0 0.08786611 0.73588235 0.03765690 0.01058824
0 0.08437500 0.72656250 0.00234375 0.00156250
0 0.11171875 0.72656250 0.00234375 0.00390625
0 0.04079498 0.71470588 0.03138075 0.03882353
0 0.07531381 0.69176471 0.00418410 0.00941176
0 0.75234375 0.37578125 0.00625000 0.00156250
0 0.79609375 0.32812500 0.00234375 0.00234375
0 0.77510460 0.32058824 0.00627615 0.00823529
0 0.49163180 0.50764706 0.82426778 0.51647059
0 0.35468750 0.25000000 0.00234375 0.00390625
0 0.46757322 0.95647059 0.93514644 0.08470588
0 0.37343750 0.90781250 0.00234375 0.00156250
0 0.17468619 0.90470588 0.00627615 0.00470588
0 0.18619247 0.90058824 0.00836820 0.00352941
0 0.72109375 0.53125000 0.00234375 0.00390625
0 0.69531250 0.51796875 0.00234375 0.00156250
0 0.55546875 0.51796875 0.00234375 0.00156250
0 0.68514644 0.51411765 0.00627615 0.00470588
0 0.58054393 0.51352941 0.00627615 0.00588235
0 0.47489540 0.51058824 0.01255230 0.00470588
0 0.58158996 0.50117647 0.00418410 0.00705882
0 0.67468619 0.50411765 0.01046025 0.01294118
0 0.63807531 0.52235294 0.12552301 0.05647059
0 0.34205021 0.49588235 0.00627615 0.00588235
0 0.36610879 0.51058824 0.05857741 0.03764706
0 0.21757322 0.50588235 0.03765690 0.03058824
0 0.49267782 0.51705882 0.06903766 0.04588235
0 0.67656250 0.48906250 0.00234375 0.00234375
0 0.41317992 0.48764706 0.00627615 0.00823529
0 0.59518828 0.48764706 0.00627615 0.00823529
0 0.36506276 0.48117647 0.01046025 0.00705882
0 0.38593750 0.47812500 0.00234375 0.00390625
0 0.39958159 0.47411765 0.00836820 0.01176471
0 0.45606695 0.47176471 0.02928870 0.03529412
0 0.19765625 0.35781250 0.00234375 0.00234375
0 0.39218750 0.30000000 0.00234375 0.00234375
0 0.55543933 0.40235294 0.70920502 0.31529412
0 0.03125000 0.99375000 0.00390625 0.00156250
0 0.46338912 0.90764706 0.92677824 0.18235294
