0 0.47110833 0.02486875 0.38666667 0.04973750
0 0.46555833 0.08384375 0.37555833 0.05852500
0 0.45694167 0.15053125 0.35277500 0.05856250
0 0.46222500 0.20388125 0.36889167 0.04859375
0 0.47277500 0.25785000 0.33444167 0.04403750
0 0.46833333 0.31953750 0.34777500 0.05074375
0 0.46722500 0.37809375 0.30110833 0.04702500
0 0.46860833 0.41623750 0.32055833 0.06080000
0 0.45833333 0.46791250 0.30555833 0.04749375
0 0.46889167 0.51209375 0.29333333 0.03585000
0 0.46083333 0.55481250 0.32722500 0.03379375
0 0.46360833 0.60024375 0.32166667 0.03298750
0 0.46666667 0.63900625 0.28889167 0.03550625
0 0.46083333 0.67901250 0.30500000 0.03220000
0 0.47444167 0.71506250 0.26000000 0.01680000
0 0.47610833 0.75299375 0.27444167 0.01765000
0 0.48333333 0.79363125 0.25555833 0.01976250
0 0.47722500 0.82572500 0.25444167 0.02561250
0 0.46416667 0.85010625 0.26722500 0.03688125
0 0.78166667 0.08384375 0.21889167 0.04185000
0 0.75889167 0.13448125 0.20666667 0.03063125
0 0.74833333 0.16698750 0.19666667 0.02898125
0 0.75416667 0.20888125 0.20277500 0.04192500
0 0.75333333 0.24638750 0.17333333 0.03361250
0 0.76722500 0.28848125 0.21222500 0.02613125
0 0.74666667 0.32411875 0.16000000 0.03490625
0 0.73750000 0.36892500 0.19166667 0.02868125
0 0.73777500 0.40914375 0.16444167 0.03829375
0 0.73666667 0.43686250 0.17555833 0.02288750
0 0.73000000 0.47478750 0.19333333 0.02374375
0 0.72750000 0.50688125 0.19389167 0.02959375
0 0.71805833 0.54063750 0.18610833 0.02211250
0 0.72222500 0.56440000 0.17777500 0.02796250
0 0.71916667 0.59982500 0.16610833 0.02381250
0 0.71333333 0.62920625 0.16000000 0.02841875
0 0.71500000 0.65546250 0.15222500 0.02260000
0 0.70889167 0.67671875 0.15110833 0.02344375
0 0.70889167 0.70715000 0.15110833 0.02596250
0 0.70444167 0.75132500 0.16444167 0.03098750
