0 0.22354167 0.29729375 0.20958333 0.06271250
0 0.46708333 0.30698125 0.20916667 0.05083750
0 0.69812500 0.31416875 0.21708333 0.04646875
0 0.90833333 0.31104375 0.18333333 0.04021250
0 0.21645833 0.34651875 0.20375000 0.02679375
0 0.22541667 0.37903125 0.20916667 0.01680625
0 0.22416667 0.41435000 0.19833333 0.01870625
0 0.23750000 0.44311250 0.22500000 0.02372500
0 0.22833333 0.46171250 0.20666667 0.02905000
0 0.23395833 0.49156250 0.22208333 0.02938125
0 0.23666667 0.52281875 0.19000000 0.01689375
0 0.23854167 0.54673750 0.20625000 0.02409375
0 0.23895833 0.57518125 0.18208333 0.02474375
0 0.24500000 0.59659375 0.19000000 0.02693750
0 0.24479167 0.62472500 0.17708333 0.02070625
0 0.25312500 0.64129375 0.17708333 0.02258750
0 0.25416667 0.66723750 0.17500000 0.01823125
0 0.25500000 0.68677500 0.17666667 0.01667500
0 0.25604167 0.71178125 0.17458333 0.01669375
0 0.26479167 0.75148125 0.15041667 0.02734375
0 0.26479167 0.79305625 0.15041667 0.02924375
0 0.46562500 0.35246250 0.20208333 0.03242500
0 0.46291667 0.38762500 0.20083333 0.02463125
0 0.46395833 0.41748125 0.19875000 0.02495625
0 0.46104167 0.43983125 0.20125000 0.02278125
0 0.45250000 0.47171250 0.20500000 0.02405000
0 0.45125000 0.50094375 0.21083333 0.02313125
0 0.46125000 0.52423125 0.16416667 0.02908750
0 0.46395833 0.54361250 0.18208333 0.03034375
0 0.45645833 0.57143125 0.16708333 0.02973750
0 0.46020833 0.60050000 0.16625000 0.01912500
0 0.44875000 0.62222500 0.18916667 0.01570000
0 0.45583333 0.64676250 0.16166667 0.01165000
0 0.46041667 0.67176875 0.14583333 0.01166875
0 0.46312500 0.71194375 0.14708333 0.02638125
0 0.45833333 0.75429375 0.15000000 0.01421250
0 0.44895833 0.79821875 0.15208333 0.02393125
0 0.71312500 0.35902500 0.19708333 0.02680000
0 0.69895833 0.39356875 0.21875000 0.03025625
0 0.70020833 0.42576250 0.19625000 0.02590000
0 0.69145833 0.45576875 0.20375000 0.02341875
0 0.69104167 0.48078125 0.17791667 0.02343125
0 0.68083333 0.51094375 0.19500000 0.01813750
0 0.68020833 0.53673125 0.18958333 0.01658750
0 0.68166667 0.55408125 0.20333333 0.01691250
0 0.67520833 0.58550000 0.17958333 0.02661875
0 0.66479167 0.60675000 0.18375000 0.01913125
0 0.66520833 0.63082500 0.15958333 0.02351875
0 0.66875000 0.65051250 0.14583333 0.01416250
0 0.65437500 0.67365000 0.15458333 0.02792500
0 0.65000000 0.71741250 0.15000000 0.02795000
0 0.64645833 0.76570625 0.14708333 0.03391250
0 0.64083333 0.79712500 0.16500000 0.03111875
0 0.92187500 0.36433750 0.15625000 0.03118125
0 0.91416667 0.39872500 0.16166667 0.02495000
0 0.91666667 0.42982500 0.16666667 0.02528125
0 0.91041667 0.50469375 0.16250000 0.01813125
0 0.91083333 0.45061250 0.17166667 0.01622500
0 0.91500000 0.48015625 0.16333333 0.02218125
0 0.88041667 0.53032500 0.16916667 0.01940000
0 0.87770833 0.55345625 0.15125000 0.02816250
0 0.89250000 0.57924375 0.16833333 0.02661875
0 0.87791667 0.60112500 0.16416667 0.03288125
0 0.86854167 0.63426250 0.17625000 0.02415000
0 0.85687500 0.67005625 0.14291667 0.03010625
0 0.84875000 0.71491250 0.17250000 0.02294375
0 0.82791667 0.75633125 0.14750000 0.02765625
0 0.82083333 0.79243125 0.14166667 0.02799375
