0 0.46555833 0.03320625 0.33110833 0.06641250
0 0.46000000 0.09155625 0.36444167 0.05311250
0 0.45527500 0.15407500 0.31610833 0.04481250
0 0.45610833 0.20616875 0.34555833 0.04067500
0 0.46055833 0.25764375 0.33222500 0.04778750
0 0.46083333 0.31078125 0.37166667 0.04156875
0 0.47777500 0.36496875 0.28889167 0.04993750
0 0.45389167 0.40623125 0.31889167 0.04078750
0 0.46860833 0.45478125 0.27610833 0.03373125
0 0.47750000 0.50313125 0.31610833 0.03042500
0 0.47472500 0.54918750 0.25500000 0.03503750
0 0.47333333 0.58481875 0.28000000 0.02714375
0 0.47805833 0.62378750 0.26166667 0.02591250
0 0.47472500 0.66317500 0.25500000 0.01718125
0 0.46527500 0.70235625 0.26944167 0.02887500
0 0.47500000 0.73507500 0.25000000 0.02347500
0 0.48916667 0.77925000 0.26166667 0.02850625
0 0.48166667 0.80530000 0.26333333 0.02643750
0 0.47860833 0.84218750 0.25166667 0.02937500
