0 0.16523437 0.82646048 0.12734375 0.32302405
0 0.34648438 0.81615120 0.11484375 0.35395189
0 0.02929688 0.90549828 0.05859375 0.17869416
0 0.10625000 0.54467354 0.07500000 0.14776632
0 0.87070313 0.79381443 0.13671875 0.38487973
0 0.51210938 0.79810997 0.08359375 0.38659794
0 0.08320313 0.89604811 0.11796875 0.16666667
0 0.25312500 0.82302405 0.11562500 0.34020619
0 0.07304687 0.73024055 0.14609375 0.17525773
0 0.51132813 0.56185567 0.07109375 0.08591065
0 0.60351562 0.79639175 0.08984375 0.38659794
0 0.43164062 0.80326460 0.09140625 0.37628866
0 0.68828125 0.79553265 0.10468750 0.39518900
