0 0.92833333 0.41468750 0.13500000 0.06937500
0 0.82083333 0.39375000 0.32833333 0.06625000
0 0.75458333 0.38687500 0.20416667 0.04875000
0 0.54875000 0.37593750 0.18250000 0.03687500
0 0.40000000 0.37062500 0.11000000 0.03500000
0 0.93250000 0.45906250 0.12500000 0.06187500
0 0.43416667 0.49000000 0.23000000 0.07125000
0 0.33125000 0.45531250 0.21916667 0.05937500
0 0.92500000 0.50656250 0.13833333 0.06562500
0 0.33250000 0.40875000 0.22000000 0.04875000
0 0.26791667 0.50093750 0.10916667 0.06437500
0 0.70541667 0.45437500 0.28250000 0.07000000
0 0.43083333 0.53343750 0.23166667 0.07562500
0 0.95833333 0.79937500 0.07166667 0.07500000
0 0.26250000 0.53781250 0.10500000 0.06062500
0 0.51916667 0.43031250 0.14500000 0.04437500
0 0.91916667 0.55000000 0.13833333 0.06625000
0 0.26125000 0.58250000 0.10916667 0.06625000
0 0.68666667 0.56218750 0.27666667 0.08562500
0 0.70166667 0.49718750 0.28000000 0.06937500
0 0.41833333 0.64781250 0.23166667 0.08687500
0 0.42666667 0.60062500 0.22333333 0.07375000
0 0.89958333 0.65281250 0.14416667 0.07812500
0 0.67500000 0.61968750 0.27166667 0.09562500
0 0.94875000 0.89375000 0.09416667 0.08250000
0 0.41041667 0.73406250 0.22083333 0.08937500
0 0.25583333 0.65250000 0.11000000 0.06500000
0 0.25750000 0.74750000 0.10833333 0.08875000
0 0.52500000 0.40468750 0.13000000 0.03312500
0 0.65083333 0.70718750 0.23833333 0.09812500
0 0.92875000 0.96031250 0.12250000 0.07687500
0 0.86500000 0.79125000 0.13833333 0.07750000
0 0.62500000 0.78906250 0.20166667 0.09312500
0 0.91625000 0.60406250 0.13916667 0.06437500
0 0.27791667 0.47187500 0.11083333 0.04125000
0 0.40208333 0.80468750 0.22583333 0.12812500
0 0.26000000 0.70437500 0.10166667 0.06500000
0 0.32333333 0.38343750 0.15166667 0.03437500
0 0.65375000 0.52125000 0.11750000 0.04375000
