0 0.19000000 0.37684375 0.22444167 0.03618750
0 0.18444167 0.41623125 0.21333333 0.02745625
0 0.18722500 0.44269375 0.20777500 0.03456250
0 0.18500000 0.47145625 0.22555833 0.03374375
0 0.19000000 0.50271250 0.20222500 0.03793125
0 0.17250000 0.53480625 0.18389167 0.02711250
0 0.18250000 0.55668750 0.20389167 0.03337500
0 0.17000000 0.58732500 0.20666667 0.03214375
0 0.18583333 0.61378750 0.18833333 0.02257500
0 0.19444167 0.65088125 0.20222500 0.02176250
0 0.17777500 0.67234375 0.17777500 0.01885625
0 0.18777500 0.70026875 0.19777500 0.01637500
0 0.18889167 0.72923750 0.17777500 0.02847500
0 0.17777500 0.75549375 0.17777500 0.02265625
0 0.18833333 0.78321250 0.18777500 0.02392500
0 0.17833333 0.80280000 0.16777500 0.02143125
0 0.17916667 0.82488750 0.17500000 0.02395000
0 0.17500000 0.85343750 0.16110833 0.02688125
0 0.17694167 0.87678125 0.19277500 0.02356250
0 0.18360833 0.89928750 0.16166667 0.03524375
0 0.42055833 0.39622500 0.23000000 0.03745000
0 0.66444167 0.40935625 0.21777500 0.03453750
0 0.41333333 0.43081875 0.20444167 0.03163750
0 0.66000000 0.44519375 0.20889167 0.02289375
0 0.42000000 0.45978125 0.21777500 0.02706875
0 0.66110833 0.46416250 0.18889167 0.03165625
0 0.42139167 0.49312500 0.19277500 0.02708750
0 0.66027500 0.50125625 0.20389167 0.03084375
0 0.40777500 0.51792500 0.21555833 0.03085000
0 0.64360833 0.53418125 0.21500000 0.02169375
0 0.41222500 0.54460000 0.20222500 0.03420000
0 0.65110833 0.56835625 0.21333333 0.02338125
0 0.40472500 0.57627500 0.20389167 0.03088750
0 0.63666667 0.58940625 0.20666667 0.02797500
0 0.40110833 0.60878750 0.18000000 0.02923750
0 0.63583333 0.61503750 0.19944167 0.03341250
0 0.40639167 0.63046250 0.19610833 0.03925625
0 0.63777500 0.64816875 0.23110833 0.02051250
0 0.40110833 0.66609375 0.18000000 0.03135625
0 0.62222500 0.67568125 0.20000000 0.02552500
0 0.39805833 0.68568125 0.19055833 0.02886875
0 0.62110833 0.70402500 0.22000000 0.03221250
0 0.37972500 0.71381875 0.18722500 0.03930625
0 0.62722500 0.72840625 0.19889167 0.02680625
0 0.40250000 0.74132500 0.19944167 0.02765000
0 0.62722500 0.74966250 0.22110833 0.02765625
0 0.39889167 0.76028750 0.19777500 0.03641250
0 0.62110833 0.78029375 0.19777500 0.02641875
0 0.39333333 0.78967500 0.20889167 0.04101250
0 0.61916667 0.80905000 0.21055833 0.02894375
0 0.38860833 0.81759375 0.20500000 0.02185625
0 0.61222500 0.83176875 0.20222500 0.01686250
0 0.38889167 0.84406250 0.17777500 0.02896250
0 0.63166667 0.85177500 0.23000000 0.02354375
0 0.41194167 0.87011250 0.18500000 0.02689375
0 0.60694167 0.88323750 0.18610833 0.02398125
0 0.39972500 0.89157500 0.16055833 0.02398750
0 0.61110833 0.90636875 0.20000000 0.01774375
0 0.39333333 0.91075000 0.16444167 0.02900000
0 0.60166667 0.93492500 0.19222500 0.02734375
