0 0.32412500 0.13325000 0.57575000 0.14915833
0 0.31837500 0.27545833 0.57925000 0.13690833
0 0.32450000 0.42500000 0.56900000 0.12599167
0 0.31900000 0.56253333 0.57800000 0.11774167
0 0.32200000 0.69024167 0.54400000 0.12648333
0 0.32150000 0.81727500 0.52300000 0.10721667
0 0.32137500 0.94049167 0.48525000 0.11900833
0 0.82537500 0.11356667 0.31325000 0.11647500
0 0.81737500 0.27111667 0.34725000 0.13490833
0 0.83437500 0.40748333 0.33125000 0.10429167
0 0.81500000 0.54101667 0.37000000 0.10137500
0 0.82125000 0.68806667 0.35750000 0.10879167
0 0.81437500 0.80943333 0.37125000 0.09819167
0 0.83875000 0.93296667 0.32250000 0.10193333
