0 0.06145833 0.25859375 0.12291667 0.14375000
0 0.79427083 0.52382813 0.40937500 0.23984375
0 0.13802083 0.43906250 0.21770833 0.10781250
0 0.56666667 0.39960937 0.36875000 0.18515625
0 0.56770833 0.53007812 0.37291667 0.44765625
0 0.06093750 0.20820312 0.12187500 0.24453125
0 0.15000000 0.46875000 0.24375000 0.17031250
0 0.40572917 0.27851562 0.00312500 0.00234375
0 0.41197917 0.23085938 0.00312500 0.00859375
0 0.24531250 0.02578125 0.00078125 0.00156250
0 0.11927083 0.02070312 0.00729167 0.01796875
0 0.31197917 0.01093750 0.00729167 0.00937500
0 0.26302083 0.23593750 0.30104167 0.47187500
0 0.27447917 0.01484375 0.05312500 0.02968750
