0 0.23849372 0.02647059 0.01255230 0.00588235
0 0.80625000 0.01250000 0.00234375 0.00156250
0 0.21757322 0.01411765 0.00836820 0.00470588
0 0.66562500 0.00546875 0.00390625 0.00156250
0 0.26171875 0.00546875 0.00390625 0.00156250
0 0.23535565 0.01117647 0.01046025 0.01294118
0 0.28138075 0.01176471 0.01882845 0.01647059
0 0.39539749 0.12352941 0.78242678 0.24705882
0 0.86297071 0.97176471 0.26987448 0.05411765
0 0.49895397 0.53529412 0.99790795 0.92705882
0 0.97384937 0.06941176 0.02301255 0.01882353
0 0.25418410 0.02470588 0.23221757 0.04941176
0 0.24790795 0.19882353 0.00627615 0.00705882
0 0.29602510 0.19352941 0.01464435 0.00588235
0 0.26778243 0.19411765 0.01255230 0.00705882
0 0.25937500 0.00625000 0.00390625 0.00390625
0 0.23326360 0.00882353 0.00627615 0.00823529
0 0.28347280 0.01000000 0.01464435 0.01294118
0 0.16406250 0.00078125 0.00234375 0.00156250
0 0.49895397 0.12411765 0.99790795 0.24823529
