0 0.25027500 0.68235000 0.16166667 0.02219375
0 0.25444167 0.72069375 0.17555833 0.03222500
0 0.26277500 0.76341250 0.15889167 0.03016250
0 0.26000000 0.79716875 0.16444167 0.04936875
0 0.26194167 0.83406250 0.15166667 0.02561875
0 0.45389167 0.45686875 0.18555833 0.02956875
0 0.45000000 0.48041250 0.16666667 0.02249375
0 0.45360833 0.50146250 0.16833333 0.02376250
0 0.44750000 0.52938750 0.16722500 0.02460625
0 0.44500000 0.55293750 0.14555833 0.01753750
0 0.44777500 0.56481250 0.14000000 0.02046250
0 0.43972500 0.58981875 0.13833333 0.02047500
0 0.44222500 0.60649375 0.15110833 0.02048750
0 0.44500000 0.63087500 0.14555833 0.01508125
0 0.43694167 0.65150625 0.13500000 0.02718125
0 0.43389167 0.67025625 0.12333333 0.02302500
0 0.43333333 0.68880625 0.13333333 0.02261875
0 0.43750000 0.72902500 0.14722500 0.01555625
0 0.43110833 0.76737500 0.10666667 0.02558125
0 0.42250000 0.81071875 0.14610833 0.02893750
0 0.43833333 0.71423125 0.13222500 0.01513125
0 0.42333333 0.79196250 0.13555833 0.01642500
0 0.62860833 0.43915625 0.12944167 0.03163750
0 0.61389167 0.47395625 0.12777500 0.02207500
0 0.61555833 0.49812500 0.14222500 0.02041875
0 0.60277500 0.51459375 0.10555833 0.02418125
0 0.60277500 0.53647500 0.10555833 0.03044375
0 0.60139167 0.55835625 0.10833333 0.02003750
0 0.59833333 0.57815000 0.11889167 0.01380000
0 0.59472500 0.59648750 0.11722500 0.01714375
0 0.59639167 0.61628750 0.10944167 0.02757500
0 0.59666667 0.63150000 0.10444167 0.02050000
0 0.58944167 0.65484375 0.10110833 0.03385000
0 0.58750000 0.69047500 0.11389167 0.02595000
0 0.57666667 0.70714375 0.10889167 0.02739375
0 0.57110833 0.74778125 0.12000000 0.02473750
0 0.57610833 0.78404375 0.11889167 0.02893125
0 0.76472500 0.49791875 0.14166667 0.02417500
0 0.77194167 0.43498125 0.12722500 0.02664375
0 0.77500000 0.45686250 0.11666667 0.01289375
0 0.77139167 0.48145625 0.11500000 0.02041250
0 0.75860833 0.52146875 0.12277500 0.02376875
0 0.74860833 0.55835625 0.12500000 0.02003750
0 0.74333333 0.59440625 0.10889167 0.02131250
0 0.74110833 0.62525000 0.10444167 0.01632500
0 0.72250000 0.65755000 0.12833333 0.01843125
0 0.72333333 0.69818750 0.11333333 0.02053750
0 0.71860833 0.74361875 0.10944167 0.01973125
0 0.72027500 0.76653750 0.10166667 0.02391250
0 0.72055833 0.72236250 0.11889167 0.01888750
0 0.72805833 0.67318125 0.11722500 0.02052500
0 0.89139167 0.44706875 0.11055833 0.02247500
0 0.88972500 0.47061875 0.09610833 0.01540625
0 0.89916667 0.49000000 0.10389167 0.01666875
0 0.88277500 0.51125625 0.08777500 0.01751250
0 0.87833333 0.52730000 0.10110833 0.01210000
0 0.87416667 0.54397500 0.10944167 0.01211250
0 0.87222500 0.56293750 0.10000000 0.02087500
0 0.87000000 0.58481875 0.09555833 0.01046875
0 0.86055833 0.60128125 0.11000000 0.01423125
0 0.85805833 0.62983125 0.11055833 0.01716250
0 0.85416667 0.64816875 0.09166667 0.02051250
0 0.84555833 0.67151250 0.11333333 0.01718750
0 0.84610833 0.68901875 0.10333333 0.01886875
0 0.84055833 0.70589375 0.11444167 0.01512500
0 0.83305833 0.72090000 0.11610833 0.01180000
0 0.83972500 0.73465625 0.10722500 0.01430625
0 0.82333333 0.75778750 0.11333333 0.03141250
0 0.98055625 0.45311250 0.03888750 0.01372500
0 0.95138958 0.73090000 0.09722083 0.01513750
0 0.95555625 0.70756250 0.08888750 0.01846250
0 0.96110833 0.68568125 0.07777500 0.01219375
0 0.96250000 0.66671875 0.07500000 0.02010625
0 0.96527500 0.64713125 0.06944167 0.02259375
0 0.96083333 0.61795625 0.06055833 0.01423750
0 0.96805625 0.59232500 0.06388750 0.02547500
0 0.97500000 0.56314375 0.05000000 0.01712500
0 0.97500000 0.53813750 0.05000000 0.01711250
0 0.97777500 0.51792500 0.04444167 0.01418125
0 0.98333333 0.49458125 0.03333333 0.01750000
