0 0.13130833 0.72785625 0.16975833 0.05360625
0 0.13467500 0.76183125 0.18254167 0.02961250
0 0.13368333 0.77652500 0.18055833 0.02552500
0 0.13219167 0.79355000 0.17758333 0.02423125
0 0.07936667 0.82686250 0.08085000 0.03355625
0 0.08320833 0.86193125 0.08705000 0.03488125
0 0.08320833 0.89326250 0.09102500 0.04061250
0 0.08395000 0.92833125 0.08358333 0.04640000
0 0.08556667 0.96368750 0.09425000 0.04270000
0 0.07167500 0.99070000 0.07639167 0.01860000
0 0.22916667 0.81538125 0.18402500 0.05640000
0 0.22879167 0.85908125 0.19469167 0.02398125
0 0.23499167 0.87992500 0.19220833 0.02398750
0 0.22929167 0.89890000 0.17584167 0.03963750
0 0.22619167 0.93723750 0.17212500 0.03444375
0 0.22482500 0.98505625 0.17683333 0.02665625
0 0.23239167 0.96123750 0.16964167 0.02664375
0 0.42237500 0.75455000 0.15277500 0.04108750
0 0.42485000 0.78589375 0.17758333 0.02008125
0 0.42795000 0.79743125 0.18130000 0.01338750
0 0.43564167 0.82748125 0.17187500 0.02326875
0 0.43675833 0.84795000 0.17162500 0.02403125
0 0.43055833 0.86953125 0.15426667 0.02552500
0 0.42795000 0.89344375 0.19121667 0.02684375
0 0.42845000 0.92972500 0.17237500 0.02276875
0 0.42497500 0.95847500 0.17535000 0.02781250
0 0.38579167 0.99162969 0.09697500 0.01674063
0 0.22420833 0.68216250 0.11855000 0.03696250
0 0.32812500 0.70318750 0.12301667 0.03957500
0 0.29824167 0.73947500 0.09548333 0.02210000
0 0.28968333 0.75677500 0.08085000 0.01578750
0 0.29042500 0.78021875 0.08730000 0.01803125
0 0.32217500 0.66932500 0.10119167 0.02690000
0 0.38516667 0.64523125 0.09821667 0.02148750
0 0.42237500 0.68095625 0.08333333 0.02597500
0 0.50185833 0.70858750 0.10094167 0.03473750
0 0.45461667 0.62578750 0.06845000 0.01421875
0 0.52740833 0.64225000 0.10739167 0.01553125
0 0.47222500 0.66002500 0.07886667 0.02316875
0 0.55568333 0.68235000 0.08457500 0.02318125
0 0.66740833 0.70700625 0.07738333 0.03343125
0 0.77715833 0.73268125 0.08605833 0.03270000
0 0.60305000 0.66243750 0.08506667 0.02578125
0 0.49814167 0.61406250 0.06870000 0.02426250
0 0.53757500 0.59899375 0.07316667 0.02015625
0 0.59139167 0.58085000 0.06671667 0.01921875
0 0.58395000 0.62913750 0.06175833 0.02091875
0 0.61470833 0.61071250 0.06374167 0.01756250
0 0.66084167 0.64448750 0.06671667 0.02000000
0 0.70560833 0.62643750 0.06448333 0.01738125
0 0.78993333 0.64216250 0.05456667 0.01720625
0 0.70957500 0.68132500 0.08234167 0.02671875
0 0.74913333 0.65928125 0.06473333 0.02168125
0 0.81250000 0.69798125 0.07490000 0.03212500
0 0.85292500 0.67741875 0.06150833 0.02262500
0 0.95076667 0.69249375 0.08605833 0.03416875
0 0.87822500 0.65490625 0.05258333 0.01851875
0 0.96800833 0.66951250 0.05357500 0.01610625
0 0.66592500 0.60252500 0.04464167 0.01606875
0 0.73586667 0.61350625 0.03571667 0.01198125
0 0.81510000 0.62838750 0.04786667 0.01198750
0 0.88194167 0.63648125 0.05505833 0.00771250
0 0.97482500 0.64895000 0.03993333 0.01404375
0 0.54799167 0.73174375 0.08407500 0.01753750
0 0.55493333 0.74979375 0.06820833 0.01336250
0 0.55480833 0.76831250 0.06051667 0.02100000
0 0.56026667 0.79855000 0.07341667 0.02455625
0 0.55332500 0.83083125 0.05754167 0.03593125
0 0.56039167 0.85864375 0.05927500 0.03241250
0 0.55419167 0.88888125 0.05183333 0.03298750
0 0.55183333 0.91827500 0.04464167 0.02631250
0 0.55035000 0.94740000 0.05158333 0.02448750
0 0.55258333 0.97568125 0.04116667 0.03061875
0 0.64645000 0.73035625 0.09746667 0.02246875
0 0.64211667 0.75035625 0.08630833 0.02713125
0 0.64769167 0.76543125 0.09499167 0.02378750
0 0.64161667 0.78124375 0.07540000 0.02938125
0 0.63740000 0.81296875 0.08184167 0.02400625
0 0.64186667 0.84050625 0.10069167 0.02700000
0 0.64496667 0.87065000 0.07465000 0.02775625
0 0.63219167 0.90516250 0.08630833 0.02424375
0 0.63579167 0.93288750 0.10094167 0.02388750
0 0.62921667 0.95000625 0.10020000 0.02091875
0 0.63950833 0.96926250 0.09350000 0.01665000
0 0.63132500 0.98703125 0.06225000 0.01685000
0 0.76661667 0.75491875 0.11706667 0.02695000
0 0.76636667 0.77389375 0.10168333 0.02026250
0 0.76215000 0.79203750 0.07837500 0.02120000
0 0.75173333 0.80785000 0.08730000 0.02679375
0 0.75037500 0.82003750 0.07217500 0.02326250
0 0.73437500 0.83929375 0.06250000 0.01155625
0 0.73561667 0.85464375 0.05010000 0.01063125
0 0.73214167 0.86962500 0.06300000 0.00896875
0 0.73499167 0.88776875 0.06125833 0.01735000
0 0.72855000 0.90218750 0.05828333 0.01828750
0 0.72693333 0.92032500 0.04761667 0.01178750
0 0.73165000 0.93586250 0.05208333 0.00751875
0 0.72606667 0.97028750 0.05332500 0.01311875
0 0.71788333 0.99348750 0.04191667 0.01301875
0 0.91517500 0.72310000 0.13343333 0.04144375
0 0.86210000 0.82730000 0.16815833 0.06531875
0 0.84350000 0.89149375 0.16964167 0.02628125
0 0.84883333 0.91940000 0.16493333 0.04341875
0 0.83370833 0.95401250 0.12970833 0.03822500
0 0.84350000 0.97791875 0.14186667 0.03954375
