0 0.21666667 0.27890000 0.25555833 0.03196250
0 0.46444167 0.28598750 0.24000000 0.03780000
0 0.69555833 0.27640000 0.23555833 0.06030625
0 0.91166667 0.31953750 0.16777500 0.03406875
0 0.21222500 0.31640625 0.22444167 0.02365000
0 0.21222500 0.35100000 0.24666667 0.03450625
0 0.21166667 0.38371875 0.23444167 0.02910625
0 0.22083333 0.42727500 0.24722500 0.02871875
0 0.21944167 0.44436250 0.20555833 0.02122500
0 0.22277500 0.47561875 0.23444167 0.02541250
0 0.22805833 0.50625625 0.20610833 0.02417500
0 0.22833333 0.53209375 0.22333333 0.02586250
0 0.23166667 0.55793750 0.20777500 0.02754375
0 0.23027500 0.57898125 0.21055833 0.01546875
0 0.23610833 0.60503750 0.21666667 0.03006875
0 0.23083333 0.63545625 0.20055833 0.01591875
0 0.24027500 0.65963125 0.18610833 0.01426250
0 0.25555833 0.68193125 0.20000000 0.01302500
0 0.25000000 0.70422500 0.21110833 0.01178750
0 0.24944167 0.72694375 0.19889167 0.01971875
0 0.24110833 0.74695000 0.19333333 0.02640000
0 0.25666667 0.76299375 0.18000000 0.01235000
0 0.25277500 0.78488125 0.16110833 0.02725625
0 0.46833333 0.33037500 0.25889167 0.03908125
0 0.46110833 0.35892500 0.25555833 0.04201250
0 0.45944167 0.39872500 0.21889167 0.02578125
0 0.46472500 0.42331875 0.21277500 0.03330000
0 0.45110833 0.45061250 0.21333333 0.02539375
0 0.46833333 0.48020625 0.23666667 0.02624375
0 0.47000000 0.51646875 0.20666667 0.02376875
0 0.46277500 0.53980625 0.20333333 0.02044375
0 0.45916667 0.56398125 0.15722500 0.01879375
0 0.46000000 0.58878125 0.20889167 0.02255625
0 0.45055833 0.61649375 0.20110833 0.02382500
0 0.43805833 0.63816875 0.22610833 0.01716875
0 0.45639167 0.66213125 0.20722500 0.01926875
0 0.46000000 0.67776250 0.18666667 0.00468750
0 0.43944167 0.70715000 0.17889167 0.02596250
0 0.45666667 0.73340625 0.18000000 0.02014375
0 0.45666667 0.75486875 0.15777500 0.01723750
0 0.46166667 0.78425625 0.15666667 0.03851250
0 0.71083333 0.33537500 0.18277500 0.03241250
0 0.70666667 0.37017500 0.21333333 0.03951875
0 0.70277500 0.40226875 0.19444167 0.02870000
0 0.69527500 0.43081250 0.21833333 0.01496250
0 0.69139167 0.45311875 0.17722500 0.03040000
0 0.69333333 0.48041250 0.20889167 0.02249375
0 0.69194167 0.51000625 0.21166667 0.02334375
0 0.67500000 0.53960000 0.18333333 0.02419375
0 0.67555833 0.56231250 0.19555833 0.01545625
0 0.66610833 0.57878125 0.18777500 0.03588750
0 0.65472500 0.60420000 0.19277500 0.02840000
0 0.67305833 0.63150000 0.21833333 0.02050000
0 0.65333333 0.65755000 0.17333333 0.01843125
0 0.66055833 0.67963750 0.15444167 0.02094375
0 0.64000000 0.69776875 0.16889167 0.02803750
0 0.63666667 0.71318750 0.16222500 0.01721250
0 0.64777500 0.73945000 0.14000000 0.02806250
0 0.64110833 0.78154375 0.12666667 0.03725625
0 0.91805625 0.36392500 0.16388750 0.03535000
0 0.91666667 0.40539375 0.16666667 0.02245000
0 0.92222292 0.43477500 0.15555417 0.02705000
0 0.89889167 0.45311875 0.17555833 0.03040000
0 0.90777500 0.48583125 0.14889167 0.02500000
0 0.89944167 0.49792500 0.16555833 0.05751250
0 0.91527500 0.54731250 0.16944167 0.03545625
0 0.87222500 0.57711250 0.18889167 0.04922500
0 0.85472500 0.61650000 0.14833333 0.04049375
0 0.85166667 0.63108750 0.18110833 0.04467500
0 0.86277500 0.65234375 0.15889167 0.04551875
0 0.85944167 0.68276875 0.15222500 0.03136875
0 0.85860833 0.71256875 0.16722500 0.04513750
0 0.84500000 0.73319375 0.14555833 0.02389375
0 0.82666667 0.76653750 0.16444167 0.02391250
