0 0.24400000 0.33841250 0.19466667 0.06382500
0 0.46883333 0.34920000 0.17433333 0.06040625
0 0.68466667 0.35320625 0.19600000 0.05840625
0 0.90000000 0.35595000 0.20000000 0.04890625
0 0.23600000 0.38395625 0.20533333 0.02491250
0 0.22766667 0.41183750 0.19533333 0.02318125
0 0.23800000 0.43547500 0.19600000 0.02794375
0 0.24450000 0.46223125 0.19900000 0.02646250
0 0.23800000 0.48886250 0.20933333 0.02722500
0 0.24133333 0.51700000 0.17600000 0.03099375
0 0.23416667 0.53500000 0.19833333 0.02700625
0 0.24300000 0.56538750 0.19933333 0.02026875
0 0.24333333 0.58876875 0.19333333 0.02953750
0 0.24383333 0.61552500 0.19766667 0.02805000
0 0.26133333 0.63828125 0.16266667 0.02856250
0 0.25250000 0.66003750 0.18833333 0.01707500
0 0.25100000 0.69317500 0.16200000 0.03085000
0 0.26116667 0.73693750 0.16566667 0.02336875
0 0.26250000 0.77795000 0.16833333 0.02539375
0 0.26616667 0.75531250 0.14233333 0.02263125
0 0.26783333 0.71893125 0.16566667 0.01735625
0 0.45750000 0.38541250 0.17833333 0.02033125
0 0.46350000 0.41455000 0.17700000 0.02610000
0 0.46400000 0.43980625 0.20800000 0.02161250
0 0.46250000 0.47093750 0.15500000 0.02138125
0 0.47433333 0.49081875 0.19533333 0.01363750
0 0.46916667 0.52508125 0.18166667 0.02716250
0 0.46100000 0.53570625 0.18200000 0.01591250
0 0.46233333 0.56759375 0.17133333 0.02218750
0 0.45200000 0.59060000 0.17066667 0.01820000
0 0.46033333 0.61885625 0.15400000 0.01971250
0 0.45216667 0.63411250 0.15433333 0.01522500
0 0.46350000 0.66374375 0.15033333 0.02199375
0 0.46333333 0.68312500 0.16666667 0.01325000
0 0.46783333 0.70013125 0.15233333 0.01726250
0 0.44716667 0.74189375 0.13766667 0.02578750
0 0.45166667 0.78365625 0.13666667 0.02431250
0 0.45666667 0.76102500 0.14000000 0.01154375
0 0.68150000 0.39091875 0.21300000 0.02133125
0 0.68816667 0.42667500 0.18633333 0.02785625
0 0.70066667 0.44643125 0.18800000 0.01236250
0 0.67950000 0.47569375 0.16900000 0.02588125
0 0.67733333 0.49745000 0.18133333 0.02439375
0 0.67383333 0.52508125 0.16433333 0.02716250
0 0.66383333 0.54921250 0.18433333 0.02292500
0 0.66300000 0.57146875 0.14600000 0.02243750
0 0.66700000 0.59247500 0.19400000 0.01445000
0 0.65650000 0.61535625 0.14833333 0.02271250
0 0.64750000 0.63673750 0.17166667 0.01797500
0 0.65850000 0.66561875 0.16033333 0.01824375
0 0.66116667 0.67862500 0.15233333 0.02425000
0 0.65366667 0.70425625 0.16733333 0.01301250
0 0.63383333 0.74376875 0.13766667 0.01203750
0 0.65266667 0.72301250 0.15866667 0.01552500
0 0.63666667 0.76040000 0.14000000 0.02280000
0 0.63633333 0.78328125 0.14600000 0.02106250
0 0.91416667 0.40229375 0.17166667 0.01658750
0 0.90666667 0.43280625 0.18666667 0.02760625
0 0.90133333 0.45881250 0.17600000 0.02962500
0 0.90516667 0.47856875 0.17366667 0.02413125
0 0.89266667 0.50557500 0.17200000 0.02815000
0 0.88733333 0.53245625 0.20133333 0.02441875
0 0.87933333 0.55358750 0.17200000 0.03418125
0 0.88500000 0.57559375 0.16333333 0.02819375
0 0.86633333 0.59572500 0.16600000 0.02595625
0 0.85483333 0.62248125 0.15966667 0.02446875
0 0.85766667 0.64548750 0.16200000 0.02048125
0 0.85566667 0.65811875 0.14466667 0.03324375
0 0.85133333 0.68462500 0.14266667 0.01625000
0 0.84233333 0.70700625 0.13133333 0.02351875
0 0.83033333 0.73214375 0.14733333 0.02128125
0 0.82600000 0.75977500 0.13200000 0.02405000
0 0.81866667 0.79966250 0.13066667 0.02632500
