0 0.36305833 0.18972500 0.39833333 0.15361250
0 0.78639167 0.17430625 0.40055833 0.16444375
0 0.35333333 0.31245000 0.46222500 0.04490625
0 0.37027500 0.37642500 0.40166667 0.05036875
0 0.37333333 0.42227500 0.41333333 0.03538125
0 0.39055833 0.47020000 0.32555833 0.02290625
0 0.39527500 0.50541875 0.32944167 0.02251250
0 0.40944167 0.55106250 0.29666667 0.03462500
0 0.41666667 0.58836250 0.32222500 0.03006250
0 0.39639167 0.61503750 0.28722500 0.05009375
0 0.38610833 0.65067500 0.29444167 0.02551250
0 0.40833333 0.65755000 0.27222500 0.01843125
0 0.39555833 0.68610000 0.30222500 0.02136250
0 0.42166667 0.71215000 0.25444167 0.01929375
0 0.42555833 0.72569375 0.27333333 0.02555625
0 0.43805833 0.76236875 0.22610833 0.03891875
0 0.44472500 0.78153750 0.23944167 0.01275625
0 0.42027500 0.79988750 0.25722500 0.04060625
0 0.80555833 0.28640000 0.38888333 0.04697500
0 0.80277500 0.31683125 0.35000000 0.04949375
0 0.80472500 0.36809375 0.35944167 0.04368750
0 0.80694167 0.41206250 0.38610833 0.03579375
0 0.77555833 0.44999375 0.35110833 0.03665000
0 0.75500000 0.48562500 0.34333333 0.02875000
0 0.74610833 0.51730000 0.30333333 0.02543125
0 0.74360833 0.55481250 0.30389167 0.03379375
0 0.73139167 0.66317500 0.30166667 0.03385625
0 0.73944167 0.58002500 0.29000000 0.03005625
0 0.73972500 0.62441875 0.28500000 0.03133125
0 0.70610833 0.68401875 0.24555833 0.02553125
0 0.69944167 0.71902500 0.21000000 0.02888750
0 0.69527500 0.75820625 0.21833333 0.02390625
0 0.68277500 0.78404375 0.24333333 0.02558750
