0 0.71302083 0.04375000 0.33437500 0.08750000
0 0.70729167 0.08945312 0.28750000 0.05078125
0 0.93697917 0.07460938 0.12395833 0.14921875
0 0.58203125 0.04062500 0.00234375 0.00234375
0 0.59687500 0.03359375 0.00625000 0.00468750
0 0.69739583 0.02578125 0.00312500 0.00312500
0 0.71562500 0.01953125 0.32916667 0.03906250
0 0.69895833 0.57421875 0.33541667 0.24375000
0 0.74843750 0.09062500 0.00078125 0.00156250
0 0.71562500 0.05976562 0.30625000 0.05546875
0 0.36562500 0.55429688 0.33125000 0.23828125
0 0.71354167 0.05703125 0.33541667 0.11406250
0 0.38437500 0.28476563 0.30625000 0.21015625
0 0.73437500 0.34218750 0.31875000 0.21562500
0 0.71458333 0.02656250 0.33750000 0.05312500
