0 0.11050000 0.08638333 0.12100000 0.01876667
0 0.11075000 0.12105833 0.12650000 0.02145000
0 0.10487500 0.15056667 0.12225000 0.02380000
0 0.11275000 0.18990833 0.13050000 0.03583333
0 0.10387500 0.21641667 0.13025000 0.02550833
0 0.11700000 0.24542500 0.14400000 0.02352500
0 0.12600000 0.31645000 0.11800000 0.02556667
0 0.11325000 0.27644167 0.11150000 0.02554167
0 0.12487500 0.40397500 0.11225000 0.02395000
0 0.12450000 0.34912500 0.11900000 0.02425000
0 0.12950000 0.37513333 0.10900000 0.02293333
0 0.12787500 0.43331667 0.11825000 0.01596667
0 0.12875000 0.46999167 0.10250000 0.02265833
0 0.13400000 0.49933333 0.11800000 0.01466667
0 0.13137500 0.52284167 0.10525000 0.01835000
0 0.13262500 0.55235000 0.11275000 0.02070000
0 0.13150000 0.58119167 0.10300000 0.02171667
0 0.14275000 0.60803333 0.11050000 0.01873333
0 0.13650000 0.63370833 0.10300000 0.02341667
0 0.14725000 0.66755000 0.10950000 0.02777500
0 0.24350000 0.07788333 0.10700000 0.03843333
0 0.24075000 0.12355833 0.12650000 0.02979167
0 0.23837500 0.18975000 0.10925000 0.02549167
0 0.23175000 0.14840000 0.09850000 0.02280000
0 0.24412500 0.21258333 0.10575000 0.02784167
0 0.25087500 0.25026667 0.12425000 0.02986667
0 0.24587500 0.28460833 0.11425000 0.02521667
0 0.25350000 0.31578333 0.12700000 0.02423333
0 0.24500000 0.34679167 0.10000000 0.02625000
0 0.25025000 0.38180000 0.11550000 0.02294167
0 0.25412500 0.47183333 0.11775000 0.02965833
0 0.24950000 0.40880833 0.10900000 0.03029167
0 0.25300000 0.43799167 0.11600000 0.03864167
0 0.25625000 0.49450000 0.12750000 0.02166667
0 0.25550000 0.52650833 0.11100000 0.03235833
0 0.26775000 0.55668333 0.11050000 0.02270833
0 0.26037500 0.58319167 0.10325000 0.02572500
0 0.26225000 0.61286667 0.11950000 0.02507500
0 0.26412500 0.63920833 0.10375000 0.03109167
0 0.26250000 0.67389167 0.10500000 0.03377500
0 0.37400000 0.14456667 0.10800000 0.02513333
0 0.49775000 0.15273333 0.12050000 0.03814167
0 0.62900000 0.15556667 0.10800000 0.02714167
0 0.75250000 0.15190000 0.11500000 0.03980833
0 0.88350000 0.15840833 0.09700000 0.02947500
0 0.36587500 0.17640833 0.13425000 0.02548333
0 0.37125000 0.21108333 0.11750000 0.02817500
0 0.37550000 0.23709167 0.12100000 0.02685000
0 0.36862500 0.26193333 0.12475000 0.01986667
0 0.37275000 0.29577500 0.12050000 0.02422500
0 0.37400000 0.32995000 0.10800000 0.02257500
0 0.37437500 0.35112500 0.12125000 0.02825833
0 0.37575000 0.38113333 0.11650000 0.02160000
0 0.37425000 0.41047500 0.12350000 0.02695833
0 0.37600000 0.44081667 0.10200000 0.02764167
0 0.37662500 0.45999167 0.11075000 0.02931667
0 0.37500000 0.48666667 0.10000000 0.02933333
0 0.37500000 0.51500833 0.12000000 0.02601667
0 0.37650000 0.53868333 0.11300000 0.02670000
0 0.38250000 0.57285833 0.10500000 0.02505000
0 0.37787500 0.59586667 0.09825000 0.02440000
0 0.37100000 0.61520000 0.11200000 0.02307500
0 0.37387500 0.64221667 0.11025000 0.03042500
0 0.37262500 0.67555833 0.10275000 0.03044167
0 0.49450000 0.67322500 0.10900000 0.03244167
0 0.61250000 0.67339167 0.10500000 0.02944167
0 0.72500000 0.67055000 0.11000000 0.02710833
0 0.83787500 0.67189167 0.10825000 0.02977500
0 0.50200000 0.18374167 0.12400000 0.02682500
0 0.49875000 0.20941667 0.11250000 0.03150833
0 0.49700000 0.24576667 0.12400000 0.03085833
0 0.50325000 0.26560000 0.11150000 0.03387500
0 0.50100000 0.30177500 0.11200000 0.02289167
0 0.49837500 0.33062500 0.11925000 0.03724167
0 0.50012500 0.35846667 0.11775000 0.02959167
0 0.49637500 0.38780833 0.11525000 0.03494167
0 0.49700000 0.41447500 0.11400000 0.02162500
0 0.49700000 0.43632500 0.11400000 0.04197500
0 0.49650000 0.46782500 0.11300000 0.02165833
0 0.49350000 0.49666667 0.10700000 0.02267500
0 0.49512500 0.51717500 0.11775000 0.02701667
0 0.49387500 0.54451667 0.10025000 0.02836667
0 0.49737500 0.57569167 0.11725000 0.02738333
0 0.49362500 0.60053333 0.09475000 0.02040000
0 0.49537500 0.62487500 0.10325000 0.02241667
0 0.62525000 0.17957500 0.11550000 0.02181667
0 0.62650000 0.20991667 0.12300000 0.03584167
0 0.62425000 0.24510000 0.11350000 0.02952500
0 0.62325000 0.27560833 0.11150000 0.02720833
0 0.62175000 0.30428333 0.11850000 0.03122500
0 0.62150000 0.33179167 0.11300000 0.02957500
0 0.62237500 0.36045833 0.12725000 0.02025833
0 0.61887500 0.38930000 0.10025000 0.02127500
0 0.62287500 0.41580833 0.10825000 0.02429167
0 0.61525000 0.43981667 0.10550000 0.03230833
0 0.61625000 0.46915833 0.11750000 0.02432500
0 0.61437500 0.49666667 0.11125000 0.02267500
0 0.61400000 0.51784167 0.11800000 0.02835000
0 0.61400000 0.54485000 0.10800000 0.02236667
0 0.61200000 0.56785833 0.11400000 0.02171667
0 0.60875000 0.59186667 0.10250000 0.02972500
0 0.61250000 0.61820833 0.09500000 0.02240833
0 0.61387500 0.63970833 0.10025000 0.02209167
0 0.75725000 0.18975000 0.11950000 0.02549167
0 0.75200000 0.20841667 0.10400000 0.02283333
0 0.75175000 0.23925833 0.10850000 0.02785833
0 0.74862500 0.26660000 0.11475000 0.02920833
0 0.74400000 0.29294167 0.11800000 0.02188333
0 0.74050000 0.31861667 0.11100000 0.03990833
0 0.74375000 0.35212500 0.10250000 0.02358333
0 0.74600000 0.37863333 0.11200000 0.02660000
0 0.73750000 0.40114167 0.11500000 0.03495000
0 0.73275000 0.43731667 0.10050000 0.02396667
0 0.73650000 0.46215833 0.10300000 0.01698333
0 0.73187500 0.48933333 0.09625000 0.02133333
0 0.72537500 0.52084167 0.11325000 0.02502500
0 0.72725000 0.54251667 0.10950000 0.02436667
0 0.72750000 0.56452500 0.10500000 0.01504167
0 0.72750000 0.58970000 0.09500000 0.02872500
0 0.72400000 0.60903333 0.09800000 0.01406667
0 0.72537500 0.63804167 0.08325000 0.02542500
0 0.84387500 0.63904167 0.09025000 0.03409167
0 0.84500000 0.61753333 0.09000000 0.02107500
0 0.84875000 0.59453333 0.09250000 0.02172500
0 0.85050000 0.56952500 0.09100000 0.03171667
0 0.85050000 0.54785000 0.09100000 0.02170000
0 0.85137500 0.52500833 0.09525000 0.03269167
0 0.85487500 0.49150000 0.09225000 0.03567500
0 0.85200000 0.46699167 0.09400000 0.02332500
0 0.85775000 0.44182500 0.09050000 0.03630833
0 0.85262500 0.41147500 0.09275000 0.02229167
0 0.86587500 0.38714167 0.09425000 0.03360833
0 0.86950000 0.36330000 0.10900000 0.03326667
0 0.86637500 0.32462500 0.10525000 0.03857500
0 0.87387500 0.29827500 0.11025000 0.03255833
0 0.87500000 0.26860000 0.10000000 0.03320833
0 0.87650000 0.24443333 0.11300000 0.02819167
0 0.88237500 0.21692500 0.10725000 0.04318333
0 0.87900000 0.19008333 0.10800000 0.03282500
