0 0.42733333 0.29582500 0.33466667 0.04614375
0 0.41900000 0.23230625 0.28466667 0.05911250
0 0.43150000 0.34821250 0.31300000 0.03341875
0 0.42466667 0.38397500 0.31600000 0.03994375
0 0.43000000 0.42785625 0.31333333 0.03622500
0 0.43116667 0.46599375 0.34566667 0.03398750
0 0.43483333 0.50263125 0.30633333 0.02475625
0 0.44633333 0.53988750 0.29933333 0.03228750
0 0.43800000 0.56840000 0.27600000 0.02129375
0 0.44333333 0.60190625 0.27333333 0.03432500
0 0.44083333 0.63178750 0.27833333 0.03059375
0 0.46066667 0.66117500 0.29466667 0.03186250
0 0.44583333 0.68830625 0.26833333 0.02762500
0 0.45400000 0.72194375 0.26800000 0.02439375
0 0.43950000 0.74682500 0.24900000 0.02065000
0 0.44650000 0.79571250 0.20300000 0.02093125
0 0.45933333 0.84298125 0.21200000 0.04046875
