0 0.83187500 0.75125000 0.12000000 0.06583333
0 0.79187500 0.70083333 0.10000000 0.04166667
0 0.76200000 0.65895000 0.10400000 0.03390833
0 0.84712500 0.97121667 0.16175000 0.05510000
0 0.69350000 0.97100000 0.13700000 0.05800000
0 0.68000000 0.89520000 0.14000000 0.08972500
0 0.81012500 0.88402500 0.13775000 0.07738333
0 0.64800000 0.81766667 0.11600000 0.05800833
0 0.76712500 0.81450000 0.11175000 0.04833333
0 0.63400000 0.75648333 0.09800000 0.05230000
0 0.72900000 0.75031667 0.09400000 0.05130833
0 0.61800000 0.70046667 0.08600000 0.04960833
0 0.70000000 0.69780000 0.08000000 0.04160000
0 0.60187500 0.65995000 0.07625000 0.02924167
0 0.67500000 0.65711667 0.07000000 0.02690833
0 0.52100000 0.65311667 0.08200000 0.03223333
0 0.53037500 0.69046667 0.08325000 0.04025833
0 0.53375000 0.73798333 0.09250000 0.05195833
0 0.53900000 0.79783333 0.09800000 0.06833333
0 0.55137500 0.87885833 0.12525000 0.09038333
0 0.55100000 0.96350000 0.13200000 0.07300000
0 0.44612500 0.65128333 0.06775000 0.03857500
0 0.44475000 0.69246667 0.07450000 0.04426667
0 0.43700000 0.73847500 0.08800000 0.04295833
0 0.43562500 0.79466667 0.10875000 0.07200000
0 0.42000000 0.86468333 0.12000000 0.07870833
0 0.41312500 0.95516667 0.12375000 0.08966667
0 0.37350000 0.65195000 0.06700000 0.03990833
0 0.36562500 0.69280000 0.08075000 0.03825833
0 0.34712500 0.73530833 0.07975000 0.04662500
0 0.32700000 0.79183333 0.09600000 0.06966667
0 0.30050000 0.86501667 0.10900000 0.07270833
0 0.26512500 0.94888333 0.12975000 0.09710000
0 0.03000000 0.95521667 0.06000000 0.07642500
0 0.14612500 0.94715833 0.10575000 0.10568333
0 0.18850000 0.86202500 0.12500000 0.06535833
0 0.23150000 0.78549167 0.09500000 0.06899167
0 0.25762500 0.73080833 0.08675000 0.04761667
0 0.27787500 0.68396667 0.07625000 0.05059167
0 0.29887500 0.64378333 0.06825000 0.05357500
0 0.05562500 0.86902500 0.09875000 0.08070833
0 0.11400000 0.79733333 0.10200000 0.06400000
0 0.15725000 0.73514167 0.08750000 0.04962500
0 0.18875000 0.69112500 0.08650000 0.04377500
0 0.21900000 0.65178333 0.07400000 0.02956667
0 0.02612500 0.79433333 0.04975000 0.06466667
0 0.06762500 0.74447500 0.08275000 0.05975000
0 0.11275000 0.68761667 0.08050000 0.02875833
0 0.14287500 0.65110833 0.06825000 0.02511667
0 0.03100000 0.70730000 0.06200000 0.04394167
0 0.06162500 0.66294167 0.07075000 0.03810833
0 0.01350000 0.65310833 0.02700000 0.02110833
