0 0.11137500 0.29410833 0.11525000 0.02755833
0 0.11475000 0.32645000 0.10450000 0.01890000
0 0.11737500 0.35245833 0.09725000 0.03092500
0 0.12087500 0.39114167 0.09425000 0.02827500
0 0.13125000 0.41981667 0.09750000 0.03230000
0 0.13400000 0.45132500 0.09800000 0.03865000
0 0.12450000 0.47049167 0.09900000 0.02699167
0 0.13600000 0.50517500 0.08200000 0.02967500
0 0.13787500 0.53117500 0.08825000 0.01502500
0 0.13675000 0.55468333 0.08850000 0.03204167
0 0.14825000 0.57952500 0.09150000 0.02505000
0 0.14012500 0.60120000 0.07775000 0.03506667
0 0.13787500 0.63104167 0.09825000 0.03141667
0 0.14725000 0.65988333 0.06950000 0.01910000
0 0.15075000 0.67989167 0.07650000 0.01910833
0 0.15400000 0.70656667 0.06800000 0.01912500
0 0.16312500 0.73407500 0.06375000 0.01747500
0 0.15925000 0.75507500 0.06350000 0.02615833
0 0.16237500 0.77341667 0.05725000 0.01616667
0 0.15950000 0.79925833 0.07900000 0.03118333
0 0.24262500 0.30228333 0.10275000 0.02722500
0 0.37025000 0.32045000 0.12550000 0.03357500
0 0.50900000 0.33645833 0.12800000 0.03891667
0 0.65925000 0.34679167 0.14350000 0.03959167
0 0.81850000 0.35780000 0.14700000 0.04159167
0 0.23800000 0.33795833 0.11600000 0.02525000
0 0.23675000 0.36963333 0.11850000 0.02860000
0 0.24175000 0.39680833 0.09850000 0.03295000
0 0.24812500 0.42665000 0.10375000 0.04263333
0 0.24750000 0.45482500 0.09500000 0.04231667
0 0.25150000 0.49016667 0.09300000 0.03300000
0 0.24700000 0.52000833 0.10400000 0.02935000
0 0.25775000 0.54901667 0.10050000 0.02736667
0 0.25725000 0.57785833 0.08950000 0.02838333
0 0.25850000 0.60236667 0.08700000 0.02740000
0 0.25850000 0.63437500 0.08700000 0.02475000
0 0.26075000 0.65121667 0.09650000 0.02843333
0 0.26150000 0.68455833 0.09300000 0.02845000
0 0.26112500 0.71056667 0.08975000 0.02713333
0 0.26150000 0.72657500 0.07300000 0.03247500
0 0.26612500 0.75907500 0.07975000 0.02082500
0 0.26250000 0.77791667 0.07500000 0.02850000
0 0.26550000 0.80292500 0.06100000 0.01851667
0 0.27537500 0.83426667 0.07325000 0.02786667
0 0.37100000 0.35629167 0.11800000 0.03393333
0 0.37275000 0.38830833 0.12050000 0.03928333
0 0.36837500 0.42331667 0.10925000 0.03596667
0 0.37050000 0.44899167 0.10100000 0.02730833
0 0.37000000 0.48316667 0.12000000 0.02566667
0 0.36400000 0.50867500 0.11800000 0.03335000
0 0.37000000 0.54368333 0.10000000 0.03003333
0 0.37450000 0.56819167 0.10900000 0.02905000
0 0.36950000 0.59820000 0.10900000 0.02240000
0 0.37350000 0.62904167 0.11700000 0.02741667
0 0.37150000 0.65721667 0.11300000 0.02710000
0 0.37550000 0.68339167 0.11100000 0.02278333
0 0.37912500 0.70806667 0.10775000 0.02145833
0 0.38112500 0.72890833 0.09975000 0.03047500
0 0.38037500 0.76191667 0.10325000 0.02315833
0 0.38300000 0.78591667 0.08600000 0.01784167
0 0.38037500 0.80425833 0.10325000 0.02118333
0 0.38625000 0.85928333 0.07750000 0.05789167
0 0.50912500 0.37146667 0.12575000 0.03560000
0 0.50812500 0.40714167 0.12375000 0.03362500
0 0.50737500 0.43248333 0.10725000 0.04430833
0 0.50425000 0.46233333 0.13350000 0.05399167
0 0.51100000 0.49867500 0.12200000 0.04000833
0 0.50300000 0.52451667 0.12600000 0.04169167
0 0.49562500 0.56269167 0.11875000 0.03471667
0 0.50275000 0.59186667 0.12050000 0.02972500
0 0.49762500 0.61470833 0.11275000 0.03207500
0 0.50500000 0.64805000 0.10000000 0.03210000
0 0.49350000 0.66805833 0.10700000 0.04544167
0 0.49762500 0.70673333 0.11275000 0.02946667
0 0.50450000 0.73674167 0.10900000 0.03615000
0 0.49187500 0.76291667 0.09625000 0.03183333
0 0.49975000 0.79759167 0.08450000 0.03451667
0 0.49700000 0.83077500 0.10400000 0.06420833
0 0.49962500 0.87661667 0.08675000 0.05256667
0 0.65175000 0.38664167 0.13850000 0.04261667
0 0.65462500 0.42381667 0.14675000 0.04030000
0 0.65912500 0.45632500 0.12575000 0.04198333
0 0.65350000 0.49266667 0.12700000 0.04134167
0 0.64750000 0.51617500 0.11500000 0.04502500
0 0.64612500 0.54901667 0.12975000 0.04070833
0 0.63550000 0.57853333 0.12100000 0.04305833
0 0.64412500 0.61670833 0.12575000 0.04941667
0 0.63500000 0.64105000 0.13000000 0.05143333
0 0.63512500 0.67122500 0.12775000 0.04177500
0 0.63300000 0.69689167 0.12600000 0.03312500
0 0.62950000 0.73274167 0.12900000 0.02814167
0 0.63462500 0.76291667 0.11675000 0.03183333
0 0.63312500 0.78709167 0.10375000 0.03684167
0 0.62725000 0.79825833 0.11950000 0.04919167
0 0.62412500 0.83327500 0.10575000 0.05920833
0 0.62512500 0.86577500 0.08775000 0.03422500
0 0.62750000 0.88261667 0.07500000 0.03790000
0 0.61800000 0.90379167 0.09600000 0.04358333
0 0.81812500 0.39680833 0.15375000 0.04628333
0 0.81362500 0.44032500 0.13475000 0.03664167
0 0.81200000 0.47250000 0.15400000 0.04433333
0 0.80775000 0.50817500 0.14050000 0.04235000
0 0.80400000 0.54068333 0.13800000 0.04403333
0 0.79950000 0.57319167 0.12900000 0.04572500
0 0.78862500 0.60636667 0.13475000 0.03540833
0 0.79450000 0.64005000 0.11900000 0.04275833
0 0.78675000 0.67105833 0.15850000 0.03144167
0 0.78850000 0.69406667 0.10700000 0.05746667
0 0.77512500 0.71873333 0.13775000 0.04014167
0 0.78512500 0.76125000 0.13775000 0.03516667
0 0.77150000 0.78342500 0.12300000 0.03617500
0 0.76800000 0.81359167 0.11600000 0.02652500
0 0.76800000 0.84394167 0.10600000 0.02720833
0 0.76100000 0.86827500 0.11200000 0.02922500
0 0.76900000 0.89045000 0.12800000 0.03023333
0 0.75600000 0.91929167 0.12200000 0.03125833
