0 0.17277500 0.09718125 0.31222500 0.05186250
0 0.49750000 0.11864375 0.28944167 0.04895625
0 0.81000000 0.14761250 0.26444167 0.04438750
0 0.16666667 0.22555000 0.33333333 0.04193750
0 0.16777500 0.14261250 0.31333333 0.05105625
0 0.16000000 0.18220625 0.27555833 0.03857500
0 0.16555833 0.27431875 0.28666667 0.04780000
0 0.15889167 0.31828750 0.29555833 0.03990625
0 0.15777500 0.35392500 0.27110833 0.04868125
0 0.15666667 0.40122500 0.29110833 0.04745625
0 0.14666667 0.43644375 0.27110833 0.04706250
0 0.16750000 0.48146250 0.27389167 0.05375625
0 0.15110833 0.51501250 0.25777500 0.05002500
0 0.15027500 0.55148125 0.29500000 0.04379375
0 0.13444375 0.59649375 0.26888750 0.03381875
0 0.14777708 0.62358750 0.29555417 0.04633750
0 0.14000000 0.67401250 0.25777500 0.02219375
0 0.14444167 0.70048125 0.24444167 0.02929375
0 0.15194167 0.74007500 0.24277500 0.03348125
0 0.15722500 0.77654375 0.25889167 0.02725000
0 0.14610833 0.79946875 0.25889167 0.03143125
0 0.15610833 0.84427500 0.25666667 0.04188125
0 0.49527500 0.16970000 0.26277500 0.04690625
0 0.50694167 0.21221250 0.25277500 0.04859375
0 0.49889167 0.25118125 0.26444167 0.04736875
0 0.48722500 0.29077500 0.25222500 0.03488750
0 0.47916667 0.33162500 0.26389167 0.04991875
0 0.47777500 0.36851250 0.24444167 0.05285625
0 0.47083333 0.40477500 0.25833333 0.06705000
0 0.48527500 0.44895000 0.24277500 0.03873125
0 0.46777500 0.48479375 0.24666667 0.04375625
0 0.44750000 0.52563750 0.23389167 0.02543750
0 0.47027500 0.56002500 0.24610833 0.04004375
0 0.46389167 0.58940625 0.22777500 0.04465000
0 0.45222500 0.62712500 0.23777500 0.03258125
0 0.45500000 0.66693125 0.21000000 0.03302500
0 0.44472500 0.69839375 0.23944167 0.03345625
0 0.43555833 0.73486250 0.22666667 0.02723125
0 0.43333333 0.76299375 0.24444167 0.02099375
0 0.44916667 0.79613125 0.24833333 0.02476250
0 0.42555833 0.82926875 0.25110833 0.02853125
0 0.80416667 0.19700000 0.25833333 0.03900000
0 0.78666667 0.23284375 0.21777500 0.04402500
0 0.79583333 0.27015000 0.27500000 0.03946250
0 0.78000000 0.30307500 0.22666667 0.04698125
0 0.78555833 0.34391875 0.28222500 0.04533750
0 0.75972500 0.38476875 0.21389167 0.06036875
0 0.75722500 0.42561250 0.25889167 0.04205000
0 0.75583333 0.45686875 0.23944167 0.04623750
0 0.73944167 0.48979375 0.26777500 0.05376250
0 0.74610833 0.52897500 0.23666667 0.04878125
0 0.73055833 0.55773125 0.25000000 0.04796250
0 0.73889167 0.60482500 0.23333333 0.03381875
0 0.73000000 0.63462500 0.26000000 0.03091875
0 0.72916667 0.67067500 0.23055833 0.01551875
0 0.71000000 0.69923125 0.24222500 0.03512500
0 0.69860833 0.73132500 0.22500000 0.04098125
0 0.69194167 0.76153750 0.21166667 0.03058125
0 0.69000000 0.79488125 0.20222500 0.03060000
0 0.69194167 0.83176875 0.23389167 0.03353750
