0 0.03062500 0.15541667 0.06125000 0.04583333
0 0.12656250 0.20000000 0.13562500 0.04500000
0 0.52218750 0.20791667 0.12062500 0.03416667
0 0.26281250 0.23000000 0.12812500 0.03666667
0 0.39718750 0.20583333 0.13187500 0.03333333
0 0.25406250 0.20291667 0.09937500 0.02916667
0 0.45906250 0.15250000 0.11312500 0.04500000
0 0.12843750 0.30916667 0.14062500 0.26333333
0 0.39250000 0.28208333 0.14250000 0.17583333
0 0.32500000 0.46291667 0.24875000 0.11416667
0 0.32906250 0.57458333 0.28062500 0.26583333
0 0.66062500 0.20416667 0.11500000 0.03166667
0 0.39093750 0.23708333 0.10687500 0.03416667
0 0.26718750 0.18458333 0.12937500 0.03583333
0 0.52406250 0.23583333 0.10687500 0.03166667
0 0.37531250 0.20458333 0.04687500 0.02416667
0 0.13875000 0.60750000 0.13875000 0.27500000
0 0.52656250 0.31333333 0.12437500 0.19500000
0 0.40000000 0.20375000 0.04500000 0.02583333
0 0.13406250 0.47791667 0.15687500 0.07916667
0 0.90562500 0.20666667 0.08250000 0.03000000
0 0.12625000 0.23125000 0.12500000 0.03416667
0 0.76343750 0.51833333 0.14312500 0.21000000
0 0.26562500 0.30791667 0.13125000 0.13083333
0 0.67437500 0.15583333 0.16000000 0.05166667
0 0.26906250 0.59000000 0.12187500 0.04500000
0 0.37125000 0.23791667 0.03750000 0.02750000
0 0.38562500 0.33750000 0.16750000 0.04000000
0 0.26312500 0.26625000 0.10500000 0.03416667
0 0.23562500 0.46916667 0.44125000 0.59333333
0 0.42906250 0.20625000 0.04062500 0.02583333
0 0.64781250 0.68250000 0.12312500 0.09666667
0 0.26062500 0.44916667 0.11000000 0.03833333
0 0.12500000 0.26166667 0.12125000 0.03666667
0 0.04312500 0.65000000 0.08125000 0.23833333
0 0.66687500 0.55666667 0.16750000 0.21166667
0 0.39625000 0.26666667 0.10875000 0.03500000
0 0.65937500 0.26333333 0.11250000 0.03666667
0 0.77843750 0.43916667 0.12187500 0.04833333
0 0.76968750 0.20750000 0.04812500 0.02666667
0 0.39593750 0.30000000 0.11562500 0.03333333
0 0.52593750 0.26333333 0.10437500 0.03500000
0 0.78500000 0.26791667 0.09500000 0.03750000
0 0.88687500 0.46791667 0.17750000 0.50583333
0 0.52125000 0.32458333 0.08625000 0.03583333
0 0.39562500 0.39166667 0.12375000 0.04166667
0 0.26718750 0.53500000 0.11312500 0.03500000
0 0.77406250 0.49583333 0.11687500 0.05000000
0 0.02750000 0.18166667 0.05125000 0.03166667
0 0.90125000 0.27000000 0.10125000 0.03833333
0 0.02625000 0.21291667 0.05250000 0.03250000
0 0.52093750 0.52250000 0.11312500 0.10666667
0 0.02718750 0.25000000 0.05437500 0.03166667
0 0.69312500 0.20541667 0.03500000 0.02416667
0 0.39812500 0.44916667 0.10750000 0.03666667
0 0.25937500 0.29833333 0.11500000 0.03333333
0 0.26281250 0.39000000 0.10937500 0.04000000
0 0.13031250 0.29708333 0.12437500 0.03416667
0 0.26093750 0.32791667 0.10062500 0.03416667
0 0.20437500 0.16625000 0.33125000 0.06416667
0 0.52218750 0.44416667 0.10062500 0.03833333
0 0.41406250 0.24000000 0.03062500 0.02666667
0 0.26562500 0.36125000 0.11125000 0.03416667
0 0.39750000 0.72416667 0.10500000 0.05833333
0 0.39562500 0.56166667 0.10625000 0.03666667
0 0.39718750 0.67083333 0.10312500 0.05000000
0 0.16593750 0.19750000 0.03562500 0.03000000
0 0.81281250 0.20583333 0.03937500 0.02500000
0 0.13343750 0.44708333 0.12437500 0.03750000
0 0.17156250 0.26208333 0.03312500 0.02916667
0 0.65437500 0.38375000 0.11500000 0.03750000
0 0.65750000 0.32375000 0.11625000 0.03750000
0 0.13156250 0.41750000 0.12437500 0.03333333
0 0.39687500 0.61583333 0.10625000 0.03833333
0 0.52312500 0.38500000 0.10625000 0.03833333
0 0.40093750 0.26708333 0.03312500 0.02916667
0 0.28937500 0.26458333 0.03000000 0.02916667
0 0.39500000 0.50541667 0.10750000 0.03583333
0 0.13000000 0.35750000 0.12250000 0.03333333
0 0.07968750 0.23208333 0.02812500 0.02583333
0 0.38718750 0.18416667 0.03062500 0.02166667
0 0.96156250 0.70000000 0.06937500 0.04500000
0 0.42062500 0.26708333 0.02750000 0.02916667
0 0.83250000 0.20875000 0.03000000 0.02583333
0 0.02718750 0.27958333 0.03937500 0.03083333
0 0.52062500 0.60833333 0.08875000 0.03666667
0 0.26531250 0.32583333 0.02687500 0.02833333
0 0.26843750 0.62250000 0.10562500 0.03500000
0 0.13031250 0.32416667 0.12062500 0.03500000
0 0.26687500 0.50750000 0.10000000 0.03333333
0 0.13250000 0.38750000 0.12000000 0.03500000
0 0.26562500 0.56541667 0.10375000 0.03416667
0 0.27125000 0.26541667 0.02875000 0.02750000
0 0.55000000 0.26250000 0.03000000 0.03000000
0 0.77000000 0.32458333 0.10250000 0.03916667
0 0.26593750 0.75333333 0.09812500 0.02833333
0 0.13500000 0.50750000 0.11250000 0.03500000
0 0.51937500 0.71125000 0.07875000 0.03250000
0 0.95093750 0.21250000 0.02562500 0.02666667
0 0.77656250 0.38208333 0.09437500 0.03750000
0 0.44406250 0.26708333 0.02312500 0.02750000
0 0.02843750 0.34916667 0.05687500 0.03333333
0 0.03250000 0.54708333 0.06500000 0.03416667
0 0.26718750 0.67541667 0.10187500 0.03083333
0 0.68343750 0.26416667 0.02687500 0.02833333
0 0.49343750 0.16041667 0.96812500 0.10916667
0 0.63968750 0.70750000 0.09062500 0.03666667
0 0.03031250 0.41625000 0.06062500 0.03416667
0 0.09875000 0.19125000 0.03125000 0.02416667
0 0.15062500 0.18875000 0.03000000 0.02416667
0 0.13687500 0.56458333 0.11000000 0.03416667
0 0.29750000 0.18833333 0.02375000 0.02000000
0 0.75406250 0.70208333 0.07312500 0.03250000
0 0.13687500 0.62125000 0.10875000 0.03250000
0 0.26875000 0.72958333 0.09875000 0.03250000
0 0.86343750 0.64916667 0.07312500 0.03166667
0 0.13875000 0.67666667 0.10375000 0.03166667
0 0.41062500 0.18875000 0.02125000 0.01916667
0 0.50250000 0.64041667 0.96875000 0.26083333
0 0.03531250 0.73000000 0.07062500 0.03166667
0 0.14156250 0.73208333 0.10062500 0.03083333
