0 0.14562500 0.28415625 0.14541667 0.02394375
0 0.13895833 0.30479375 0.11541667 0.02770625
0 0.14250000 0.33292500 0.11833333 0.02146875
0 0.14187500 0.35230625 0.11291667 0.02273125
0 0.14437500 0.37575000 0.10125000 0.02587500
0 0.14104167 0.40013125 0.09458333 0.02463750
0 0.14729167 0.42357500 0.09875000 0.02777500
0 0.15250000 0.44014375 0.10500000 0.02966250
0 0.14895833 0.45983750 0.10208333 0.02529375
0 0.14187500 0.48390625 0.09625000 0.01718125
0 0.15166667 0.50359375 0.08666667 0.01281875
0 0.15562500 0.52829375 0.08208333 0.01846250
0 0.15479167 0.55486250 0.11041667 0.04536250
0 0.15041667 0.59362500 0.10916667 0.04288125
0 0.15208333 0.63441875 0.07916667 0.03383750
0 0.14270833 0.67099375 0.09791667 0.03823750
0 0.29166667 0.29244375 0.13333333 0.03738750
0 0.43833333 0.30870000 0.14333333 0.03240000
0 0.63750000 0.32776875 0.19166667 0.03928750
0 0.85416667 0.37918750 0.20833333 0.03900625
0 0.27750000 0.32416875 0.12166667 0.02896875
0 0.28104167 0.34511250 0.12458333 0.02710625
0 0.27604167 0.37293750 0.11458333 0.02649375
0 0.27687500 0.39685000 0.11625000 0.02119375
0 0.28000000 0.41951250 0.11000000 0.02590000
0 0.28041667 0.44420625 0.10250000 0.01903750
0 0.27166667 0.46280625 0.11000000 0.02186250
0 0.28041667 0.48546875 0.08583333 0.02656250
0 0.26895833 0.51250625 0.09208333 0.02751250
0 0.28145833 0.55626875 0.10041667 0.02754375
0 0.28166667 0.59143750 0.09666667 0.03225000
0 0.26875000 0.63316875 0.09583333 0.03133750
0 0.26750000 0.67474375 0.08500000 0.03323750
0 0.26979167 0.72053750 0.09375000 0.03420000
0 0.42979167 0.33839375 0.13041667 0.02303750
0 0.43666667 0.37059375 0.15666667 0.03118125
0 0.42958333 0.39700625 0.13416667 0.03088750
0 0.41458333 0.41873125 0.13750000 0.02746250
0 0.42208333 0.44717500 0.11916667 0.02810000
0 0.41291667 0.47186875 0.11750000 0.02123750
0 0.40625000 0.49046875 0.13750000 0.03656875
0 0.41208333 0.51782500 0.11583333 0.03189375
0 0.41479167 0.53955000 0.11708333 0.04097500
0 0.41666667 0.56799375 0.11666667 0.04161250
0 0.40958333 0.59206250 0.11083333 0.03350000
0 0.42000000 0.61238125 0.10666667 0.03038750
0 0.40062500 0.63316875 0.10541667 0.03133750
0 0.40583333 0.68443125 0.11166667 0.03386875
0 0.40500000 0.72460000 0.11000000 0.03608125
0 0.40645833 0.76524375 0.10041667 0.05485625
0 0.62312500 0.35886875 0.18375000 0.02961250
0 0.62250000 0.38793750 0.17833333 0.03150625
0 0.60083333 0.41373125 0.18500000 0.02995625
0 0.60666667 0.44733125 0.16333333 0.02528750
0 0.61041667 0.47484375 0.16250000 0.03030625
0 0.61041667 0.50000625 0.14583333 0.02750625
0 0.59583333 0.52282500 0.15833333 0.02940000
0 0.60083333 0.55486250 0.13500000 0.02785000
0 0.59208333 0.57877500 0.15916667 0.02255000
0 0.59750000 0.60535000 0.14500000 0.03194375
0 0.58520833 0.62566875 0.14958333 0.04133750
0 0.58541667 0.65036250 0.16250000 0.03447500
0 0.57312500 0.67427500 0.11708333 0.02917500
0 0.57312500 0.70412500 0.13375000 0.02950000
0 0.58333333 0.72991875 0.11666667 0.04045625
0 0.56416667 0.74742500 0.12833333 0.05047500
0 0.56458333 0.76992500 0.08750000 0.03298125
0 0.56395833 0.80493750 0.11541667 0.04050000
0 0.84416667 0.41966875 0.20500000 0.03558750
0 0.84500000 0.44655000 0.20666667 0.03935625
0 0.82854167 0.48641250 0.18625000 0.05970000
0 0.82333333 0.50985625 0.21333333 0.05033125
0 0.82000000 0.55095625 0.20666667 0.03566250
0 0.82104167 0.57424375 0.22125000 0.04161875
0 0.80604167 0.61707500 0.20791667 0.05852500
0 0.79166667 0.65818125 0.21666667 0.05635625
0 0.78145833 0.68053125 0.20041667 0.05418125
0 0.78270833 0.72523125 0.21125000 0.04983125
0 0.77125000 0.75617500 0.20083333 0.04297500
0 0.77562500 0.78993125 0.15541667 0.03549375
0 0.75354167 0.80556875 0.16958333 0.05425625
0 0.76208333 0.85558125 0.16583333 0.05428750
