0 0.17187500 0.83591065 0.12812500 0.30412371
0 0.02734375 0.92096220 0.00312500 0.00687285
0 0.02031250 0.84793814 0.00312500 0.00171821
0 0.00976562 0.81529210 0.00390625 0.00515464
0 0.08046875 0.82989691 0.14687500 0.31958763
0 0.35117188 0.82646048 0.11796875 0.32989691
0 0.82031250 0.69845361 0.00312500 0.00171821
0 0.80625000 0.63984375 0.00312500 0.00156250
0 0.79023438 0.79553265 0.11640625 0.37800687
0 0.02929688 0.90549828 0.05859375 0.17869416
0 0.11914062 0.57216495 0.07734375 0.14776632
0 0.51875000 0.80154639 0.08437500 0.36941581
0 0.08750000 0.91323024 0.11093750 0.15292096
0 0.25664063 0.82560137 0.11171875 0.30412371
0 0.08007812 0.75515464 0.15078125 0.17353952
0 0.51718750 0.57474227 0.07031250 0.09793814
0 0.60937500 0.80154639 0.09218750 0.37285223
0 0.43867188 0.80841924 0.09453125 0.35910653
0 0.70078125 0.79639175 0.10156250 0.38659794
