0 0.47112092 0.61903629 0.12421467 0.01520161
0 0.47576087 0.60203629 0.11625000 0.01485887
0 0.47244565 0.58774194 0.11625000 0.01090726
0 0.47619565 0.57554435 0.11540761 0.00868952
0 0.47296196 0.56377016 0.13184783 0.01348790
0 0.47470109 0.54848790 0.12239130 0.01250000
0 0.47369565 0.53383065 0.14529891 0.01028226
0 0.47801630 0.51891129 0.12902174 0.01250000
0 0.47394022 0.50326613 0.13589674 0.01129032
0 0.47994565 0.48780242 0.12638587 0.01814516
0 0.47880435 0.47114919 0.14165761 0.01546371
0 0.47842391 0.45118952 0.13842391 0.02195565
0 0.47880435 0.43173387 0.14165761 0.01276210
0 0.47937500 0.41604839 0.14154891 0.02131048
0 0.47956522 0.39459677 0.15817935 0.01649194
0 0.47855978 0.37602823 0.15619565 0.01741935
0 0.48763587 0.35379032 0.15429348 0.01752016
0 0.48801630 0.33272177 0.15005435 0.02550403
0 0.48345109 0.30750000 0.17220109 0.02241935
0 0.49277174 0.28758065 0.14453804 0.02066532
0 0.48475543 0.25554435 0.14855978 0.03643145
0 0.45790761 0.22514113 0.13114130 0.02762097
0 0.44190217 0.20108871 0.12915761 0.02502016
0 0.42581522 0.18084677 0.12451087 0.02262097
0 0.41149457 0.16209677 0.11211957 0.01945565
0 0.60255435 0.61354839 0.11877717 0.01098790
0 0.60576087 0.59790323 0.10809783 0.01254032
0 0.60932065 0.58354839 0.11258152 0.01312500
0 0.60695652 0.56917339 0.11309783 0.01213710
0 0.61043478 0.55393145 0.11877717 0.01447581
0 0.61486413 0.54026210 0.10785326 0.01447581
0 0.61269022 0.52600806 0.11535326 0.01040323
0 0.62203804 0.50909274 0.11559783 0.01370968
0 0.62741848 0.49298387 0.13432065 0.01467742
0 0.62480978 0.47794355 0.13432065 0.01683468
0 0.62480978 0.46064516 0.13747283 0.01451613
0 0.63144022 0.44453629 0.13576087 0.01548387
0 0.63434783 0.42727823 0.14812500 0.02104839
0 0.64190217 0.40729839 0.15274457 0.01721774
0 0.64027174 0.38560484 0.14945652 0.02074597
0 0.65165761 0.36602823 0.14377717 0.02161290
0 0.64652174 0.34540323 0.16195652 0.01750000
0 0.65277174 0.32741935 0.15339674 0.02062500
0 0.65377717 0.30125000 0.15010870 0.02397177
0 0.64934783 0.26324597 0.15576087 0.04760081
0 0.54815217 0.18276210 0.10355978 0.02302419
0 0.57201087 0.20185484 0.11831522 0.01669355
0 0.60744565 0.22161290 0.12907609 0.02620968
0 0.52513587 0.15358871 0.12364130 0.03294355
0 0.73277174 0.60633065 0.11380435 0.02506048
0 0.73703804 0.58893145 0.11975543 0.01129032
0 0.74377717 0.57600806 0.12804348 0.00945565
0 0.74410326 0.56417339 0.12222826 0.01080645
0 0.74605978 0.55129032 0.12013587 0.01580645
0 0.74714674 0.53604839 0.12442935 0.01705645
0 0.74605978 0.52032258 0.12532609 0.01540323
0 0.75241848 0.50185484 0.12559783 0.02078629
0 0.76135870 0.48463710 0.11548913 0.01135081
0 0.81668478 0.30334677 0.15603261 0.05614919
0 0.80480978 0.34296371 0.15195652 0.01693548
0 0.79885870 0.36239919 0.13608696 0.02179435
0 0.79516304 0.38383065 0.14092391 0.01518145
0 0.78885870 0.40274194 0.13141304 0.01643145
0 0.78141304 0.42250000 0.13706522 0.01784274
0 0.78135870 0.43864919 0.11769022 0.01508065
0 0.77500000 0.45491935 0.12423913 0.01487903
0 0.77135870 0.46935484 0.11307065 0.01173387
0 0.76500000 0.26586694 0.10625000 0.01264113
0 0.74883152 0.23568548 0.15399457 0.03441532
0 0.63505435 0.16483871 0.08432065 0.01528226
0 0.65796196 0.18368952 0.10317935 0.02252016
0 0.69057065 0.20756048 0.11190217 0.01975806
0 0.83040761 0.53844758 0.02915761 0.01782258
0 0.83281929 0.52233972 0.03094837 0.01066331
0 0.89774185 0.24345766 0.12840217 0.02297177
0 0.89346196 0.26542540 0.11128261 0.01969355
0 0.89431793 0.28035383 0.10272283 0.01778831
0 0.89046603 0.30050907 0.07789946 0.02541331
0 0.90929755 0.31893347 0.02995924 0.01397581
0 0.90287772 0.33672077 0.03595109 0.01905847
0 0.90244973 0.35357460 0.03680707 0.01718952
0 0.89346196 0.36848589 0.03423913 0.01524597
0 0.88618614 0.38164718 0.03680707 0.01842339
0 0.88062092 0.40191935 0.04793750 0.01576613
0 0.87462908 0.41668145 0.03766576 0.01640726
0 0.86521332 0.43176714 0.04280163 0.02116734
0 0.86100136 0.44553226 0.03023641 0.01371774
0 0.85520245 0.45807964 0.03429620 0.01637298
0 0.85008288 0.47218044 0.03429620 0.01570363
0 0.84547690 0.48731149 0.03736685 0.01557460
0 0.84138179 0.49908770 0.03326902 0.01101815
0 0.83549592 0.51238407 0.02968750 0.00949798
0 0.72088315 0.16683266 0.11507065 0.02243145
0 0.76787228 0.18599294 0.14230435 0.02803831
0 0.80659647 0.20441633 0.12026359 0.02002621
0 0.92324185 0.17427722 0.11019022 0.02190927
0 0.82942120 0.16986391 0.10641304 0.01869153
0 0.87129484 0.18695161 0.09948641 0.02108871
0 0.90309239 0.20047278 0.08122826 0.01822379
0 0.90907337 0.54173690 0.09696739 0.02289718
0 0.91285190 0.52468044 0.09067120 0.01215121
0 0.91914810 0.51323185 0.09067120 0.01355242
0 0.91899185 0.50141129 0.09665217 0.01569758
0 0.93142663 0.48908871 0.09382065 0.01791129
0 0.93111277 0.47559677 0.10074728 0.02246371
0 0.93843207 0.46035282 0.10027174 0.01650000
0 0.94079348 0.44382359 0.09870109 0.01497782
0 0.94716848 0.43255242 0.07492935 0.01695968
0 0.94968614 0.41711794 0.09507880 0.01682460
0 0.95128940 0.40214012 0.09198641 0.01686895
0 0.95412228 0.38491129 0.08632065 0.01394355
0 0.96073370 0.37389113 0.07309783 0.01729032
0 0.96325272 0.35706855 0.06805978 0.01635484
0 0.98119837 0.25055343 0.03216848 0.02803831
0 0.98116984 0.26618649 0.03211141 0.01911895
0 0.97561005 0.28536694 0.04334511 0.01822581
0 0.97109647 0.30592843 0.05100272 0.02289718
0 0.96766033 0.32149597 0.05924457 0.01945161
0 0.96891984 0.33934173 0.05672554 0.01869153
0 0.95781929 0.19146573 0.07892663 0.02152016
