0 0.50687285 0.33882812 0.32646048 0.04406250
0 0.48711340 0.37418750 0.33848797 0.03275000
0 0.46477663 0.40407813 0.32817869 0.04175000
0 0.45446735 0.43728906 0.37628866 0.03786719
0 0.44115120 0.47246094 0.30670103 0.03007031
0 0.44630584 0.50332813 0.35137457 0.02149219
0 0.44931271 0.53126562 0.29725086 0.03440625
0 0.44630584 0.55373438 0.35137457 0.03636719
0 0.43556701 0.58264844 0.33848797 0.03169531
0 0.42096220 0.61156250 0.36082474 0.02702344
0 0.42697595 0.64907031 0.32130584 0.02392188
0 0.42869416 0.67017188 0.29037801 0.01924219
0 0.42783505 0.68267188 0.27147766 0.02863281
0 0.41795533 0.73385937 0.24312715 0.02944531
0 0.39647766 0.77254687 0.28608247 0.02086719
0 0.38445017 0.81708594 0.22766323 0.03183594
0 0.81099656 0.36812500 0.28178694 0.01672656
0 0.81099656 0.39900000 0.28178694 0.02377344
0 0.81228522 0.42087500 0.22422680 0.02066406
0 0.79295533 0.44334375 0.22852234 0.02263281
0 0.78350515 0.46776563 0.22680412 0.02068750
0 0.78178694 0.49238281 0.22336770 0.01523438
0 0.76804124 0.50762500 0.23024055 0.02227344
0 0.77663230 0.53243750 0.17869416 0.02893750
0 0.77319588 0.54435156 0.24054983 0.03324219
0 0.73582474 0.58479687 0.22594502 0.03990625
0 0.73754296 0.63128906 0.19501718 0.03133594
0 0.71091065 0.66392187 0.22766323 0.02236719
0 0.71864261 0.69478906 0.19158076 0.02942187
0 0.69243986 0.73425000 0.14776632 0.02240625
