0 0.17656250 0.74312715 0.10156250 0.11512027
0 0.61953125 0.40206186 0.05781250 0.06185567
0 0.38750000 0.88230241 0.09687500 0.22164948
0 0.11093750 0.67525773 0.00312500 0.00343643
0 0.12578125 0.59707904 0.10625000 0.14604811
0 0.52539062 0.47594502 0.05859375 0.07903780
0 0.47226563 0.56786942 0.06015625 0.09793814
0 0.20585938 0.47508591 0.06640625 0.06701031
0 0.53554688 0.55756014 0.06484375 0.09450172
0 0.84296875 0.85051546 0.21562500 0.28865979
0 0.63828125 0.46735395 0.06562500 0.07903780
0 0.27617188 0.61941581 0.08046875 0.10824742
0 0.12695312 0.62800687 0.11015625 0.20790378
0 0.56875000 0.40206186 0.05468750 0.06872852
0 0.14882813 0.47938144 0.08046875 0.08247423
0 0.03203125 0.93298969 0.06406250 0.12714777
0 0.67851562 0.85309278 0.18046875 0.28006873
0 0.29804687 0.52749141 0.06640625 0.08591065
0 0.12656250 0.63437500 0.00234375 0.00312500
0 0.11367188 0.58333333 0.08046875 0.11855670
0 0.25078125 0.89261168 0.19375000 0.20446735
0 0.79921875 0.65635739 0.17500000 0.13402062
0 0.24804688 0.73883162 0.08828125 0.13058419
0 0.55000000 0.85567010 0.08281250 0.27491409
0 0.11601562 0.89690722 0.13359375 0.19587629
0 0.41171875 0.50343643 0.05625000 0.08591065
0 0.10468750 0.46907216 0.00468750 0.00343643
0 0.15898438 0.45704467 0.10859375 0.13058419
0 0.31953125 0.72938144 0.08593750 0.12886598
0 0.51132813 0.35309278 0.04609375 0.05326460
0 0.17656250 0.56185567 0.08750000 0.10652921
0 0.40820312 0.59707904 0.06171875 0.09793814
0 0.66015625 0.55068729 0.07812500 0.09450172
0 0.01328125 0.91237113 0.02656250 0.05154639
0 0.55742187 0.34450172 0.05078125 0.05670103
0 0.28242187 0.99140893 0.00390625 0.00343643
0 0.29804687 0.89175258 0.10078125 0.20274914
0 0.39492187 0.70876289 0.08046875 0.13230241
0 0.46054688 0.43814433 0.00234375 0.00343643
0 0.46875000 0.47938144 0.05625000 0.08934708
0 0.48750000 0.41015625 0.00078125 0.00156250
0 0.20781250 0.63573883 0.08906250 0.10652921
0 0.12851562 0.43986254 0.06015625 0.07903780
0 0.54296875 0.66151203 0.07343750 0.12027491
0 0.61484375 0.65635739 0.08125000 0.11683849
0 0.89648438 0.53951890 0.07578125 0.10309278
0 0.47031250 0.86082474 0.07968750 0.26460481
0 0.47187500 0.67182131 0.07031250 0.12027491
0 0.58125000 0.46735395 0.06250000 0.07560137
0 0.63320312 0.85567010 0.09453125 0.27835052
0 0.68750000 0.65378007 0.09062500 0.11855670
0 0.51835937 0.41151203 0.05078125 0.06357388
0 0.59804687 0.55154639 0.07109375 0.09278351
0 0.21132812 0.89690722 0.11484375 0.18556701
