0 0.08150000 0.03754167 0.16300000 0.04440833
0 0.28612500 0.04187500 0.20975000 0.05975000
0 0.52212500 0.05437500 0.21175000 0.06142500
0 0.74900000 0.06054167 0.17800000 0.04910000
0 0.08200000 0.09421667 0.16400000 0.03777500
0 0.08650000 0.14740000 0.17300000 0.04080833
0 0.07950000 0.20125000 0.15900000 0.04517500
0 0.09200000 0.25426667 0.18400000 0.05120833
0 0.08487500 0.30478333 0.16225000 0.03556667
0 0.09262500 0.36263333 0.18275000 0.04793333
0 0.08950000 0.40830833 0.17900000 0.03929167
0 0.09900000 0.45949167 0.19800000 0.03832500
0 0.09200000 0.50634167 0.17400000 0.03535000
0 0.09500000 0.54551667 0.19000000 0.05037500
0 0.09062500 0.59836667 0.16875000 0.03273333
0 0.09987500 0.63955000 0.19225000 0.03842500
0 0.09850000 0.68122500 0.17700000 0.04845000
0 0.10500000 0.72440833 0.19000000 0.04480833
0 0.11325000 0.77125000 0.18150000 0.04183333
0 0.11025000 0.80859167 0.18550000 0.03652500
0 0.11650000 0.85127500 0.16300000 0.02855000
0 0.11800000 0.89295000 0.17600000 0.03857500
0 0.28525000 0.09789167 0.19550000 0.03844167
0 0.29662500 0.15106667 0.20075000 0.04147500
0 0.28975000 0.19708333 0.18450000 0.05350833
0 0.29187500 0.24793333 0.19625000 0.04520000
0 0.28862500 0.30461667 0.16475000 0.05190000
0 0.30437500 0.35680000 0.18125000 0.04626667
0 0.29925000 0.40164167 0.17350000 0.05262500
0 0.29612500 0.44999167 0.19975000 0.04931667
0 0.30412500 0.50417500 0.17575000 0.04768333
0 0.30350000 0.54801667 0.18700000 0.04537500
0 0.30600000 0.63737500 0.18200000 0.03742500
0 0.29800000 0.60103333 0.17600000 0.03806667
0 0.30800000 0.68639167 0.17600000 0.03545000
0 0.31200000 0.72724167 0.19400000 0.03380833
0 0.31750000 0.77058333 0.17500000 0.04050000
0 0.31000000 0.80510000 0.18000000 0.04619167
0 0.31212500 0.85894167 0.17175000 0.03721667
0 0.31787500 0.89578333 0.16825000 0.02757500
0 0.51687500 0.10239167 0.19625000 0.05078333
0 0.51637500 0.15740833 0.20525000 0.04748333
0 0.52550000 0.21242500 0.19100000 0.04417500
0 0.51350000 0.26677500 0.20700000 0.03954167
0 0.52137500 0.31378333 0.17525000 0.04690833
0 0.51525000 0.36380000 0.19550000 0.04026667
0 0.50700000 0.41465000 0.19400000 0.04530000
0 0.50987500 0.46449167 0.20225000 0.04165833
0 0.51187500 0.50700833 0.17625000 0.05001667
0 0.51900000 0.55152500 0.18800000 0.04904167
0 0.51087500 0.59870000 0.18425000 0.05340833
0 0.51575000 0.63888333 0.17650000 0.03709167
0 0.51300000 0.68372500 0.16600000 0.04345000
0 0.51637500 0.72074167 0.17525000 0.04414167
0 0.51050000 0.76458333 0.17100000 0.04183333
0 0.51650000 0.81192500 0.16300000 0.02985833
0 0.51150000 0.84527500 0.17300000 0.02987500
0 0.51912500 0.89345833 0.17575000 0.04290833
0 0.74150000 0.11123333 0.21300000 0.06512500
0 0.75800000 0.16190833 0.19600000 0.05981667
0 0.73375000 0.20842500 0.19250000 0.06285000
0 0.73837500 0.26577500 0.17925000 0.04420833
0 0.73675000 0.32245833 0.19850000 0.05090833
0 0.73275000 0.36596667 0.18050000 0.04126667
0 0.73187500 0.41915000 0.18625000 0.05763333
0 0.73387500 0.45282500 0.18025000 0.03831667
0 0.72000000 0.50717500 0.17000000 0.06035833
0 0.71662500 0.55269167 0.18075000 0.04137500
0 0.72012500 0.59720000 0.19775000 0.05374167
0 0.71350000 0.64638333 0.16700000 0.03543333
0 0.70912500 0.68589167 0.17575000 0.03111667
0 0.71387500 0.72624167 0.15025000 0.05181667
0 0.71262500 0.76942500 0.17275000 0.06150833
0 0.70525000 0.81342500 0.16550000 0.03486667
0 0.70812500 0.84660833 0.17375000 0.04588333
0 0.70387500 0.88961667 0.16025000 0.04524167
0 0.93687500 0.06721667 0.12625000 0.05710000
0 0.93500000 0.11540000 0.13000000 0.07012500
0 0.93550000 0.16774167 0.11100000 0.04815000
0 0.92850000 0.23009167 0.13700000 0.04619167
0 0.92700000 0.27244167 0.14400000 0.04421667
0 0.92187500 0.32979167 0.15625000 0.05225000
0 0.92862500 0.37847500 0.12475000 0.05627500
0 0.91300000 0.42131667 0.14600000 0.05864167
0 0.92062500 0.47366667 0.15875000 0.05000000
0 0.91750000 0.52318333 0.16500000 0.05235833
0 0.91262500 0.56752500 0.16275000 0.04105000
0 0.91250000 0.60836667 0.17500000 0.03940833
0 0.91275000 0.64621667 0.16050000 0.05176667
0 0.90487500 0.68505833 0.17225000 0.04612500
0 0.90262500 0.73090833 0.14275000 0.03447500
0 0.89950000 0.76875000 0.16900000 0.03350000
0 0.88500000 0.80709167 0.15000000 0.03685833
0 0.88800000 0.85110833 0.15600000 0.03155000
0 0.89050000 0.89012500 0.15100000 0.04957500
