0 0.22550000 0.27495000 0.15433333 0.02690000
0 0.21933333 0.29833125 0.15866667 0.03616875
0 0.21666667 0.31608750 0.18000000 0.03667500
0 0.21466667 0.34810000 0.16266667 0.03069375
0 0.21683333 0.37473125 0.13700000 0.02145625
0 0.21800000 0.39198750 0.12933333 0.03096875
0 0.22750000 0.42149375 0.18500000 0.02998750
0 0.21933333 0.44700000 0.17200000 0.02100000
0 0.22000000 0.46325625 0.16000000 0.02851250
0 0.21800000 0.48813750 0.18266667 0.03077500
0 0.21933333 0.51576875 0.15866667 0.02354375
0 0.21683333 0.53590000 0.16366667 0.02130000
0 0.21866667 0.55703125 0.14400000 0.02106250
0 0.22616667 0.57778750 0.18233333 0.02758125
0 0.21816667 0.60191875 0.16633333 0.02334375
0 0.22066667 0.61092500 0.16133333 0.03135000
0 0.22233333 0.63643125 0.14466667 0.02236250
0 0.21800000 0.65743750 0.14266667 0.02437500
0 0.21116667 0.67944375 0.14566667 0.02838750
0 0.41483333 0.28908125 0.17300000 0.03266250
0 0.61900000 0.29433125 0.15133333 0.02816250
0 0.81266667 0.29733125 0.17200000 0.03416875
0 0.41816667 0.31208750 0.16633333 0.03867500
0 0.60933333 0.31558750 0.16533333 0.04568125
0 0.82183333 0.32283750 0.18033333 0.02518125
0 0.39400000 0.33296875 0.16133333 0.03293750
0 0.59800000 0.34596875 0.16933333 0.02894375
0 0.80033333 0.35485000 0.18066667 0.01919375
0 0.41733333 0.35797500 0.16800000 0.03295000
0 0.40750000 0.38335625 0.15833333 0.02621250
0 0.41066667 0.40486250 0.16800000 0.02922500
0 0.40233333 0.43086875 0.17133333 0.02124375
0 0.41366667 0.45200000 0.15400000 0.02100000
0 0.40400000 0.47988125 0.14133333 0.01926875
0 0.41483333 0.49889375 0.14633333 0.02728125
0 0.40200000 0.52064375 0.15066667 0.01579375
0 0.40883333 0.54465625 0.16100000 0.02380625
0 0.40333333 0.56691250 0.15333333 0.02331875
0 0.40366667 0.58716875 0.16066667 0.01883125
0 0.39733333 0.60841875 0.15466667 0.01634375
0 0.40550000 0.63468125 0.15433333 0.02386250
0 0.38733333 0.64881250 0.14800000 0.02961875
0 0.40200000 0.66818750 0.15066667 0.02088125
0 0.39550000 0.69432500 0.14766667 0.04065000
0 0.60533333 0.36935000 0.18400000 0.01820625
0 0.60666667 0.39673750 0.14666667 0.02547500
0 0.59516667 0.41861875 0.18033333 0.02173125
0 0.59333333 0.44425000 0.14666667 0.02050000
0 0.59283333 0.46788125 0.16900000 0.02526250
0 0.58650000 0.48651250 0.13633333 0.02002500
0 0.58850000 0.50789375 0.16700000 0.02528750
0 0.58416667 0.53165000 0.15166667 0.02780000
0 0.58516667 0.55553125 0.14700000 0.01806250
0 0.56716667 0.57128750 0.13766667 0.02457500
0 0.57450000 0.58866875 0.17900000 0.03183750
0 0.58066667 0.61780000 0.14800000 0.02760000
0 0.58000000 0.63343125 0.14666667 0.03636250
0 0.57483333 0.65643750 0.11966667 0.01236875
0 0.56633333 0.67356875 0.13933333 0.02413125
0 0.57800000 0.70520000 0.12933333 0.03490625
0 0.81150000 0.37785625 0.19300000 0.02521250
0 0.80600000 0.39948750 0.17200000 0.03597500
0 0.78733333 0.43136875 0.20133333 0.01223750
0 0.79283333 0.44800000 0.15566667 0.03300625
0 0.78650000 0.47788750 0.14966667 0.02526875
0 0.77883333 0.49688750 0.16766667 0.02328125
0 0.79216667 0.52240000 0.16766667 0.02429375
0 0.77066667 0.54390625 0.16800000 0.02730625
0 0.77683333 0.56190625 0.16366667 0.02331875
0 0.77100000 0.58779375 0.14866667 0.02758125
0 0.77150000 0.60141875 0.13966667 0.03234375
0 0.75883333 0.63318125 0.14100000 0.02085625
0 0.75866667 0.65193125 0.13066667 0.01336875
0 0.76333333 0.67656875 0.15066667 0.03013750
0 0.73050000 0.70283125 0.14433333 0.04765625
