0 0.10050000 0.20158333 0.09100000 0.02583333
0 0.10312500 0.22642500 0.09375000 0.01884167
0 0.10600000 0.25460000 0.10200000 0.01852500
0 0.10475000 0.28060833 0.08450000 0.03055000
0 0.10312500 0.30561667 0.10375000 0.03390000
0 0.10750000 0.33262500 0.09500000 0.02790833
0 0.11125000 0.36496667 0.09750000 0.01925833
0 0.10437500 0.38780000 0.09125000 0.02160833
0 0.11237500 0.41047500 0.09725000 0.02695833
0 0.10950000 0.43731667 0.07900000 0.02396667
0 0.11087500 0.46349167 0.10425000 0.01965000
0 0.11075000 0.48716667 0.08650000 0.02033333
0 0.11662500 0.51250833 0.09075000 0.01767500
0 0.11112500 0.54251667 0.08975000 0.02436667
0 0.11675000 0.56419167 0.08850000 0.02104167
0 0.11112500 0.58685833 0.08975000 0.01305833
0 0.11337500 0.61536667 0.09925000 0.02007500
0 0.11300000 0.63887500 0.07600000 0.01041667
0 0.11675000 0.67255000 0.08850000 0.01777500
0 0.21250000 0.17407500 0.08500000 0.02481667
0 0.21525000 0.20691667 0.10550000 0.02316667
0 0.20575000 0.22809167 0.09650000 0.02885000
0 0.20937500 0.26110000 0.11125000 0.02153333
0 0.20862500 0.28327500 0.09475000 0.02255000
0 0.21262500 0.31028333 0.10275000 0.02990000
0 0.21100000 0.34112500 0.09200000 0.02158333
0 0.20950000 0.37046667 0.09900000 0.02693333
0 0.21425000 0.39347500 0.08350000 0.02627500
0 0.21462500 0.42015000 0.10675000 0.02629167
0 0.21462500 0.44299167 0.08675000 0.02864167
0 0.21500000 0.47032500 0.10000000 0.01665833
0 0.21425000 0.50050000 0.08350000 0.02034167
0 0.21450000 0.51517500 0.09900000 0.03635000
0 0.21812500 0.55051667 0.08375000 0.02703333
0 0.21762500 0.57519167 0.09275000 0.02305000
0 0.21050000 0.59470000 0.10100000 0.01872500
0 0.21825000 0.62120833 0.09150000 0.02174167
0 0.21412500 0.65038333 0.09575000 0.01675833
0 0.21425000 0.67805833 0.10350000 0.02544167
0 0.31662500 0.17840833 0.08075000 0.01615000
0 0.43287500 0.18007500 0.09825000 0.02615000
0 0.54562500 0.18340833 0.09875000 0.03282500
0 0.65387500 0.18274167 0.10025000 0.03149167
0 0.78150000 0.18825000 0.09300000 0.02582500
0 0.89112500 0.24059167 0.08975000 0.03052500
0 0.32362500 0.20375000 0.10475000 0.02683333
0 0.32350000 0.23509167 0.10500000 0.02285000
0 0.31950000 0.26376667 0.09900000 0.02686667
0 0.32025000 0.29144167 0.09550000 0.02221667
0 0.31425000 0.31695000 0.11350000 0.02990000
0 0.31650000 0.34329167 0.09300000 0.03591667
0 0.31850000 0.36880000 0.10700000 0.03026667
0 0.32100000 0.39880833 0.09200000 0.02361667
0 0.32100000 0.42181667 0.10200000 0.03630000
0 0.31850000 0.44999167 0.08700000 0.02264167
0 0.31612500 0.47900000 0.10975000 0.02065833
0 0.32050000 0.50484167 0.09100000 0.02234167
0 0.32350000 0.52684167 0.09700000 0.02635833
0 0.31750000 0.55301667 0.09500000 0.02203333
0 0.32162500 0.57802500 0.10075000 0.03872500
0 0.32100000 0.60086667 0.09200000 0.02773333
0 0.32025000 0.62587500 0.09550000 0.03108333
0 0.31125000 0.65105000 0.09750000 0.03143333
0 0.32050000 0.68289167 0.10100000 0.03178333
0 0.43712500 0.20775000 0.11175000 0.03484167
0 0.43175000 0.23109167 0.10850000 0.02818333
0 0.42812500 0.26693333 0.10375000 0.02320000
0 0.42950000 0.29077500 0.08900000 0.02088333
0 0.43087500 0.32578333 0.09425000 0.03090833
0 0.42937500 0.35196667 0.10125000 0.05325833
0 0.42700000 0.37580000 0.09400000 0.03760833
0 0.42650000 0.39680833 0.09300000 0.03295000
0 0.42887500 0.43081667 0.10025000 0.03430000
0 0.42512500 0.45549167 0.10775000 0.03031667
0 0.42750000 0.48516667 0.10500000 0.02966667
0 0.42387500 0.50767500 0.09025000 0.02467500
0 0.42687500 0.53568333 0.09625000 0.02735833
0 0.42612500 0.55385000 0.08975000 0.03370833
0 0.42575000 0.58385833 0.09650000 0.02705833
0 0.43100000 0.60786667 0.08200000 0.03507500
0 0.42050000 0.63087500 0.10100000 0.03441667
0 0.42000000 0.65455000 0.10000000 0.03510000
0 0.42562500 0.69306667 0.09875000 0.04879167
0 0.54662500 0.21675000 0.10075000 0.01950833
0 0.54700000 0.24225833 0.10400000 0.02719167
0 0.55162500 0.27494167 0.11075000 0.02587500
0 0.53900000 0.29927500 0.10800000 0.02789167
0 0.54162500 0.33012500 0.11075000 0.03290833
0 0.54350000 0.35179167 0.09700000 0.02959167
0 0.53887500 0.38313333 0.11025000 0.02560833
0 0.53737500 0.40580833 0.11725000 0.03095000
0 0.53000000 0.42915000 0.11000000 0.03763333
0 0.53162500 0.45849167 0.10075000 0.02965000
0 0.53912500 0.48733333 0.09575000 0.03066667
0 0.53200000 0.51634167 0.08400000 0.02868333
0 0.52950000 0.53751667 0.10900000 0.03436667
0 0.53487500 0.56969167 0.09225000 0.04205000
0 0.53150000 0.58253333 0.09300000 0.05106667
0 0.52600000 0.61487500 0.10200000 0.02907500
0 0.52912500 0.64371667 0.09575000 0.03009167
0 0.53062500 0.66789167 0.08875000 0.03510833
0 0.52750000 0.69806667 0.10500000 0.05213333
0 0.65625000 0.22009167 0.09750000 0.02617500
0 0.65775000 0.24425833 0.10050000 0.01785833
0 0.65800000 0.27177500 0.10600000 0.02954167
0 0.65487500 0.29377500 0.09225000 0.03355833
0 0.65525000 0.32645000 0.09550000 0.03224167
0 0.64600000 0.34945833 0.11200000 0.03159167
0 0.65637500 0.38280000 0.09525000 0.03160833
0 0.64225000 0.40580833 0.10950000 0.03095000
0 0.64537500 0.43881667 0.10325000 0.02364167
0 0.63900000 0.45832500 0.08800000 0.03265000
0 0.64162500 0.48800000 0.11075000 0.04534167
0 0.64425000 0.50800833 0.09350000 0.04535000
0 0.63687500 0.53685000 0.10625000 0.03303333
0 0.64300000 0.56452500 0.09600000 0.02838333
0 0.64175000 0.59320000 0.10850000 0.04573333
0 0.63600000 0.61670833 0.10200000 0.03607500
0 0.63512500 0.64271667 0.10775000 0.03475833
0 0.63550000 0.66955833 0.10100000 0.03177500
0 0.63987500 0.69956667 0.10225000 0.05180000
0 0.77650000 0.22025833 0.11300000 0.02317500
0 0.77712500 0.24910000 0.10175000 0.02419167
0 0.77412500 0.27494167 0.12575000 0.02587500
0 0.77075000 0.30094167 0.10650000 0.02455833
0 0.77200000 0.32845833 0.10400000 0.03624167
0 0.77062500 0.35962500 0.10275000 0.03677500
0 0.76150000 0.39080833 0.12300000 0.03428333
0 0.76175000 0.41247500 0.09850000 0.03095833
0 0.75950000 0.44899167 0.10900000 0.02730833
0 0.75200000 0.46582500 0.10400000 0.03099167
0 0.75537500 0.50167500 0.11325000 0.02600833
0 0.75550000 0.52584167 0.09100000 0.03102500
0 0.75700000 0.55185000 0.10400000 0.02970833
0 0.76062500 0.57919167 0.09875000 0.03105833
0 0.75412500 0.61120000 0.10575000 0.02840833
0 0.75350000 0.63587500 0.09700000 0.02441667
0 0.75125000 0.65855000 0.10750000 0.02976667
0 0.74887500 0.68189167 0.10025000 0.02311667
0 0.74862500 0.71106667 0.10475000 0.04480000
0 0.89225000 0.26660000 0.09950000 0.01586667
0 0.88487500 0.28994167 0.10225000 0.02255000
0 0.88462500 0.31928333 0.10675000 0.01456667
0 0.88075000 0.34445833 0.09650000 0.02825000
0 0.88387500 0.37180000 0.12025000 0.01626667
0 0.88025000 0.39697500 0.09550000 0.01660833
0 0.86325000 0.42465000 0.11150000 0.02530000
0 0.86662500 0.44648333 0.11075000 0.01897500
0 0.86700000 0.46632500 0.11400000 0.02198333
0 0.87550000 0.49666667 0.09100000 0.02267500
0 0.87762500 0.51984167 0.11275000 0.03235833
0 0.86362500 0.54251667 0.09475000 0.02436667
0 0.86612500 0.56935833 0.09975000 0.02138333
0 0.85850000 0.59120000 0.09700000 0.02839167
0 0.87050000 0.61320833 0.09100000 0.03240833
0 0.86450000 0.64521667 0.08900000 0.02975833
0 0.85600000 0.67255000 0.08200000 0.01777500
0 0.85687500 0.69339167 0.07625000 0.01611667
0 0.85400000 0.72106667 0.09800000 0.02480000
