0 0.57110833 0.37392500 0.18666667 0.03536250
0 0.57666667 0.41185000 0.19777500 0.02286875
0 0.57389167 0.43248125 0.18110833 0.01830000
0 0.57444167 0.45831875 0.17110833 0.02999375
0 0.57722500 0.47811875 0.19222500 0.03042500
0 0.57055833 0.50750000 0.15222500 0.03169375
0 0.57389167 0.53396875 0.18110833 0.02878125
0 0.56527500 0.56043125 0.15833333 0.03922500
0 0.57194167 0.60253125 0.17166667 0.03507500
0 0.55944167 0.63879375 0.15222500 0.04593750
0 0.56055833 0.68088750 0.15444167 0.04179375
0 0.56333333 0.71715000 0.14889167 0.05265625
0 0.56083333 0.75736875 0.14944167 0.05226250
0 0.55889167 0.78966875 0.14000000 0.04436250
0 0.76722500 0.34975000 0.14555833 0.02033750
0 0.76000000 0.38413125 0.14222500 0.02828125
0 0.76916667 0.40705625 0.15500000 0.02245625
0 0.75944167 0.43248125 0.15222500 0.03831875
0 0.76000000 0.44956875 0.16444167 0.02415000
0 0.74694167 0.47645000 0.15500000 0.01040625
0 0.75194167 0.52688750 0.15389167 0.01960625
0 0.74083333 0.57398125 0.14055833 0.02880625
0 0.74166667 0.61045000 0.13889167 0.03591875
0 0.73000000 0.64900000 0.14889167 0.03885625
0 0.72805833 0.68130625 0.16166667 0.04763125
0 0.72194167 0.71276875 0.13833333 0.03806250
0 0.71083333 0.74611875 0.13833333 0.04140625
0 0.92083333 0.51126250 0.15833333 0.06752500
0 0.92222292 0.57378125 0.15555417 0.05922500
0 0.91527500 0.68715000 0.16944167 0.08596875
0 0.90639167 0.61004375 0.17389167 0.07341875
0 0.90138958 0.64401250 0.19722083 0.07885625
0 0.90277500 0.71736875 0.19444167 0.09223750
0 0.91666667 0.77321250 0.16666667 0.05392500
0 0.93055625 0.33161875 0.13888750 0.01657500
0 0.91416667 0.36433750 0.12277500 0.03118750
0 0.90805833 0.40851875 0.12166667 0.02620625
0 0.91250000 0.44623750 0.13055833 0.02080625
