0 0.22508591 0.14600000 0.45017182 0.04511719
0 0.24054983 0.19210156 0.44673540 0.04358594
0 0.23367698 0.23020313 0.43298969 0.04556250
0 0.24527491 0.26751563 0.39604811 0.03034375
0 0.22422680 0.31167187 0.39690722 0.04834375
0 0.23883162 0.34175781 0.34020619 0.03820313
0 0.24398625 0.38239062 0.48797251 0.02571875
0 0.23152921 0.41130469 0.29982818 0.03667969
0 0.20790378 0.44392969 0.41580756 0.02771094
0 0.21864261 0.48476562 0.35996564 0.02734375
0 0.21993127 0.51211719 0.40549828 0.01954688
0 0.20532646 0.54728125 0.32474227 0.02738281
0 0.21434708 0.57346094 0.40292096 0.02504687
0 0.23926117 0.60609375 0.29810997 0.03171094
0 0.22079038 0.62972656 0.39003436 0.02821094
0 0.21735395 0.66235156 0.34879725 0.03800781
0 0.17010309 0.67329688 0.34020619 0.04113281
0 0.23410653 0.71588281 0.32216495 0.03412500
0 0.22680412 0.73776562 0.35051546 0.02163281
0 0.23539519 0.76765625 0.40206186 0.03376563
