0 0.10791667 0.27552500 0.20750000 0.02855625
0 0.11541667 0.31100625 0.22250000 0.02763750
0 0.12291667 0.34288750 0.23750000 0.02640625
0 0.11750000 0.36852500 0.20166667 0.03016875
0 0.11958333 0.39946875 0.23083333 0.02331250
0 0.12708333 0.43041250 0.19583333 0.02395625
0 0.13208333 0.45667500 0.18916667 0.03147500
0 0.14166667 0.48261875 0.20000000 0.02711250
0 0.14145833 0.50918750 0.20375000 0.01900000
0 0.14270833 0.53044375 0.19791667 0.01651250
0 0.15791667 0.56013750 0.20750000 0.01965625
0 0.15458333 0.57639375 0.20083333 0.02716875
0 0.15500000 0.59983750 0.19333333 0.01780000
0 0.17104167 0.63297500 0.18791667 0.02157500
0 0.16000000 0.77661250 0.20333333 0.02446875
0 0.16437500 0.81833750 0.19125000 0.03106250
0 0.17562500 0.86320000 0.20541667 0.03140000
0 0.35000000 0.30647500 0.25000000 0.03420000
0 0.35500000 0.34039375 0.22666667 0.03640625
0 0.35958333 0.37540000 0.22750000 0.03142500
0 0.35083333 0.40931875 0.21833333 0.03363125
0 0.36208333 0.44088750 0.23250000 0.02802500
0 0.36166667 0.47902500 0.20666667 0.02930000
0 0.36229167 0.50731250 0.21208333 0.02025000
0 0.36479167 0.53622500 0.20041667 0.02495625
0 0.36645833 0.56780000 0.20375000 0.01935000
0 0.36229167 0.59327500 0.19541667 0.02342500
0 0.37625000 0.62359375 0.19416667 0.01531875
0 0.36208333 0.64922500 0.19916667 0.02158750
0 0.37375000 0.67345625 0.22250000 0.01815625
0 0.36750000 0.70065000 0.18500000 0.02881250
0 0.37416667 0.71768750 0.18166667 0.02225000
0 0.37229167 0.75081875 0.16541667 0.02601875
0 0.38041667 0.77488750 0.16916667 0.01790625
0 0.38062500 0.80099375 0.18208333 0.02323750
0 0.37750000 0.82084375 0.17166667 0.01605625
0 0.38666667 0.84069375 0.17333333 0.02138125
0 0.60750000 0.29756875 0.24833333 0.04450625
0 0.60333333 0.33961250 0.24000000 0.03796875
0 0.60729167 0.37086875 0.25208333 0.02548125
0 0.60270833 0.40588125 0.21791667 0.03300625
0 0.60500000 0.44057500 0.22666667 0.03365000
0 0.59916667 0.46558125 0.19833333 0.03366875
0 0.59875000 0.49653125 0.22250000 0.02680625
0 0.60062500 0.52810000 0.20541667 0.02120000
0 0.58416667 0.55170000 0.20166667 0.02152500
0 0.57750000 0.58718125 0.18833333 0.02060625
0 0.58895833 0.60500000 0.19875000 0.02499375
0 0.57708333 0.63610000 0.19583333 0.01532500
0 0.57895833 0.65923125 0.19541667 0.02408750
0 0.58854167 0.68376875 0.20625000 0.03255000
0 0.57625000 0.70190000 0.19416667 0.01880000
0 0.58687500 0.73300625 0.16958333 0.02163125
0 0.57812500 0.75472500 0.17708333 0.01820625
0 0.58145833 0.77661250 0.15041667 0.02446875
0 0.57145833 0.81709375 0.14708333 0.03356250
0 0.85041667 0.29491250 0.20916667 0.04231875
0 0.85479167 0.33413750 0.21375000 0.03640000
0 0.83854167 0.37055625 0.22291667 0.03111250
0 0.83583333 0.39650000 0.20500000 0.02675000
0 0.83083333 0.43041875 0.19500000 0.02895625
0 0.82166667 0.45995625 0.19333333 0.03491250
0 0.81604167 0.48824375 0.19458333 0.02586250
0 0.81000000 0.51653750 0.17000000 0.02931875
0 0.80604167 0.54607500 0.17458333 0.02277500
0 0.79500000 0.57170625 0.15666667 0.02403750
0 0.78250000 0.59921250 0.16500000 0.02656250
0 0.78833333 0.62546875 0.17666667 0.01906875
0 0.77916667 0.64485000 0.14166667 0.02033125
0 0.77500000 0.67517500 0.16666667 0.02472500
0 0.78375000 0.69111250 0.14250000 0.01285625
0 0.76812500 0.71675000 0.14041667 0.02662500
0 0.75270833 0.79974375 0.13458333 0.03323750
0 0.76083333 0.75207500 0.12166667 0.02851875
