0 0.47944167 0.06091875 0.40555833 0.05434375
0 0.47944167 0.12156250 0.39222500 0.06313125
0 0.48222500 0.18450000 0.38666667 0.06400000
0 0.47000000 0.23785000 0.36222500 0.05403125
0 0.47750000 0.29390625 0.40500000 0.06198125
0 0.48110833 0.34787500 0.40666667 0.04075625
0 0.47916667 0.40101875 0.37500000 0.05120625
0 0.47500000 0.45186875 0.36110833 0.03623125
0 0.47750000 0.50125625 0.33833333 0.04751250
0 0.46889167 0.54543750 0.29333333 0.03586875
0 0.46472500 0.58503125 0.36833333 0.05673125
0 0.46527500 0.63483750 0.33610833 0.04384375
0 0.47027500 0.68151875 0.35722500 0.03720000
0 0.47055833 0.71965000 0.33000000 0.03430625
0 0.46889167 0.76320625 0.33777500 0.05058750
0 0.46222500 0.80134375 0.30222500 0.03101875
0 0.46333333 0.84218750 0.30444167 0.02937500
0 0.46305833 0.87657500 0.30944167 0.04398125
